50	-7.65431303883e-10
51	-7.809913467e-10
52	-7.96551389517e-10
53	-8.12111432334e-10
54	-8.27671475152e-10
55	-8.43231517969e-10
56	-8.58791560786e-10
57	-8.74351603603e-10
58	-8.8991164642e-10
59	-9.05471689238e-10
60	-9.21031732055e-10
61	-9.36591774872e-10
62	-9.52151817689e-10
63	-9.76096097987e-10
64	-1.008424632e-09
65	-1.04075316602e-09
66	-1.07308170003e-09
67	-1.10541023404e-09
68	-1.13773876806e-09
69	-1.17006730207e-09
70	-1.20239583609e-09
71	-1.2347243701e-09
72	-1.26705290411e-09
73	-1.29938143813e-09
74	-1.33170997214e-09
75	-1.36403850616e-09
76	-1.39636704017e-09
77	-1.42869557419e-09
78	-1.4610241082e-09
79	-1.49335264221e-09
80	-1.52568117623e-09
81	-1.55800971024e-09
82	-1.59033824426e-09
83	-1.62266677827e-09
84	-1.65499531229e-09
85	-1.6873238463e-09
86	-1.71965238031e-09
87	-1.75198091433e-09
88	-1.79241938602e-09
89	-1.84096781739e-09
90	-1.88951624876e-09
91	-1.93806468012e-09
92	-1.98661311149e-09
93	-2.03516154286e-09
94	-2.08370997422e-09
95	-2.13225840559e-09
96	-2.18080683695e-09
97	-2.22935526832e-09
98	-2.27790369969e-09
99	-2.32645213105e-09
100	-2.37500056242e-09
101	-2.42354899378e-09
102	-2.47209742515e-09
103	-2.52064585652e-09
104	-2.56919428788e-09
105	-2.61774271925e-09
106	-2.66629115061e-09
107	-2.71483958198e-09
108	-2.76338801335e-09
109	-2.81193644471e-09
110	-2.86048487608e-09
111	-2.90903330744e-09
112	-2.95758173881e-09
113	-3.03251368503e-09
114	-3.13382923808e-09
115	-3.23514479113e-09
116	-3.33646034417e-09
117	-3.43777589722e-09
118	-3.53909145027e-09
119	-3.64040700331e-09
120	-3.74172255636e-09
121	-3.84303810941e-09
122	-3.94435366246e-09
123	-4.0456692155e-09
124	-4.14698476855e-09
125	-4.2483003216e-09
126	-4.34961587464e-09
127	-4.45093142769e-09
128	-4.55224698074e-09
129	-4.65356253379e-09
130	-4.75487808683e-09
131	-4.85619363988e-09
132	-4.95750919293e-09
133	-5.05882474597e-09
134	-5.16014029902e-09
135	-5.26145585207e-09
136	-5.36277140512e-09
137	-5.46408695816e-09
138	-5.64733638923e-09
139	-5.9125200474e-09
140	-6.17770370558e-09
141	-6.44288736375e-09
142	-6.70807102192e-09
143	-6.97325468009e-09
144	-7.23843833827e-09
145	-7.50362199644e-09
146	-7.76880565461e-09
147	-8.03398931278e-09
148	-8.29917297095e-09
149	-8.56435662913e-09
150	-8.8295402873e-09
151	-9.09472394547e-09
152	-9.35990760364e-09
153	-9.62509126181e-09
154	-9.89027491999e-09
155	-1.01554585782e-08
156	-1.04206422363e-08
157	-1.06858258945e-08
158	-1.09510095527e-08
159	-1.12161932108e-08
160	-1.1481376869e-08
161	-1.17465605272e-08
162	-1.20117441854e-08
163	-1.24515982161e-08
164	-1.30661234988e-08
165	-1.36806487815e-08
166	-1.42951740642e-08
167	-1.49096993469e-08
168	-1.55242246296e-08
169	-1.61387499123e-08
170	-1.6753275195e-08
171	-1.73678004778e-08
172	-1.79823257605e-08
173	-1.85968510432e-08
174	-1.92113763259e-08
175	-1.98259016086e-08
176	-2.04404268913e-08
177	-2.1054952174e-08
178	-2.16694774567e-08
179	-2.22840027395e-08
180	-2.28985280222e-08
181	-2.35130533049e-08
182	-2.41275785876e-08
183	-2.47421038703e-08
184	-2.5356629153e-08
185	-2.59711544357e-08
186	-2.65856797184e-08
187	-2.72002050012e-08
188	-2.82029548445e-08
189	-2.95939315041e-08
190	-3.09849081637e-08
191	-3.23758848232e-08
192	-3.37668614828e-08
193	-3.51578381424e-08
194	-3.65488148019e-08
195	-3.79397914615e-08
196	-3.93307681211e-08
197	-4.07217447806e-08
198	-4.21127214402e-08
199	-4.35036980998e-08
200	-4.48946747593e-08
201	-4.62856514189e-08
202	-4.76766280785e-08
203	-4.9067604738e-08
204	-5.04585813976e-08
205	-5.18495580572e-08
206	-5.32405347167e-08
207	-5.46315113763e-08
208	-5.60224880359e-08
209	-5.74134646954e-08
210	-5.8804441355e-08
211	-6.01954180146e-08
212	-6.15863946741e-08
213	-6.42511612352e-08
214	-6.81897260848e-08
215	-7.21282909345e-08
216	-7.60668557842e-08
217	-8.00054206339e-08
218	-8.39439854835e-08
219	-8.78825503332e-08
220	-9.18211151829e-08
221	-9.57596800325e-08
222	-9.96982448822e-08
223	-1.03636809732e-07
224	-1.07575374582e-07
225	-1.11513939431e-07
226	-1.15452504281e-07
227	-1.19391069131e-07
228	-1.2332963398e-07
229	-1.2726819883e-07
230	-1.3120676368e-07
231	-1.35145328529e-07
232	-1.39083893379e-07
233	-1.43022458229e-07
234	-1.46961023078e-07
235	-1.50899587928e-07
236	-1.54838152778e-07
237	-1.58776717627e-07
238	-1.71139837499e-07
239	-1.91927574389e-07
240	-2.12715311279e-07
241	-2.33503048169e-07
242	-2.54290785059e-07
243	-2.75078521949e-07
244	-2.95866258839e-07
245	-3.16653995729e-07
246	-3.3744173262e-07
247	-3.5822946951e-07
248	-3.790172064e-07
249	-3.9980494329e-07
250	-4.2059268018e-07
251	-4.4138041707e-07
252	-4.6216815396e-07
253	-4.8295589085e-07
254	-5.0374362774e-07
255	-5.24531364631e-07
256	-5.45319101521e-07
257	-5.66106838411e-07
258	-5.86894575301e-07
259	-6.07682312191e-07
260	-6.28470049081e-07
261	-6.49257785971e-07
262	-6.70045522861e-07
263	-8.23317755205e-07
264	-1.10907556059e-06
265	-1.39483336598e-06
266	-1.68059117137e-06
267	-1.96634897676e-06
268	-2.25210678215e-06
269	-2.53786458754e-06
270	-2.82362239293e-06
271	-3.10938019831e-06
272	-3.3951380037e-06
273	-3.68089580909e-06
274	-3.96665361448e-06
275	-4.25241141987e-06
276	-4.53816922526e-06
277	-4.82392703065e-06
278	-5.10968483603e-06
279	-5.39544264142e-06
280	-5.68120044681e-06
281	-5.9669582522e-06
282	-6.25271605759e-06
283	-6.53847386298e-06
284	-6.82423166837e-06
285	-7.10998947376e-06
286	-7.39574727914e-06
287	-7.68150508453e-06
288	-6.97863680271e-06
289	-5.28713362664e-06
290	-3.59563045057e-06
291	-1.9041272745e-06
292	-2.12624098433e-07
293	1.47887907764e-06
294	3.17038225371e-06
295	4.86188542978e-06
296	6.55338860585e-06
297	8.24489178192e-06
298	9.93639495798e-06
299	1.16278981341e-05
300	1.33194013101e-05
301	1.50109044862e-05
302	1.67024076623e-05
303	1.83939108383e-05
304	2.00854140144e-05
305	2.17769171905e-05
306	2.34684203665e-05
307	2.51599235426e-05
308	2.68514267187e-05
309	2.85429298948e-05
310	3.02344330708e-05
311	3.19259362469e-05
312	3.3617439423e-05
313	4.50584320841e-05
314	6.62490086346e-05
315	8.74395851852e-05
316	0.000108630161736
317	0.000129820738286
318	0.000151011314837
319	0.000172201891387
320	0.000193392467938
321	0.000214583044488
322	0.000235773621039
323	0.00025696419759
324	0.00027815477414
325	0.000299345350691
326	0.000320535927241
327	0.000341726503792
328	0.000362917080342
329	0.000384107656893
330	0.000405298233443
331	0.000426488809994
332	0.000447679386544
333	0.000468869963095
334	0.000490060539645
335	0.000511251116196
336	0.000532441692747
337	0.000553632269297
338	0.000567869941637
339	0.000575154637057
340	0.000582439332476
341	0.000589724027895
342	0.000597008723314
343	0.000604293418734
344	0.000611578114153
345	0.000618862809572
346	0.000626147504991
347	0.00063343220041
348	0.00064071689583
349	0.000648001591249
350	0.000655286286668
351	0.000662570982087
352	0.000669855677506
353	0.000677140372926
354	0.000684425068345
355	0.000691709763764
356	0.000698994459183
357	0.000706279154603
358	0.000713563850022
359	0.000720848545441
360	0.00072813324086
361	0.000735417936279
362	0.000742702631699
363	0.000751142137506
364	0.000760736466673
365	0.000770330795839
366	0.000779925125006
367	0.000789519454173
368	0.00079911378334
369	0.000808708112506
370	0.000818302441673
371	0.00082789677084
372	0.000837491100006
373	0.000847085429173
374	0.00085667975834
375	0.000866274087507
376	0.000875868416673
377	0.00088546274584
378	0.000895057075007
379	0.000904651404173
380	0.00091424573334
381	0.000923840062507
382	0.000933434391674
383	0.00094302872084
384	0.000952623050007
385	0.000962217379174
386	0.00097181170834
387	0.000981406037507
388	0.000999943392689
389	0.00102742388126
390	0.00105490436984
391	0.00108238485841
392	0.00110986534699
393	0.00113734583556
394	0.00116482632414
395	0.00119230681271
396	0.00121978730129
397	0.00124726778986
398	0.00127474827844
399	0.00130222876701
400	0.00132970925559
401	0.00135718974416
402	0.00138467023274
403	0.00141215072131
404	0.00143963120989
405	0.00146711169846
406	0.00149459218704
407	0.00152207267561
408	0.00154955316419
409	0.00157703365276
410	0.00160451414134
411	0.00163199462991
412	0.00165947511849
413	0.0016718793091
414	0.00166920700906
415	0.00166653470902
416	0.00166386240898
417	0.00166119010893
418	0.00165851780889
419	0.00165584550885
420	0.00165317320881
421	0.00165050090876
422	0.00164782860872
423	0.00164515630868
424	0.00164248400864
425	0.00163981170859
426	0.00163713940855
427	0.00163446710851
428	0.00163179480847
429	0.00162912250842
430	0.00162645020838
431	0.00162377790834
432	0.0016211056083
433	0.00161843330825
434	0.00161576100821
435	0.00161308870817
436	0.00161041640813
437	0.00160774410808
438	0.00162166749392
439	0.0016521867906
440	0.00168270608728
441	0.00171322538396
442	0.00174374468064
443	0.00177426397732
444	0.001804783274
445	0.00183530257069
446	0.00186582186737
447	0.00189634116405
448	0.00192686046073
449	0.00195737975741
450	0.00198789905409
451	0.00201841835078
452	0.00204893764746
453	0.00207945694414
454	0.00210997624082
455	0.0021404955375
456	0.00217101483418
457	0.00220153413087
458	0.00223205342755
459	0.00226257272423
460	0.00229309202091
461	0.00232361131759
462	0.00235413061427
463	0.00236625347906
464	0.00235997964832
465	0.00235370581758
466	0.00234743198683
467	0.00234115815609
468	0.00233488432535
469	0.00232861049461
470	0.00232233666386
471	0.00231606283312
472	0.00230978900238
473	0.00230351517164
474	0.00229724134089
475	0.00229096751015
476	0.00228469367941
477	0.00227841984867
478	0.00227214601793
479	0.00226587218718
480	0.00225959835644
481	0.0022533245257
482	0.00224705069496
483	0.00224077686421
484	0.00223450303347
485	0.00222822920273
486	0.00222195537199
487	0.00221568154124
488	0.00222025396603
489	0.00223567281017
490	0.00225109165431
491	0.00226651049846
492	0.0022819293426
493	0.00229734818675
494	0.00231276703089
495	0.00232818587504
496	0.00234360471918
497	0.00235902356333
498	0.00237444240747
499	0.00238986125161
500	0.00240528009576
501	0.0024206989399
502	0.00243611778405
503	0.00245153662819
504	0.00246695547234
505	0.00248237431648
506	0.00249779316063
507	0.00251321200477
508	0.00252863084891
509	0.00254404969306
510	0.0025594685372
511	0.00257488738135
512	0.00259030622549
513	0.00262053747151
514	0.00266558135461
515	0.00271062523772
516	0.00275566912082
517	0.00280071300393
518	0.00284575688703
519	0.00289080077014
520	0.00293584465324
521	0.00298088853635
522	0.00302593241945
523	0.00307097630256
524	0.00311602018566
525	0.00316106406877
526	0.00320610795187
527	0.00325115183498
528	0.00329619571809
529	0.00334123960119
530	0.0033862834843
531	0.0034313273674
532	0.00347637125051
533	0.00352141513361
534	0.00356645901672
535	0.00361150289982
536	0.00365654678293
537	0.00370159066603
538	0.00371123989402
539	0.00368549387739
540	0.00365974786076
541	0.00363400184413
542	0.00360825582749
543	0.00358250981086
544	0.00355676379423
545	0.0035310177776
546	0.00350527176097
547	0.00347952574434
548	0.00345377972771
549	0.00342803371108
550	0.00340228769445
551	0.00337654167782
552	0.00335079566119
553	0.00332504964456
554	0.00329930362793
555	0.0032735576113
556	0.00324781159467
557	0.00322206557804
558	0.00319631956141
559	0.00317057354478
560	0.00314482752814
561	0.00311908151151
562	0.00309333549488
563	0.00308802827116
564	0.00310316019658
565	0.003118292122
566	0.00313342404742
567	0.00314855597285
568	0.00316368789827
569	0.00317881982369
570	0.00319395174911
571	0.00320908367453
572	0.00322421559995
573	0.00323934752537
574	0.0032544794508
575	0.00326961137622
576	0.00328474330164
577	0.00329987522706
578	0.00331500715248
579	0.0033301390779
580	0.00334527100332
581	0.00336040292875
582	0.00337553485417
583	0.00339066677959
584	0.00340579870501
585	0.00342093063043
586	0.00343606255585
587	0.00345119448127
588	0.00346795427751
589	0.00348634197418
590	0.00350472967086
591	0.00352311736754
592	0.00354150506421
593	0.00355989276089
594	0.00357828045757
595	0.00359666815424
596	0.00361505585092
597	0.0036334435476
598	0.00365183124428
599	0.00367021894095
600	0.00368860663763
601	0.00370699433431
602	0.00372538203098
603	0.00374376972766
604	0.00376215742434
605	0.00378054512101
606	0.00379893281769
607	0.00381732051437
608	0.00383570821105
609	0.00385409590772
610	0.0038724836044
611	0.00389087130108
612	0.00390925899775
613	0.00393136384531
614	0.00395718591429
615	0.00398300798327
616	0.00400883005225
617	0.00403465212123
618	0.00406047419021
619	0.00408629625919
620	0.00411211832817
621	0.00413794039716
622	0.00416376246614
623	0.00418958453512
624	0.0042154066041
625	0.00424122867308
626	0.00426705074206
627	0.00429287281104
628	0.00431869488002
629	0.004344516949
630	0.00437033901798
631	0.00439616108696
632	0.00442198315595
633	0.00444780522493
634	0.00447362729391
635	0.00449944936289
636	0.00452527143187
637	0.00455109350085
638	0.00456633658436
639	0.00457100047342
640	0.00457566436248
641	0.00458032825155
642	0.00458499214061
643	0.00458965602967
644	0.00459431991873
645	0.0045989838078
646	0.00460364769686
647	0.00460831158592
648	0.00461297547498
649	0.00461763936405
650	0.00462230325311
651	0.00462696714217
652	0.00463163103124
653	0.0046362949203
654	0.00464095880936
655	0.00464562269842
656	0.00465028658749
657	0.00465495047655
658	0.00465961436561
659	0.00466427825467
660	0.00466894214374
661	0.0046736060328
662	0.00467826992186
663	0.00466287620816
664	0.00462742447995
665	0.00459197275173
666	0.00455652102352
667	0.0045210692953
668	0.00448561756709
669	0.00445016583888
670	0.00441471411066
671	0.00437926238245
672	0.00434381065423
673	0.00430835892602
674	0.00427290719781
675	0.00423745546959
676	0.00420200374138
677	0.00416655201316
678	0.00413110028495
679	0.00409564855674
680	0.00406019682852
681	0.00402474510031
682	0.00398929337209
683	0.00395384164388
684	0.00391838991567
685	0.00388293818745
686	0.00384748645924
687	0.00381203473103
688	0.00373302794255
689	0.00361046516597
690	0.00348790238939
691	0.00336533961281
692	0.00324277683623
693	0.00312021405966
694	0.00299765128308
695	0.0028750885065
696	0.00275252572992
697	0.00262996295334
698	0.00250740017676
699	0.00238483740018
700	0.0022622746236
701	0.00213971184703
702	0.00201714907045
703	0.00189458629387
704	0.00177202351729
705	0.00164946074071
706	0.00152689796413
707	0.00140433518755
708	0.00128177241097
709	0.00115920963439
710	0.00103664685782
711	0.000914084081237
712	0.000791521304659
713	0.00071990574392
714	0.000699238523804
715	0.000678571303688
716	0.000657904083572
717	0.000637236863455
718	0.000616569643339
719	0.000595902423223
720	0.000575235203107
721	0.00055456798299
722	0.000533900762874
723	0.000513233542758
724	0.000492566322642
725	0.000471899102525
726	0.000451231882409
727	0.000430564662293
728	0.000409897442177
729	0.00038923022206
730	0.000368563001944
731	0.000347895781828
732	0.000327228561712
733	0.000306561341595
734	0.000285894121479
735	0.000265226901363
736	0.000244559681247
737	0.00022389246113
738	0.000209866551464
739	0.000202482104016
740	0.000195097656568
741	0.000187713209119
742	0.000180328761671
743	0.000172944314222
744	0.000165559866774
745	0.000158175419326
746	0.000150790971877
747	0.000143406524429
748	0.00013602207698
749	0.000128637629532
750	0.000121253182084
751	0.000113868734635
752	0.000106484287187
753	9.90998397384e-05
754	9.171539229e-05
755	8.43309448417e-05
756	7.69464973933e-05
757	6.95620499449e-05
758	6.21776024965e-05
759	5.47931550481e-05
760	4.74087075997e-05
761	4.00242601513e-05
762	3.26398127029e-05
763	2.79471820981e-05
764	2.59464319357e-05
765	2.39456817733e-05
766	2.19449316109e-05
767	1.99441814485e-05
768	1.79434312861e-05
769	1.59426811238e-05
770	1.39419309614e-05
771	1.1941180799e-05
772	9.94043063659e-06
773	7.9396804742e-06
774	5.93893031181e-06
775	3.93818014942e-06
776	1.93742998703e-06
777	-6.33201753586e-08
778	-2.06407033775e-06
779	-4.06482050014e-06
780	-6.06557066253e-06
781	-8.06632082492e-06
782	-1.00670709873e-05
783	-1.20678211497e-05
784	-1.40685713121e-05
785	-1.60693214745e-05
786	-1.80700716369e-05
787	-2.00708217993e-05
788	-2.15527616371e-05
789	-2.25158784906e-05
790	-2.34789953441e-05
791	-2.44421121977e-05
792	-2.54052290512e-05
793	-2.63683459048e-05
794	-2.73314627583e-05
795	-2.82945796118e-05
796	-2.92576964654e-05
797	-3.02208133189e-05
798	-3.11839301725e-05
799	-3.2147047026e-05
800	-3.31101638796e-05
801	-3.40732807331e-05
802	-3.50363975866e-05
803	-3.59995144402e-05
804	-3.69626312937e-05
805	-3.79257481473e-05
806	-3.88888650008e-05
807	-3.98519818543e-05
808	-4.08150987079e-05
809	-4.17782155614e-05
810	-4.2741332415e-05
811	-4.37044492685e-05
812	-4.4667566122e-05
813	-4.56032390677e-05
814	-4.65114674144e-05
815	-4.74196957611e-05
816	-4.83279241079e-05
817	-4.92361524546e-05
818	-5.01443808013e-05
819	-5.10526091481e-05
820	-5.19608374948e-05
821	-5.28690658416e-05
822	-5.37772941883e-05
823	-5.4685522535e-05
824	-5.55937508818e-05
825	-5.65019792285e-05
826	-5.74102075752e-05
827	-5.8318435922e-05
828	-5.92266642687e-05
829	-6.01348926155e-05
830	-6.10431209622e-05
831	-6.19513493089e-05
832	-6.28595776557e-05
833	-6.37678060024e-05
834	-6.46760343491e-05
835	-6.55842626959e-05
836	-6.64924910426e-05
837	-6.74007193893e-05
838	-6.82152101443e-05
839	-6.89359608749e-05
840	-6.96567116056e-05
841	-7.03774623362e-05
842	-7.10982130668e-05
843	-7.18189637974e-05
844	-7.25397145281e-05
845	-7.32604652587e-05
846	-7.39812159893e-05
847	-7.470196672e-05
848	-7.54227174506e-05
849	-7.61434681812e-05
850	-7.68642189118e-05
851	-7.75849696425e-05
852	-7.83057203731e-05
853	-7.90264711037e-05
854	-7.97472218344e-05
855	-8.0467972565e-05
856	-8.11887232956e-05
857	-8.19094740262e-05
858	-8.26302247569e-05
859	-8.33509754875e-05
860	-8.40717262181e-05
861	-8.47924769487e-05
862	-8.55132276794e-05
863	-8.53553210263e-05
864	-8.4318733507e-05
865	-8.32821459877e-05
866	-8.22455584685e-05
867	-8.12089709492e-05
868	-8.01723834299e-05
869	-7.91357959106e-05
870	-7.80992083914e-05
871	-7.70626208721e-05
872	-7.60260333528e-05
873	-7.49894458336e-05
874	-7.39528583143e-05
875	-7.2916270795e-05
876	-7.18796832758e-05
877	-7.08430957565e-05
878	-6.98065082372e-05
879	-6.8769920718e-05
880	-6.77333331987e-05
881	-6.66967456794e-05
882	-6.56601581602e-05
883	-6.46235706409e-05
884	-6.35869831216e-05
885	-6.25503956023e-05
886	-6.15138080831e-05
887	-6.04772205638e-05
888	-6.06583142266e-05
889	-6.20571225577e-05
890	-6.34559308889e-05
891	-6.485473922e-05
892	-6.62535475511e-05
893	-6.76523558822e-05
894	-6.90511642133e-05
895	-7.04499725444e-05
896	-7.18487808756e-05
897	-7.32475892067e-05
898	-7.46463975378e-05
899	-7.60452058689e-05
900	-7.74440142e-05
901	-7.88428225311e-05
902	-8.02416308623e-05
903	-8.16404391934e-05
904	-8.30392475245e-05
905	-8.44380558556e-05
906	-8.58368641867e-05
907	-8.72356725179e-05
908	-8.8634480849e-05
909	-9.00332891801e-05
910	-9.14320975112e-05
911	-9.28309058423e-05
912	-9.42297141734e-05
913	-9.46176515703e-05
914	-9.39946894508e-05
915	-9.33717273314e-05
916	-9.2748765212e-05
917	-9.21258030925e-05
918	-9.15028409731e-05
919	-9.08798788537e-05
920	-9.02569167342e-05
921	-8.96339546148e-05
922	-8.90109924953e-05
923	-8.83880303759e-05
924	-8.77650682565e-05
925	-8.7142106137e-05
926	-8.65191440176e-05
927	-8.58961818982e-05
928	-8.52732197787e-05
929	-8.46502576593e-05
930	-8.40272955398e-05
931	-8.34043334204e-05
932	-8.2781371301e-05
933	-8.21584091815e-05
934	-8.15354470621e-05
935	-8.09124849427e-05
936	-8.02895228232e-05
937	-7.96665607038e-05
938	-7.97547417958e-05
939	-8.05540867576e-05
940	-8.13534317194e-05
941	-8.21527766812e-05
942	-8.2952121643e-05
943	-8.37514666048e-05
944	-8.45508115666e-05
945	-8.53501565284e-05
946	-8.61495014902e-05
947	-8.6948846452e-05
948	-8.77481914138e-05
949	-8.85475363756e-05
950	-8.93468813374e-05
951	-9.01462262992e-05
952	-9.0945571261e-05
953	-9.17449162228e-05
954	-9.25442611846e-05
955	-9.33436061464e-05
956	-9.41429511081e-05
957	-9.49422960699e-05
958	-9.57416410317e-05
959	-9.65409859935e-05
960	-9.73403309553e-05
961	-9.81396759171e-05
962	-9.89390208789e-05
963	-9.90088848135e-05
964	-9.83492459649e-05
965	-9.76896071163e-05
966	-9.70299682677e-05
967	-9.63703294191e-05
968	-9.57106905705e-05
969	-9.50510517219e-05
970	-9.43914128733e-05
971	-9.37317740247e-05
972	-9.30721351761e-05
973	-9.24124963275e-05
974	-9.17528574789e-05
975	-9.10932186303e-05
976	-9.04335797817e-05
977	-8.97739409331e-05
978	-8.91143020845e-05
979	-8.84546632359e-05
980	-8.77950243873e-05
981	-8.71353855387e-05
982	-8.64757466901e-05
983	-8.58161078415e-05
984	-8.51564689929e-05
985	-8.44968301443e-05
986	-8.38371912957e-05
987	-8.31775524471e-05
988	-8.26529011306e-05
989	-8.22632414766e-05
990	-8.18735818225e-05
991	-8.14839221685e-05
992	-8.10942625145e-05
993	-8.07046028605e-05
994	-8.03149432065e-05
995	-7.99252835525e-05
996	-7.95356238985e-05
997	-7.91459642444e-05
998	-7.87563045904e-05
999	-7.83666449364e-05
1000	-7.79769852824e-05
1001	-7.75873256284e-05
1002	-7.71976659744e-05
1003	-7.68080063203e-05
1004	-7.64183466663e-05
1005	-7.60286870123e-05
1006	-7.56390273583e-05
1007	-7.52493677043e-05
1008	-7.48597080503e-05
1009	-7.44700483963e-05
1010	-7.40803887422e-05
1011	-7.36907290882e-05
1012	-7.33010694342e-05
1013	-7.35572413201e-05
1014	-7.44592650078e-05
1015	-7.53612886954e-05
1016	-7.62633123831e-05
1017	-7.71653360708e-05
1018	-7.80673597584e-05
1019	-7.89693834461e-05
1020	-7.98714071337e-05
1021	-8.07734308214e-05
1022	-8.16754545091e-05
1023	-8.25774781967e-05
1024	-8.34795018844e-05
1025	-8.4381525572e-05
1026	-8.52835492597e-05
1027	-8.61855729474e-05
1028	-8.7087596635e-05
1029	-8.79896203227e-05
1030	-8.88916440103e-05
1031	-8.9793667698e-05
1032	-9.06956913857e-05
1033	-9.15977150733e-05
1034	-9.2499738761e-05
1035	-9.34017624486e-05
1036	-9.43037861363e-05
1037	-9.5205809824e-05
1038	-9.55948428402e-05
1039	-9.54708686934e-05
1040	-9.53468945466e-05
1041	-9.52229203998e-05
1042	-9.5098946253e-05
1043	-9.49749721063e-05
1044	-9.48509979595e-05
1045	-9.47270238127e-05
1046	-9.46030496659e-05
1047	-9.44790755191e-05
1048	-9.43551013723e-05
1049	-9.42311272255e-05
1050	-9.41071530787e-05
1051	-9.3983178932e-05
1052	-9.38592047852e-05
1053	-9.37352306384e-05
1054	-9.36112564916e-05
1055	-9.34872823448e-05
1056	-9.3363308198e-05
1057	-9.32393340512e-05
1058	-9.31153599044e-05
1059	-9.29913857577e-05
1060	-9.28674116109e-05
1061	-9.27434374641e-05
1062	-9.26194633173e-05
1063	-9.22009876873e-05
1064	-9.14880008785e-05
1065	-9.07750140696e-05
1066	-9.00620272607e-05
1067	-8.93490404518e-05
1068	-8.86360536429e-05
1069	-8.79230668341e-05
1070	-8.72100800252e-05
1071	-8.64970932163e-05
1072	-8.57841064074e-05
1073	-8.50711195986e-05
1074	-8.43581327897e-05
1075	-8.36451459808e-05
1076	-8.29321591719e-05
1077	-8.2219172363e-05
1078	-8.15061855542e-05
1079	-8.07931987453e-05
1080	-8.00802119364e-05
1081	-7.93672251275e-05
1082	-7.86542383187e-05
1083	-7.79412515098e-05
1084	-7.72282647009e-05
1085	-7.6515277892e-05
1086	-7.58022910831e-05
1087	-7.50893042743e-05
1088	-7.34792992902e-05
1089	-7.0972245904e-05
1090	-6.84651925178e-05
1091	-6.59581391315e-05
1092	-6.34510857453e-05
1093	-6.09440323591e-05
1094	-5.84369789728e-05
1095	-5.59299255866e-05
1096	-5.34228722003e-05
1097	-5.09158188141e-05
1098	-4.84087654279e-05
1099	-4.59017120416e-05
1100	-4.33946586554e-05
1101	-4.08876052692e-05
1102	-3.83805518829e-05
1103	-3.58734984967e-05
1104	-3.33664451105e-05
1105	-3.08593917242e-05
1106	-2.8352338338e-05
1107	-2.58452849517e-05
1108	-2.33382315655e-05
1109	-2.08311781793e-05
1110	-1.8324124793e-05
1111	-1.58170714068e-05
1112	-1.33100180206e-05
1113	-1.18600176099e-05
1114	-1.14671066135e-05
1115	-1.10741956171e-05
1116	-1.06812846207e-05
1117	-1.02883736242e-05
1118	-9.89546262783e-06
1119	-9.50255163141e-06
1120	-9.10964063499e-06
1121	-8.71672963857e-06
1122	-8.32381864215e-06
1123	-7.93090764574e-06
1124	-7.53799664932e-06
1125	-7.1450856529e-06
1126	-6.75217465648e-06
1127	-6.35926366006e-06
1128	-5.96635266365e-06
1129	-5.57344166723e-06
1130	-5.18053067081e-06
1131	-4.78761967439e-06
1132	-4.39470867797e-06
1133	-4.00179768156e-06
1134	-3.60888668514e-06
1135	-3.21597568872e-06
1136	-2.8230646923e-06
1137	-2.43015369588e-06
1138	-2.18668582301e-06
1139	-2.09266634103e-06
1140	-1.99864685906e-06
1141	-1.90462737708e-06
1142	-1.81060789511e-06
1143	-1.71658841314e-06
1144	-1.62256893116e-06
1145	-1.52854944919e-06
1146	-1.43452996721e-06
1147	-1.34051048524e-06
1148	-1.24649100326e-06
1149	-1.15247152129e-06
1150	-1.05845203931e-06
1151	-9.64432557339e-07
1152	-8.70413075365e-07
1153	-7.7639359339e-07
1154	-6.82374111416e-07
1155	-5.88354629441e-07
1156	-4.94335147466e-07
1157	-4.00315665492e-07
1158	-3.06296183517e-07
1159	-2.12276701543e-07
1160	-1.18257219568e-07
1161	-2.42377375937e-08
1162	6.97817443808e-08
1163	1.27224768747e-07
1164	1.48090017976e-07
1165	1.68955267205e-07
1166	1.89820516434e-07
1167	2.10685765663e-07
1168	2.31551014892e-07
1169	2.5241626412e-07
1170	2.73281513349e-07
1171	2.94146762578e-07
1172	3.15012011807e-07
1173	3.35877261036e-07
1174	3.56742510264e-07
1175	3.77607759493e-07
1176	3.98473008722e-07
1177	4.19338257951e-07
1178	4.4020350718e-07
1179	4.61068756409e-07
1180	4.81934005637e-07
1181	5.02799254866e-07
1182	5.23664504095e-07
1183	5.44529753324e-07
1184	5.65395002553e-07
1185	5.86260251781e-07
1186	6.0712550101e-07
1187	6.27990750239e-07
1188	6.46113168807e-07
1189	6.61492655789e-07
1190	6.76872142771e-07
1191	6.92251629754e-07
1192	7.07631116736e-07
1193	7.23010603718e-07
1194	7.383900907e-07
1195	7.53769577682e-07
1196	7.69149064664e-07
1197	7.84528551646e-07
1198	7.99908038629e-07
1199	8.15287525611e-07
1200	8.30667012593e-07
1201	8.46046499575e-07
1202	8.61425986557e-07
1203	8.76805473539e-07
1204	8.92184960521e-07
1205	9.07564447504e-07
1206	9.22943934486e-07
1207	9.38323421468e-07
1208	9.5370290845e-07
1209	9.69082395432e-07
1210	9.84461882414e-07
1211	9.99841369396e-07
1212	1.01522085638e-06
1213	1.0236479987e-06
1214	1.02512253515e-06
1215	1.02659707161e-06
1216	1.02807160806e-06
1217	1.02954614452e-06
1218	1.03102068097e-06
1219	1.03249521743e-06
1220	1.03396975388e-06
1221	1.03544429034e-06
1222	1.03691882679e-06
1223	1.03839336325e-06
1224	1.0398678997e-06
1225	1.04134243616e-06
1226	1.04281697261e-06
1227	1.04429150907e-06
1228	1.04576604552e-06
1229	1.04724058198e-06
1230	1.04871511843e-06
1231	1.05018965489e-06
1232	1.05166419134e-06
1233	1.0531387278e-06
1234	1.05461326425e-06
1235	1.05608780071e-06
1236	1.05756233716e-06
1237	1.05903687362e-06
1238	1.06646193712e-06
1239	1.07983775585e-06
1240	1.09321357457e-06
1241	1.1065893933e-06
1242	1.11996521203e-06
1243	1.13334103075e-06
1244	1.14671684948e-06
1245	1.16009266821e-06
1246	1.17346848693e-06
1247	1.18684430566e-06
1248	1.20022012438e-06
1249	1.21359594311e-06
1250	1.22697176184e-06
1251	1.24034758056e-06
1252	1.25372339929e-06
1253	1.26709921802e-06
1254	1.28047503674e-06
1255	1.29385085547e-06
1256	1.3072266742e-06
1257	1.32060249292e-06
1258	1.33397831165e-06
1259	1.34735413037e-06
1260	1.3607299491e-06
1261	1.37410576783e-06
1262	1.38748158655e-06
1263	1.38733993048e-06
1264	1.37368027081e-06
1265	1.36002061115e-06
1266	1.34636095148e-06
1267	1.33270129181e-06
1268	1.31904163214e-06
1269	1.30538197247e-06
1270	1.2917223128e-06
1271	1.27806265313e-06
1272	1.26440299347e-06
1273	1.2507433338e-06
1274	1.23708367413e-06
1275	1.22342401446e-06
1276	1.20976435479e-06
1277	1.19610469512e-06
1278	1.18244503545e-06
1279	1.16878537579e-06
1280	1.15512571612e-06
1281	1.14146605645e-06
1282	1.12780639678e-06
1283	1.11414673711e-06
1284	1.10048707744e-06
1285	1.08682741777e-06
1286	1.07316775811e-06
1287	1.05950809844e-06
1288	1.0537550131e-06
1289	1.05590881751e-06
1290	1.05806262192e-06
1291	1.06021642634e-06
1292	1.06237023075e-06
1293	1.06452403517e-06
1294	1.06667783958e-06
1295	1.06883164399e-06
1296	1.07098544841e-06
1297	1.07313925282e-06
1298	1.07529305723e-06
1299	1.07744686165e-06
1300	1.07960066606e-06
1301	1.08175447048e-06
1302	1.08390827489e-06
1303	1.0860620793e-06
1304	1.08821588372e-06
1305	1.09036968813e-06
1306	1.09252349255e-06
1307	1.09467729696e-06
1308	1.09683110137e-06
1309	1.09898490579e-06
1310	1.1011387102e-06
1311	1.10329251462e-06
1312	1.10544631903e-06
1313	1.10967584833e-06
1314	1.11598118693e-06
1315	1.12228652553e-06
1316	1.12859186413e-06
1317	1.13489720273e-06
1318	1.14120254133e-06
1319	1.14750787993e-06
1320	1.15381321853e-06
1321	1.16011855713e-06
1322	1.16642389573e-06
1323	1.17272923433e-06
1324	1.17903457293e-06
1325	1.18533991153e-06
1326	1.19164525013e-06
1327	1.19795058873e-06
1328	1.20425592733e-06
1329	1.21056126594e-06
1330	1.21686660454e-06
1331	1.22317194314e-06
1332	1.22947728174e-06
1333	1.23578262034e-06
1334	1.24208795894e-06
1335	1.24839329754e-06
1336	1.25469863614e-06
1337	1.26100397474e-06
1338	1.26098832668e-06
1339	1.25465142999e-06
1340	1.2483145333e-06
1341	1.24197763661e-06
1342	1.23564073992e-06
1343	1.22930384323e-06
1344	1.22296694654e-06
1345	1.21663004985e-06
1346	1.21029315316e-06
1347	1.20395625647e-06
1348	1.19761935978e-06
1349	1.19128246309e-06
1350	1.1849455664e-06
1351	1.17860866971e-06
1352	1.17227177302e-06
1353	1.16593487633e-06
1354	1.15959797964e-06
1355	1.15326108295e-06
1356	1.14692418626e-06
1357	1.14058728957e-06
1358	1.13425039288e-06
1359	1.12791349619e-06
1360	1.1215765995e-06
1361	1.11523970281e-06
1362	1.10890280612e-06
1363	1.10994016248e-06
1364	1.11835208322e-06
1365	1.12676400395e-06
1366	1.13517592469e-06
1367	1.14358784543e-06
1368	1.15199976616e-06
1369	1.1604116869e-06
1370	1.16882360764e-06
1371	1.17723552838e-06
1372	1.18564744911e-06
1373	1.19405936985e-06
1374	1.20247129059e-06
1375	1.21088321132e-06
1376	1.21929513206e-06
1377	1.2277070528e-06
1378	1.23611897354e-06
1379	1.24453089427e-06
1380	1.25294281501e-06
1381	1.26135473575e-06
1382	1.26976665649e-06
1383	1.27817857722e-06
1384	1.28659049796e-06
1385	1.2950024187e-06
1386	1.30341433943e-06
1387	1.31182626017e-06
1388	1.3131088778e-06
1389	1.3072618858e-06
1390	1.30141489381e-06
1391	1.29556790181e-06
1392	1.28972090982e-06
1393	1.28387391782e-06
1394	1.27802692583e-06
1395	1.27217993383e-06
1396	1.26633294184e-06
1397	1.26048594984e-06
1398	1.25463895785e-06
1399	1.24879196585e-06
1400	1.24294497386e-06
1401	1.23709798186e-06
1402	1.23125098987e-06
1403	1.22540399787e-06
1404	1.21955700588e-06
1405	1.21371001388e-06
1406	1.20786302189e-06
1407	1.20201602989e-06
1408	1.1961690379e-06
1409	1.1903220459e-06
1410	1.18447505391e-06
1411	1.17862806191e-06
1412	1.17278106992e-06
1413	1.16809447695e-06
1414	1.16456833379e-06
1415	1.16104219063e-06
1416	1.15751604747e-06
1417	1.15398990431e-06
1418	1.15046376115e-06
1419	1.14693761799e-06
1420	1.14341147483e-06
1421	1.13988533167e-06
1422	1.13635918851e-06
1423	1.13283304535e-06
1424	1.1293069022e-06
1425	1.12578075904e-06
1426	1.12225461588e-06
1427	1.11872847272e-06
1428	1.11520232956e-06
1429	1.1116761864e-06
1430	1.10815004324e-06
1431	1.10462390008e-06
1432	1.10109775692e-06
1433	1.09757161376e-06
1434	1.0940454706e-06
1435	1.09051932744e-06
1436	1.08699318429e-06
1437	1.08346704113e-06
1438	1.08344997198e-06
1439	1.08694213313e-06
1440	1.09043429429e-06
1441	1.09392645545e-06
1442	1.09741861661e-06
1443	1.10091077777e-06
1444	1.10440293893e-06
1445	1.10789510009e-06
1446	1.11138726125e-06
1447	1.11487942241e-06
1448	1.11837158357e-06
1449	1.12186374473e-06
1450	1.12535590589e-06
1451	1.12884806704e-06
1452	1.1323402282e-06
1453	1.13583238936e-06
1454	1.13932455052e-06
1455	1.14281671168e-06
1456	1.14630887284e-06
1457	1.149801034e-06
1458	1.15329319516e-06
1459	1.15678535632e-06
1460	1.16027751748e-06
1461	1.16376967864e-06
1462	1.1672618398e-06
1463	1.1615749038e-06
1464	1.14670845469e-06
1465	1.13184200557e-06
1466	1.11697555646e-06
1467	1.10210910734e-06
1468	1.08724265823e-06
1469	1.07237620911e-06
1470	1.05750975999e-06
1471	1.04264331088e-06
1472	1.02777686176e-06
1473	1.01291041265e-06
1474	9.98043963532e-07
1475	9.83177514417e-07
1476	9.68311065301e-07
1477	9.53444616186e-07
1478	9.3857816707e-07
1479	9.23711717955e-07
1480	9.08845268839e-07
1481	8.93978819724e-07
1482	8.79112370608e-07
1483	8.64245921493e-07
1484	8.49379472377e-07
1485	8.34513023262e-07
1486	8.19646574146e-07
1487	8.0478012503e-07
1488	7.84478471771e-07
1489	7.5874136385e-07
1490	7.33004255928e-07
1491	7.07267148007e-07
1492	6.81530040085e-07
1493	6.55792932163e-07
1494	6.30055824242e-07
1495	6.0431871632e-07
1496	5.78581608399e-07
1497	5.52844500477e-07
1498	5.27107392556e-07
1499	5.01370284634e-07
1500	4.75633176712e-07
1501	4.49896068791e-07
1502	4.24158960869e-07
1503	3.98421852948e-07
1504	3.72684745026e-07
1505	3.46947637104e-07
1506	3.21210529183e-07
1507	2.95473421261e-07
1508	2.6973631334e-07
1509	2.43999205418e-07
1510	2.18262097496e-07
1511	1.92524989575e-07
1512	1.66787881653e-07
1513	1.51363983969e-07
1514	1.46253779868e-07
1515	1.41143575767e-07
1516	1.36033371666e-07
1517	1.30923167565e-07
1518	1.25812963464e-07
1519	1.20702759363e-07
1520	1.15592555262e-07
1521	1.10482351161e-07
1522	1.0537214706e-07
1523	1.00261942959e-07
1524	9.51517388578e-08
1525	9.00415347567e-08
1526	8.49313306557e-08
1527	7.98211265546e-08
1528	7.47109224536e-08
1529	6.96007183525e-08
1530	6.44905142515e-08
1531	5.93803101505e-08
1532	5.42701060494e-08
1533	4.91599019484e-08
1534	4.40496978473e-08
1535	3.89394937463e-08
1536	3.38292896452e-08
1537	2.87190855442e-08
1538	2.56145255425e-08
1539	2.45157051918e-08
1540	2.34168848411e-08
1541	2.23180644904e-08
1542	2.12192441397e-08
1543	2.0120423789e-08
1544	1.90216034383e-08
1545	1.79227830876e-08
1546	1.68239627368e-08
1547	1.57251423861e-08
1548	1.46263220354e-08
1549	1.35275016847e-08
1550	1.2428681334e-08
1551	1.13298609833e-08
1552	1.02310406326e-08
1553	9.13222028185e-09
1554	8.03339993114e-09
1555	6.93457958043e-09
1556	5.83575922972e-09
1557	4.736938879e-09
1558	3.63811852829e-09
1559	2.53929817758e-09
1560	1.44047782687e-09
1561	3.41657476154e-10
1562	-7.57162874558e-10
1563	-1.46197750895e-09
1564	-1.77276735086e-09
1565	-2.08355719276e-09
1566	-2.39434703467e-09
1567	-2.70513687657e-09
1568	-3.01592671848e-09
1569	-3.32671656038e-09
1570	-3.63750640229e-09
1571	-3.94829624419e-09
1572	-4.2590860861e-09
1573	-4.569875928e-09
1574	-4.88066576991e-09
1575	-5.19145561182e-09
1576	-5.50224545372e-09
1577	-5.81303529563e-09
1578	-6.12382513753e-09
1579	-6.43461497944e-09
1580	-6.74540482134e-09
1581	-7.05619466325e-09
1582	-7.36698450515e-09
1583	-7.67777434706e-09
1584	-7.98856418896e-09
1585	-8.29935403087e-09
1586	-8.61014387278e-09
1587	-8.92093371468e-09
1588	-9.1390472621e-09
1589	-9.26447995622e-09
1590	-9.38991265033e-09
1591	-9.51534534445e-09
1592	-9.64077803857e-09
1593	-9.76621073269e-09
1594	-9.89164342681e-09
1595	-1.00170761209e-08
1596	-1.0142508815e-08
1597	-1.02679415092e-08
1598	-1.03933742033e-08
1599	-1.05188068974e-08
1600	-1.06442395915e-08
1601	-1.07696722856e-08
1602	-1.08951049798e-08
1603	-1.10205376739e-08
1604	-1.1145970368e-08
1605	-1.12714030621e-08
1606	-1.13968357562e-08
1607	-1.15222684504e-08
1608	-1.16477011445e-08
1609	-1.17731338386e-08
1610	-1.18985665327e-08
1611	-1.20239992268e-08
1612	-1.2149431921e-08
1613	-1.22485314739e-08
1614	-1.232129657e-08
1615	-1.2394061666e-08
1616	-1.24668267621e-08
1617	-1.25395918581e-08
1618	-1.26123569542e-08
1619	-1.26851220503e-08
1620	-1.27578871463e-08
1621	-1.28306522424e-08
1622	-1.29034173384e-08
1623	-1.29761824345e-08
1624	-1.30489475305e-08
1625	-1.31217126266e-08
1626	-1.31944777227e-08
1627	-1.32672428187e-08
1628	-1.33400079148e-08
1629	-1.34127730108e-08
1630	-1.34855381069e-08
1631	-1.35583032029e-08
1632	-1.3631068299e-08
1633	-1.37038333951e-08
1634	-1.37765984911e-08
1635	-1.38493635872e-08
1636	-1.39221286832e-08
1637	-1.39948937793e-08
1638	-1.39758224894e-08
1639	-1.38649101539e-08
1640	-1.37539978184e-08
1641	-1.36430854829e-08
1642	-1.35321731473e-08
1643	-1.34212608118e-08
1644	-1.33103484763e-08
1645	-1.31994361407e-08
1646	-1.30885238052e-08
1647	-1.29776114697e-08
1648	-1.28666991342e-08
1649	-1.27557867986e-08
1650	-1.26448744631e-08
1651	-1.25339621276e-08
1652	-1.2423049792e-08
1653	-1.23121374565e-08
1654	-1.2201225121e-08
1655	-1.20903127855e-08
1656	-1.19794004499e-08
1657	-1.18684881144e-08
1658	-1.17575757789e-08
1659	-1.16466634433e-08
1660	-1.15357511078e-08
1661	-1.14248387723e-08
1662	-1.13139264368e-08
1663	-1.13503584453e-08
1664	-1.15341423883e-08
1665	-1.17179263312e-08
1666	-1.19017102742e-08
1667	-1.20854942172e-08
1668	-1.22692781602e-08
1669	-1.24530621032e-08
1670	-1.26368460461e-08
1671	-1.28206299891e-08
1672	-1.30044139321e-08
1673	-1.31881978751e-08
1674	-1.3371981818e-08
1675	-1.3555765761e-08
1676	-1.3739549704e-08
1677	-1.3923333647e-08
1678	-1.410711759e-08
1679	-1.42909015329e-08
1680	-1.44746854759e-08
1681	-1.46584694189e-08
1682	-1.48422533619e-08
1683	-1.50260373048e-08
1684	-1.52098212478e-08
1685	-1.53936051908e-08
1686	-1.55773891338e-08
1687	-1.57611730767e-08
1688	-1.58352621268e-08
1689	-1.5799650548e-08
1690	-1.57640389692e-08
1691	-1.57284273905e-08
1692	-1.56928158117e-08
1693	-1.56572042329e-08
1694	-1.56215926541e-08
1695	-1.55859810754e-08
1696	-1.55503694966e-08
1697	-1.55147579178e-08
1698	-1.5479146339e-08
1699	-1.54435347603e-08
1700	-1.54079231815e-08
1701	-1.53723116027e-08
1702	-1.53367000239e-08
1703	-1.53010884452e-08
1704	-1.52654768664e-08
1705	-1.52298652876e-08
1706	-1.51942537088e-08
1707	-1.51586421301e-08
1708	-1.51230305513e-08
1709	-1.50874189725e-08
1710	-1.50518073937e-08
1711	-1.5016195815e-08
1712	-1.49805842362e-08
1713	-1.49486716202e-08
1714	-1.49204581633e-08
1715	-1.48922447064e-08
1716	-1.48640312495e-08
1717	-1.48358177926e-08
1718	-1.48076043357e-08
1719	-1.47793908788e-08
1720	-1.47511774219e-08
1721	-1.4722963965e-08
1722	-1.46947505081e-08
1723	-1.46665370512e-08
1724	-1.46383235943e-08
1725	-1.46101101374e-08
1726	-1.45818966805e-08
1727	-1.45536832236e-08
1728	-1.45254697667e-08
1729	-1.44972563098e-08
1730	-1.44690428528e-08
1731	-1.44408293959e-08
1732	-1.4412615939e-08
1733	-1.43844024821e-08
1734	-1.43561890252e-08
1735	-1.43279755683e-08
1736	-1.42997621114e-08
1737	-1.42715486545e-08
1738	-1.42932175055e-08
1739	-1.43647713499e-08
1740	-1.44363251943e-08
1741	-1.45078790387e-08
1742	-1.45794328831e-08
1743	-1.46509867275e-08
1744	-1.47225405719e-08
1745	-1.47940944163e-08
1746	-1.48656482607e-08
1747	-1.4937202105e-08
1748	-1.50087559494e-08
1749	-1.50803097938e-08
1750	-1.51518636382e-08
1751	-1.52234174826e-08
1752	-1.5294971327e-08
1753	-1.53665251714e-08
1754	-1.54380790158e-08
1755	-1.55096328602e-08
1756	-1.55811867046e-08
1757	-1.5652740549e-08
1758	-1.57242943934e-08
1759	-1.57958482378e-08
1760	-1.58674020822e-08
1761	-1.59389559266e-08
1762	-1.6010509771e-08
1763	-1.60201010315e-08
1764	-1.59677263241e-08
1765	-1.59153516167e-08
1766	-1.58629769093e-08
1767	-1.58106022019e-08
1768	-1.57582274945e-08
1769	-1.57058527871e-08
1770	-1.56534780797e-08
1771	-1.56011033723e-08
1772	-1.55487286649e-08
1773	-1.54963539575e-08
1774	-1.54439792501e-08
1775	-1.53916045427e-08
1776	-1.53392298353e-08
1777	-1.52868551279e-08
1778	-1.52344804205e-08
1779	-1.51821057131e-08
1780	-1.51297310057e-08
1781	-1.50773562983e-08
1782	-1.5024981591e-08
1783	-1.49726068836e-08
1784	-1.49202321762e-08
1785	-1.48678574688e-08
1786	-1.48154827614e-08
1787	-1.4763108054e-08
1788	-1.47924231215e-08
1789	-1.49034324886e-08
1790	-1.50144418557e-08
1791	-1.51254512228e-08
1792	-1.52364605899e-08
1793	-1.5347469957e-08
1794	-1.54584793241e-08
1795	-1.55694886913e-08
1796	-1.56804980584e-08
1797	-1.57915074255e-08
1798	-1.59025167926e-08
1799	-1.60135261597e-08
1800	-1.61245355268e-08
1801	-1.62355448939e-08
1802	-1.6346554261e-08
1803	-1.64575636281e-08
1804	-1.65685729952e-08
1805	-1.66795823623e-08
1806	-1.67905917294e-08
1807	-1.69016010965e-08
1808	-1.70126104636e-08
1809	-1.71236198308e-08
1810	-1.72346291979e-08
1811	-1.7345638565e-08
1812	-1.74566479321e-08
1813	-1.74101970066e-08
1814	-1.7206276945e-08
1815	-1.70023568835e-08
1816	-1.6798436822e-08
1817	-1.65945167604e-08
1818	-1.63905966989e-08
1819	-1.61866766374e-08
1820	-1.59827565758e-08
1821	-1.57788365143e-08
1822	-1.55749164528e-08
1823	-1.53709963912e-08
1824	-1.51670763297e-08
1825	-1.49631562682e-08
1826	-1.47592362066e-08
1827	-1.45553161451e-08
1828	-1.43513960836e-08
1829	-1.41474760221e-08
1830	-1.39435559605e-08
1831	-1.3739635899e-08
1832	-1.35357158375e-08
1833	-1.33317957759e-08
1834	-1.31278757144e-08
1835	-1.29239556529e-08
1836	-1.27200355913e-08
1837	-1.25161155298e-08
1838	-1.24406127424e-08
1839	-1.24935345409e-08
1840	-1.25464563393e-08
1841	-1.25993781378e-08
1842	-1.26522999362e-08
1843	-1.27052217347e-08
1844	-1.27581435332e-08
1845	-1.28110653316e-08
1846	-1.28639871301e-08
1847	-1.29169089285e-08
1848	-1.2969830727e-08
1849	-1.30227525255e-08
1850	-1.30756743239e-08
1851	-1.31285961224e-08
1852	-1.31815179208e-08
1853	-1.32344397193e-08
1854	-1.32873615178e-08
1855	-1.33402833162e-08
1856	-1.33932051147e-08
1857	-1.34461269131e-08
1858	-1.34990487116e-08
1859	-1.35519705101e-08
1860	-1.36048923085e-08
1861	-1.3657814107e-08
1862	-1.37107359054e-08
1863	-1.36782962516e-08
1864	-1.35604902191e-08
1865	-1.34426841866e-08
1866	-1.33248781541e-08
1867	-1.32070721216e-08
1868	-1.3089266089e-08
1869	-1.29714600565e-08
1870	-1.2853654024e-08
1871	-1.27358479915e-08
1872	-1.2618041959e-08
1873	-1.25002359265e-08
1874	-1.2382429894e-08
1875	-1.22646238615e-08
1876	-1.2146817829e-08
1877	-1.20290117964e-08
1878	-1.19112057639e-08
1879	-1.17933997314e-08
1880	-1.16755936989e-08
1881	-1.15577876664e-08
1882	-1.14399816339e-08
1883	-1.13221756014e-08
1884	-1.12043695689e-08
1885	-1.10865635363e-08
1886	-1.09687575038e-08
1887	-1.08509514713e-08
1888	-1.06031854367e-08
1889	-1.02254517989e-08
1890	-9.84771816111e-09
1891	-9.46998452334e-09
1892	-9.09225088557e-09
1893	-8.71451724779e-09
1894	-8.33678361002e-09
1895	-7.95904997225e-09
1896	-7.58131633448e-09
1897	-7.20358269671e-09
1898	-6.82584905893e-09
1899	-6.44811542116e-09
1900	-6.07038178339e-09
1901	-5.69264814562e-09
1902	-5.31491450785e-09
1903	-4.93718087008e-09
1904	-4.5594472323e-09
1905	-4.18171359453e-09
1906	-3.80397995676e-09
1907	-3.42624631899e-09
1908	-3.04851268122e-09
1909	-2.67077904344e-09
1910	-2.29304540567e-09
1911	-1.9153117679e-09
1912	-1.53757813013e-09
1913	-1.32568014289e-09
1914	-1.27962763384e-09
1915	-1.23357512479e-09
1916	-1.18752261574e-09
1917	-1.14147010669e-09
1918	-1.09541759764e-09
1919	-1.04936508859e-09
1920	-1.00331257954e-09
1921	-9.57260070494e-10
1922	-9.11207561445e-10
1923	-8.65155052396e-10
1924	-8.19102543347e-10
1925	-7.73050034298e-10
1926	-7.26997525249e-10
1927	-6.809450162e-10
1928	-6.34892507151e-10
1929	-5.88839998102e-10
1930	-5.42787489052e-10
1931	-4.96734980003e-10
1932	-4.50682470954e-10
1933	-4.04629961905e-10
1934	-3.58577452856e-10
1935	-3.12524943807e-10
1936	-2.66472434758e-10
1937	-2.20419925709e-10
1938	-1.90764787257e-10
1939	-1.77508003839e-10
1940	-1.6425122042e-10
1941	-1.50994437002e-10
1942	-1.37737653583e-10
1943	-1.24480870165e-10
1944	-1.11224086746e-10
1945	-9.7967303328e-11
1946	-8.47105199095e-11
1947	-7.1453736491e-11
1948	-5.81969530725e-11
1949	-4.4940169654e-11
1950	-3.16833862355e-11
1951	-1.8426602817e-11
1952	-5.16981939847e-12
1953	8.08696402003e-12
1954	2.13437474385e-11
1955	3.4600530857e-11
1956	4.78573142755e-11
1957	6.1114097694e-11
1958	7.43708811125e-11
1959	8.7627664531e-11
1960	1.0088444795e-10
1961	1.14141231368e-10
1962	1.27398014787e-10
1963	1.35177572766e-10
1964	1.37479572232e-10
1965	1.39781571697e-10
1966	1.42083571163e-10
1967	1.44385570628e-10
1968	1.46687570094e-10
1969	1.4898956956e-10
1970	1.51291569025e-10
1971	1.53593568491e-10
1972	1.55895567957e-10
1973	1.58197567422e-10
1974	1.60499566888e-10
1975	1.62801566354e-10
1976	1.65103565819e-10
1977	1.67405565285e-10
1978	1.69707564751e-10
1979	1.72009564216e-10
1980	1.74311563682e-10
1981	1.76613563147e-10
1982	1.78915562613e-10
1983	1.81217562079e-10
1984	1.83519561544e-10
1985	1.8582156101e-10
1986	1.88123560476e-10
1987	1.90425559941e-10
1988	1.93409573836e-10
1989	1.97075644161e-10
1990	2.00741714487e-10
1991	2.04407784813e-10
1992	2.08073855138e-10
1993	2.11739925464e-10
1994	2.1540599579e-10
1995	2.19072066115e-10
1996	2.22738136441e-10
1997	2.26404206766e-10
1998	2.30070277092e-10
1999	2.33736347418e-10
2000	2.37402417743e-10
2001	2.41068488069e-10
2002	2.44734558395e-10
2003	2.4840062872e-10
2004	2.52066699046e-10
2005	2.55732769371e-10
2006	2.59398839697e-10
2007	2.63064910023e-10
2008	2.66730980348e-10
2009	2.70397050674e-10
2010	2.74063121e-10
2011	2.77729191325e-10
2012	2.81395261651e-10
2013	2.81935885231e-10
2014	2.79350867163e-10
2015	2.76765849094e-10
2016	2.74180831026e-10
2017	2.71595812957e-10
2018	2.69010794889e-10
2019	2.6642577682e-10
2020	2.63840758752e-10
2021	2.61255740683e-10
2022	2.58670722615e-10
2023	2.56085704547e-10
2024	2.53500686478e-10
2025	2.5091566841e-10
2026	2.48330650341e-10
2027	2.45745632273e-10
2028	2.43160614204e-10
2029	2.40575596136e-10
2030	2.37990578067e-10
2031	2.35405559999e-10
2032	2.3282054193e-10
2033	2.30235523862e-10
2034	2.27650505793e-10
2035	2.25065487725e-10
2036	2.22480469656e-10
2037	2.19895451588e-10
2038	2.18768549781e-10
2039	2.19099856293e-10
2040	2.19431162806e-10
2041	2.19762469318e-10
2042	2.20093775831e-10
2043	2.20425082343e-10
2044	2.20756388856e-10
2045	2.21087695368e-10
2046	2.2141900188e-10
2047	2.21750308393e-10
2048	2.22081614905e-10
2049	2.22412921418e-10
2050	2.2274422793e-10
2051	2.23075534443e-10
2052	2.23406840955e-10
2053	2.23738147468e-10
2054	2.2406945398e-10
2055	2.24400760492e-10
2056	2.24732067005e-10
2057	2.25063373517e-10
2058	2.2539468003e-10
2059	2.25725986542e-10
2060	2.26057293055e-10
2061	2.26388599567e-10
2062	2.26719906079e-10
2063	2.25963405247e-10
2064	2.24119027548e-10
2065	2.22274649849e-10
2066	2.20430272149e-10
2067	2.1858589445e-10
2068	2.16741516751e-10
2069	2.14897139052e-10
2070	2.13052761353e-10
2071	2.11208383654e-10
2072	2.09364005955e-10
2073	2.07519628256e-10
2074	2.05675250557e-10
2075	2.03830872857e-10
2076	2.01986495158e-10
2077	2.00142117459e-10
2078	1.9829773976e-10
2079	1.96453362061e-10
2080	1.94608984362e-10
2081	1.92764606663e-10
2082	1.90920228964e-10
2083	1.89075851265e-10
2084	1.87231473566e-10
2085	1.85387095866e-10
2086	1.83542718167e-10
2087	1.81698340468e-10
2088	1.80836332417e-10
2089	1.80956757557e-10
2090	1.81077182697e-10
2091	1.81197607837e-10
2092	1.81318032977e-10
2093	1.81438458117e-10
2094	1.81558883256e-10
2095	1.81679308396e-10
2096	1.81799733536e-10
2097	1.81920158676e-10
2098	1.82040583816e-10
2099	1.82161008956e-10
2100	1.82281434096e-10
2101	1.82401859236e-10
2102	1.82522284376e-10
2103	1.82642709516e-10
2104	1.82763134656e-10
2105	1.82883559796e-10
2106	1.83003984936e-10
2107	1.83124410076e-10
2108	1.83244835216e-10
2109	1.83365260356e-10
2110	1.83485685496e-10
2111	1.83606110636e-10
2112	1.83726535776e-10
2113	1.83355880109e-10
2114	1.82494111489e-10
2115	1.81632342869e-10
2116	1.80770574249e-10
2117	1.79908805629e-10
2118	1.79047037009e-10
2119	1.78185268389e-10
2120	1.77323499769e-10
2121	1.76461731149e-10
2122	1.75599962529e-10
2123	1.74738193909e-10
2124	1.73876425289e-10
2125	1.73014656669e-10
2126	1.7215288805e-10
2127	1.7129111943e-10
2128	1.7042935081e-10
2129	1.6956758219e-10
2130	1.6870581357e-10
2131	1.6784404495e-10
2132	1.6698227633e-10
2133	1.6612050771e-10
2134	1.6525873909e-10
2135	1.6439697047e-10
2136	1.6353520185e-10
2137	1.6267343323e-10
2138	1.60764229894e-10
2139	1.57807522467e-10
2140	1.54850815039e-10
2141	1.51894107612e-10
2142	1.48937400184e-10
2143	1.45980692757e-10
2144	1.43023985329e-10
2145	1.40067277902e-10
2146	1.37110570474e-10
2147	1.34153863047e-10
2148	1.31197155619e-10
2149	1.28240448192e-10
2150	1.25283740764e-10
2151	1.22327033337e-10
2152	1.19370325909e-10
2153	1.16413618482e-10
2154	1.13456911055e-10
2155	1.10500203627e-10
2156	1.075434962e-10
2157	1.04586788772e-10
2158	1.01630081345e-10
2159	9.86733739171e-11
2160	9.57166664896e-11
2161	9.27599590621e-11
2162	8.98032516346e-11
2163	8.88982630802e-11
2164	9.00451308811e-11
2165	9.1191998682e-11
2166	9.23388664829e-11
2167	9.34857342838e-11
2168	9.46326020847e-11
2169	9.57794698856e-11
2170	9.69263376865e-11
2171	9.80732054874e-11
2172	9.92200732883e-11
2173	1.00366941089e-10
2174	1.0151380889e-10
2175	1.02660676691e-10
2176	1.03807544492e-10
2177	1.04954412293e-10
2178	1.06101280094e-10
2179	1.07248147895e-10
2180	1.08395015695e-10
2181	1.09541883496e-10
2182	1.10688751297e-10
2183	1.11835619098e-10
2184	1.12982486899e-10
2185	1.141293547e-10
2186	1.15276222501e-10
2187	1.16423090302e-10
2188	1.16192607874e-10
2189	1.14584681857e-10
2190	1.12976755839e-10
2191	1.11368829822e-10
2192	1.09760903804e-10
2193	1.08152977787e-10
2194	1.06545051769e-10
2195	1.04937125752e-10
2196	1.03329199735e-10
2197	1.01721273717e-10
2198	1.001133477e-10
2199	9.85054216824e-11
2200	9.6897495665e-11
2201	9.52895696475e-11
2202	9.36816436301e-11
2203	9.20737176127e-11
2204	9.04657915953e-11
2205	8.88578655779e-11
2206	8.72499395605e-11
2207	8.56420135431e-11
2208	8.40340875256e-11
2209	8.24261615082e-11
2210	8.08182354908e-11
2211	7.92103094734e-11
2212	7.7602383456e-11
2213	7.76379957885e-11
2214	7.93172591481e-11
2215	8.09965225078e-11
2216	8.26757858674e-11
2217	8.43550492271e-11
2218	8.60343125867e-11
2219	8.77135759463e-11
2220	8.9392839306e-11
2221	9.10721026656e-11
2222	9.27513660253e-11
2223	9.44306293849e-11
2224	9.61098927446e-11
2225	9.77891561042e-11
2226	9.94684194638e-11
2227	1.01147682823e-10
2228	1.02826946183e-10
2229	1.04506209543e-10
2230	1.06185472902e-10
2231	1.07864736262e-10
2232	1.09543999622e-10
2233	1.11223262981e-10
2234	1.12902526341e-10
2235	1.14581789701e-10
2236	1.1626105306e-10
2237	1.1794031642e-10
2238	1.18109415282e-10
2239	1.16768244944e-10
2240	1.15427074606e-10
2241	1.14085904268e-10
2242	1.1274473393e-10
2243	1.11403563593e-10
2244	1.10062393255e-10
2245	1.08721222917e-10
2246	1.07380052579e-10
2247	1.06038882241e-10
2248	1.04697711903e-10
2249	1.03356541565e-10
2250	1.02015371227e-10
2251	1.00674200889e-10
2252	9.93330305508e-11
2253	9.79918602128e-11
2254	9.66506898749e-11
2255	9.53095195369e-11
2256	9.39683491989e-11
2257	9.2627178861e-11
2258	9.1286008523e-11
2259	8.9944838185e-11
2260	8.86036678471e-11
2261	8.72624975091e-11
2262	8.59213271711e-11
2263	8.62176367344e-11
2264	8.8151540998e-11
2265	9.00854452615e-11
2266	9.2019349525e-11
2267	9.39532537885e-11
2268	9.58871580521e-11
2269	9.78210623156e-11
2270	9.97549665791e-11
2271	1.01688870843e-10
2272	1.03622775106e-10
2273	1.0555667937e-10
2274	1.07490583633e-10
2275	1.09424487897e-10
2276	1.1135839216e-10
2277	1.13292296424e-10
2278	1.15226200687e-10
2279	1.17160104951e-10
2280	1.19094009214e-10
2281	1.21027913478e-10
2282	1.22961817741e-10
2283	1.24895722005e-10
2284	1.26829626268e-10
2285	1.28763530532e-10
2286	1.30697434795e-10
2287	1.32631339059e-10
2288	1.38460201674e-10
2289	1.48184298721e-10
2290	1.57908395769e-10
2291	1.67632492816e-10
2292	1.77356589864e-10
2293	1.87080686911e-10
2294	1.96804783959e-10
2295	2.06528881006e-10
2296	2.16252978054e-10
2297	2.25977075101e-10
2298	2.35701172149e-10
2299	2.45425269196e-10
2300	2.55149366244e-10
2301	2.64873463291e-10
2302	2.74597560338e-10
2303	2.84321657386e-10
2304	2.94045754433e-10
2305	3.03769851481e-10
2306	3.13493948528e-10
2307	3.23218045576e-10
2308	3.32942142623e-10
2309	3.42666239671e-10
2310	3.52390336718e-10
2311	3.62114433766e-10
2312	3.71838530813e-10
2313	3.76509127712e-10
2314	3.76125862345e-10
2315	3.75742596978e-10
2316	3.75359331611e-10
2317	3.74976066244e-10
2318	3.74592800877e-10
2319	3.7420953551e-10
2320	3.73826270143e-10
2321	3.73443004776e-10
2322	3.73059739409e-10
2323	3.72676474042e-10
2324	3.72293208675e-10
2325	3.71909943308e-10
2326	3.71526677941e-10
2327	3.71143412574e-10
2328	3.70760147208e-10
2329	3.70376881841e-10
2330	3.69993616474e-10
2331	3.69610351107e-10
2332	3.6922708574e-10
2333	3.68843820373e-10
2334	3.68460555006e-10
2335	3.68077289639e-10
2336	3.67694024272e-10
2337	3.67310758905e-10
2338	3.67383929987e-10
2339	3.67913570577e-10
2340	3.68443211168e-10
2341	3.68972851758e-10
2342	3.69502492349e-10
2343	3.70032132939e-10
2344	3.7056177353e-10
2345	3.71091414121e-10
2346	3.71621054711e-10
2347	3.72150695302e-10
2348	3.72680335892e-10
2349	3.73209976483e-10
2350	3.73739617073e-10
2351	3.74269257664e-10
2352	3.74798898254e-10
2353	3.75328538845e-10
2354	3.75858179435e-10
2355	3.76387820026e-10
2356	3.76917460616e-10
2357	3.77447101207e-10
2358	3.77976741798e-10
2359	3.78506382388e-10
2360	3.79036022979e-10
2361	3.79565663569e-10
2362	3.8009530416e-10
2363	3.78215264336e-10
2364	3.73925367695e-10
2365	3.69635471054e-10
2366	3.65345574414e-10
2367	3.61055677773e-10
2368	3.56765781132e-10
2369	3.52475884492e-10
2370	3.48185987851e-10
2371	3.4389609121e-10
2372	3.39606194569e-10
2373	3.35316297929e-10
2374	3.31026401288e-10
2375	3.26736504647e-10
2376	3.22446608006e-10
2377	3.18156711366e-10
2378	3.13866814725e-10
2379	3.09576918084e-10
2380	3.05287021444e-10
2381	3.00997124803e-10
2382	2.96707228162e-10
2383	2.92417331521e-10
2384	2.88127434881e-10
2385	2.8383753824e-10
2386	2.79547641599e-10
2387	2.75257744958e-10
2388	2.71350834899e-10
2389	2.67826939753e-10
2390	2.64303044608e-10
2391	2.60779149463e-10
2392	2.57255254317e-10
2393	2.53731359172e-10
2394	2.50207464027e-10
2395	2.46683568881e-10
2396	2.43159673736e-10
2397	2.39635778591e-10
2398	2.36111883445e-10
2399	2.325879883e-10
2400	2.29064093155e-10
2401	2.25540198009e-10
2402	2.22016302864e-10
2403	2.18492407719e-10
2404	2.14968512574e-10
2405	2.11444617428e-10
2406	2.07920722283e-10
2407	2.04396827138e-10
2408	2.00872931992e-10
2409	1.97349036847e-10
2410	1.93825141702e-10
2411	1.90301246556e-10
2412	1.86777351411e-10
2413	1.87086602631e-10
2414	1.91229286765e-10
2415	1.95371970898e-10
2416	1.99514655032e-10
2417	2.03657339165e-10
2418	2.07800023298e-10
2419	2.11942707432e-10
2420	2.16085391565e-10
2421	2.20228075699e-10
2422	2.24370759832e-10
2423	2.28513443966e-10
2424	2.32656128099e-10
2425	2.36798812233e-10
2426	2.40941496366e-10
2427	2.450841805e-10
2428	2.49226864633e-10
2429	2.53369548766e-10
2430	2.575122329e-10
2431	2.61654917033e-10
2432	2.65797601167e-10
2433	2.699402853e-10
2434	2.74082969434e-10
2435	2.78225653567e-10
2436	2.82368337701e-10
2437	2.86511021834e-10
2438	2.87006559262e-10
2439	2.83854674515e-10
2440	2.80702789768e-10
2441	2.77550905021e-10
2442	2.74399020275e-10
2443	2.71247135528e-10
2444	2.68095250781e-10
2445	2.64943366034e-10
2446	2.61791481287e-10
2447	2.58639596541e-10
2448	2.55487711794e-10
2449	2.52335827047e-10
2450	2.491839423e-10
2451	2.46032057553e-10
2452	2.42880172807e-10
2453	2.3972828806e-10
2454	2.36576403313e-10
2455	2.33424518566e-10
2456	2.30272633819e-10
2457	2.27120749073e-10
2458	2.23968864326e-10
2459	2.20816979579e-10
2460	2.17665094832e-10
2461	2.14513210085e-10
2462	2.11361325339e-10
2463	2.10748929981e-10
2464	2.12676217787e-10
2465	2.14603505594e-10
2466	2.165307934e-10
2467	2.18458081207e-10
2468	2.20385369013e-10
2469	2.2231265682e-10
2470	2.24239944626e-10
2471	2.26167232432e-10
2472	2.28094520239e-10
2473	2.30021808045e-10
2474	2.31949095852e-10
2475	2.33876383658e-10
2476	2.35803671465e-10
2477	2.37730959271e-10
2478	2.39658247078e-10
2479	2.41585534884e-10
2480	2.4351282269e-10
2481	2.45440110497e-10
2482	2.47367398303e-10
2483	2.4929468611e-10
2484	2.51221973916e-10
2485	2.53149261723e-10
2486	2.55076549529e-10
2487	2.57003837336e-10
2488	2.56433293893e-10
2489	2.5336472667e-10
2490	2.50296159446e-10
2491	2.47227592223e-10
2492	2.44159025e-10
2493	2.41090457777e-10
2494	2.38021890554e-10
2495	2.3495332333e-10
2496	2.31884756107e-10
2497	2.28816188884e-10
2498	2.25747621661e-10
2499	2.22679054438e-10
2500	2.19610487214e-10
2501	2.16541919991e-10
2502	2.13473352768e-10
2503	2.10404785545e-10
2504	2.07336218322e-10
2505	2.04267651098e-10
2506	2.01199083875e-10
2507	1.98130516652e-10
2508	1.95061949429e-10
2509	1.91993382206e-10
2510	1.88924814983e-10
2511	1.85856247759e-10
2512	1.82787680536e-10
2513	1.82396336008e-10
2514	1.84682422607e-10
2515	1.86968509207e-10
2516	1.89254595806e-10
2517	1.91540682406e-10
2518	1.93826769005e-10
2519	1.96112855605e-10
2520	1.98398942204e-10
2521	2.00685028803e-10
2522	2.02971115403e-10
2523	2.05257202002e-10
2524	2.07543288602e-10
2525	2.09829375201e-10
2526	2.121154618e-10
2527	2.144015484e-10
2528	2.16687634999e-10
2529	2.18973721599e-10
2530	2.21259808198e-10
2531	2.23545894798e-10
2532	2.25831981397e-10
2533	2.28118067996e-10
2534	2.30404154596e-10
2535	2.32690241195e-10
2536	2.34976327795e-10
2537	2.37262414394e-10
2538	2.37020998099e-10
2539	2.34251880174e-10
2540	2.31482762249e-10
2541	2.28713644325e-10
2542	2.259445264e-10
2543	2.23175408475e-10
2544	2.20406290551e-10
2545	2.17637172626e-10
2546	2.14868054701e-10
2547	2.12098936777e-10
2548	2.09329818852e-10
2549	2.06560700927e-10
2550	2.03791583002e-10
2551	2.01022465078e-10
2552	1.98253347153e-10
2553	1.95484229228e-10
2554	1.92715111304e-10
2555	1.89945993379e-10
2556	1.87176875454e-10
2557	1.8440775753e-10
2558	1.81638639605e-10
2559	1.7886952168e-10
2560	1.76100403756e-10
2561	1.73331285831e-10
2562	1.70562167906e-10
2563	1.67549979128e-10
2564	1.64294700194e-10
2565	1.61039421261e-10
2566	1.57784142328e-10
2567	1.54528863394e-10
2568	1.51273584461e-10
2569	1.48018305528e-10
2570	1.44763026594e-10
2571	1.41507747661e-10
2572	1.38252468728e-10
2573	1.34997189795e-10
2574	1.31741910861e-10
2575	1.28486631928e-10
2576	1.25231352995e-10
2577	1.21976074061e-10
2578	1.18720795128e-10
2579	1.15465516195e-10
2580	1.12210237261e-10
2581	1.08954958328e-10
2582	1.05699679395e-10
2583	1.02444400462e-10
2584	9.91891215282e-11
2585	9.59338425949e-11
2586	9.26785636616e-11
2587	8.94232847283e-11
2588	8.72421369126e-11
2589	8.61352063362e-11
2590	8.50282757598e-11
2591	8.39213451835e-11
2592	8.28144146071e-11
2593	8.17074840307e-11
2594	8.06005534544e-11
2595	7.9493622878e-11
2596	7.83866923016e-11
2597	7.72797617253e-11
2598	7.61728311489e-11
2599	7.50659005725e-11
2600	7.39589699962e-11
2601	7.28520394198e-11
2602	7.17451088434e-11
2603	7.06381782671e-11
2604	6.95312476907e-11
2605	6.84243171143e-11
2606	6.7317386538e-11
2607	6.62104559616e-11
2608	6.51035253852e-11
2609	6.39965948089e-11
2610	6.28896642325e-11
2611	6.17827336561e-11
2612	6.06758030798e-11
2613	5.99011491093e-11
2614	5.94587986433e-11
2615	5.90164481774e-11
2616	5.85740977114e-11
2617	5.81317472455e-11
2618	5.76893967796e-11
2619	5.72470463136e-11
2620	5.68046958477e-11
2621	5.63623453818e-11
2622	5.59199949158e-11
2623	5.54776444499e-11
2624	5.5035293984e-11
2625	5.4592943518e-11
2626	5.41505930521e-11
2627	5.37082425862e-11
2628	5.32658921202e-11
2629	5.28235416543e-11
2630	5.23811911884e-11
2631	5.19388407224e-11
2632	5.14964902565e-11
2633	5.10541397906e-11
2634	5.06117893246e-11
2635	5.01694388587e-11
2636	4.97270883928e-11
2637	4.92847379268e-11
2638	4.97388221259e-11
2639	5.10894142533e-11
2640	5.24400063808e-11
2641	5.37905985082e-11
2642	5.51411906357e-11
2643	5.64917827631e-11
2644	5.78423748905e-11
2645	5.9192967018e-11
2646	6.05435591454e-11
2647	6.18941512729e-11
2648	6.32447434003e-11
2649	6.45953355277e-11
2650	6.59459276552e-11
2651	6.72965197826e-11
2652	6.86471119101e-11
2653	6.99977040375e-11
2654	7.13482961649e-11
2655	7.26988882924e-11
2656	7.40494804198e-11
2657	7.54000725472e-11
2658	7.67506646747e-11
2659	7.81012568021e-11
2660	7.94518489296e-11
2661	8.0802441057e-11
2662	8.21530331844e-11
2663	8.2490642815e-11
2664	8.18151863753e-11
2665	8.11397299357e-11
2666	8.0464273496e-11
2667	7.97888170563e-11
2668	7.91133606167e-11
2669	7.8437904177e-11
2670	7.77624477374e-11
2671	7.70869912977e-11
2672	7.6411534858e-11
2673	7.57360784184e-11
2674	7.50606219787e-11
2675	7.43851655391e-11
2676	7.37097090994e-11
2677	7.30342526597e-11
2678	7.23587962201e-11
2679	7.16833397804e-11
2680	7.10078833408e-11
2681	7.03324269011e-11
2682	6.96569704615e-11
2683	6.89815140218e-11
2684	6.83060575821e-11
2685	6.76306011425e-11
2686	6.69551447028e-11
2687	6.62796882632e-11
2688	6.59289144399e-11
2689	6.59028502716e-11
2690	6.58767861033e-11
2691	6.5850721935e-11
2692	6.58246577668e-11
2693	6.57985935985e-11
2694	6.57725294302e-11
2695	6.57464652619e-11
2696	6.57204010936e-11
2697	6.56943369253e-11
2698	6.5668272757e-11
2699	6.56422085887e-11
2700	6.56161444205e-11
2701	6.55900802522e-11
2702	6.55640160839e-11
2703	6.55379519156e-11
2704	6.55118877473e-11
2705	6.5485823579e-11
2706	6.54597594107e-11
2707	6.54336952424e-11
2708	6.54076310742e-11
2709	6.53815669059e-11
2710	6.53555027376e-11
2711	6.53294385693e-11
2712	6.5303374401e-11
2713	6.51116102751e-11
2714	6.47541322641e-11
2715	6.43966542531e-11
2716	6.40391762421e-11
2717	6.36816982311e-11
2718	6.33242202202e-11
2719	6.29667422092e-11
2720	6.26092641982e-11
2721	6.22517861872e-11
2722	6.18943081762e-11
2723	6.15368301653e-11
2724	6.11793521543e-11
2725	6.08218741433e-11
2726	6.04643961323e-11
2727	6.01069181213e-11
2728	5.97494401104e-11
2729	5.93919620994e-11
2730	5.90344840884e-11
2731	5.86770060774e-11
2732	5.83195280664e-11
2733	5.79620500555e-11
2734	5.76045720445e-11
2735	5.72470940335e-11
2736	5.68896160225e-11
2737	5.65321380116e-11
2738	5.63382686505e-11
2739	5.63080218176e-11
2740	5.62777749848e-11
2741	5.62475281519e-11
2742	5.6217281319e-11
2743	5.61870344862e-11
2744	5.61567876533e-11
2745	5.61265408205e-11
2746	5.60962939876e-11
2747	5.60660471547e-11
2748	5.60358003219e-11
2749	5.6005553489e-11
2750	5.59753066562e-11
2751	5.59450598233e-11
2752	5.59148129904e-11
2753	5.58845661576e-11
2754	5.58543193247e-11
2755	5.58240724919e-11
2756	5.5793825659e-11
2757	5.57635788261e-11
2758	5.57333319933e-11
2759	5.57030851604e-11
2760	5.56728383276e-11
2761	5.56425914947e-11
2762	5.56123446619e-11
2763	5.62889313813e-11
2764	5.76724121588e-11
2765	5.90558929363e-11
2766	6.04393737138e-11
2767	6.18228544912e-11
2768	6.32063352687e-11
2769	6.45898160462e-11
2770	6.59732968237e-11
2771	6.73567776012e-11
2772	6.87402583786e-11
2773	7.01237391561e-11
2774	7.15072199336e-11
2775	7.28907007111e-11
2776	7.42741814885e-11
2777	7.5657662266e-11
2778	7.70411430435e-11
2779	7.8424623821e-11
2780	7.98081045985e-11
2781	8.11915853759e-11
2782	8.25750661534e-11
2783	8.39585469309e-11
2784	8.53420277084e-11
2785	8.67255084858e-11
2786	8.81089892633e-11
2787	8.94924700408e-11
2788	8.9409035503e-11
2789	8.7858558944e-11
2790	8.6308082385e-11
2791	8.4757605826e-11
2792	8.3207129267e-11
2793	8.16566527081e-11
2794	8.01061761491e-11
2795	7.85556995901e-11
2796	7.70052230311e-11
2797	7.54547464721e-11
2798	7.39042699131e-11
2799	7.23537933542e-11
2800	7.08033167952e-11
2801	6.92528402362e-11
2802	6.77023636772e-11
2803	6.61518871182e-11
2804	6.46014105592e-11
2805	6.30509340003e-11
2806	6.15004574413e-11
2807	5.99499808823e-11
2808	5.83995043233e-11
2809	5.68490277643e-11
2810	5.52985512053e-11
2811	5.37480746464e-11
2812	5.21975980874e-11
2813	5.14102528891e-11
2814	5.13861055587e-11
2815	5.13619582284e-11
2816	5.1337810898e-11
2817	5.13136635677e-11
2818	5.12895162373e-11
2819	5.1265368907e-11
2820	5.12412215766e-11
2821	5.12170742463e-11
2822	5.11929269159e-11
2823	5.11687795855e-11
2824	5.11446322552e-11
2825	5.11204849248e-11
2826	5.10963375945e-11
2827	5.10721902641e-11
2828	5.10480429338e-11
2829	5.10238956034e-11
2830	5.0999748273e-11
2831	5.09756009427e-11
2832	5.09514536123e-11
2833	5.0927306282e-11
2834	5.09031589516e-11
2835	5.08790116213e-11
2836	5.08548642909e-11
2837	5.08307169606e-11
2838	5.05030535026e-11
2839	4.98718472305e-11
2840	4.92406409583e-11
2841	4.86094346861e-11
2842	4.79782284139e-11
2843	4.73470221418e-11
2844	4.67158158696e-11
2845	4.60846095974e-11
2846	4.54534033252e-11
2847	4.4822197053e-11
2848	4.41909907809e-11
2849	4.35597845087e-11
2850	4.29285782365e-11
2851	4.22973719643e-11
2852	4.16661656922e-11
2853	4.103495942e-11
2854	4.04037531478e-11
2855	3.97725468756e-11
2856	3.91413406035e-11
2857	3.85101343313e-11
2858	3.78789280591e-11
2859	3.72477217869e-11
2860	3.66165155147e-11
2861	3.59853092426e-11
2862	3.53541029704e-11
2863	3.4903730086e-11
2864	3.46342066292e-11
2865	3.43646831724e-11
2866	3.40951597156e-11
2867	3.38256362588e-11
2868	3.3556112802e-11
2869	3.32865893452e-11
2870	3.30170658884e-11
2871	3.27475424316e-11
2872	3.24780189748e-11
2873	3.2208495518e-11
2874	3.19389720612e-11
2875	3.16694486044e-11
2876	3.13999251476e-11
2877	3.11304016908e-11
2878	3.0860878234e-11
2879	3.05913547772e-11
2880	3.03218313204e-11
2881	3.00523078636e-11
2882	2.97827844068e-11
2883	2.951326095e-11
2884	2.92437374932e-11
2885	2.89742140364e-11
2886	2.87046905796e-11
2887	2.84351671228e-11
2888	2.83165883684e-11
2889	2.83489678221e-11
2890	2.83813472757e-11
2891	2.84137267294e-11
2892	2.8446106183e-11
2893	2.84784856367e-11
2894	2.85108650904e-11
2895	2.8543244544e-11
2896	2.85756239977e-11
2897	2.86080034514e-11
2898	2.8640382905e-11
2899	2.86727623587e-11
2900	2.87051418124e-11
2901	2.8737521266e-11
2902	2.87699007197e-11
2903	2.88022801734e-11
2904	2.8834659627e-11
2905	2.88670390807e-11
2906	2.88994185343e-11
2907	2.8931797988e-11
2908	2.89641774417e-11
2909	2.89965568953e-11
2910	2.9028936349e-11
2911	2.90613158027e-11
2912	2.90936952563e-11
2913	2.90278415555e-11
2914	2.88637458348e-11
2915	2.86996501141e-11
2916	2.85355543934e-11
2917	2.83714586726e-11
2918	2.82073629519e-11
2919	2.80432672312e-11
2920	2.78791715105e-11
2921	2.77150757897e-11
2922	2.7550980069e-11
2923	2.73868843483e-11
2924	2.72227886276e-11
2925	2.70586929068e-11
2926	2.68945971861e-11
2927	2.67305014654e-11
2928	2.65664057447e-11
2929	2.6402310024e-11
2930	2.62382143032e-11
2931	2.60741185825e-11
2932	2.59100228618e-11
2933	2.57459271411e-11
2934	2.55818314203e-11
2935	2.54177356996e-11
2936	2.52536399789e-11
2937	2.50895442582e-11
2938	2.48499354838e-11
2939	2.45348067822e-11
2940	2.42196780806e-11
2941	2.3904549379e-11
2942	2.35894206774e-11
2943	2.32742919759e-11
2944	2.29591632743e-11
2945	2.26440345727e-11
2946	2.23289058711e-11
2947	2.20137771695e-11
2948	2.1698648468e-11
2949	2.13835197664e-11
2950	2.10683910648e-11
2951	2.07532623632e-11
2952	2.04381336616e-11
2953	2.01230049601e-11
2954	1.98078762585e-11
2955	1.94927475569e-11
2956	1.91776188553e-11
2957	1.88624901537e-11
2958	1.85473614521e-11
2959	1.82322327506e-11
2960	1.7917104049e-11
2961	1.76019753474e-11
2962	1.72868466458e-11
2963	1.67638591562e-11
2964	1.60329937973e-11
2965	1.53021284384e-11
2966	1.45712630795e-11
2967	1.38403977206e-11
2968	1.31095323617e-11
2969	1.23786670028e-11
2970	1.16478016439e-11
2971	1.0916936285e-11
2972	1.01860709261e-11
2973	9.45520556715e-12
2974	8.72434020825e-12
2975	7.99347484935e-12
2976	7.26260949044e-12
2977	6.53174413154e-12
2978	5.80087877264e-12
2979	5.07001341374e-12
2980	4.33914805484e-12
2981	3.60828269594e-12
2982	2.87741733703e-12
2983	2.14655197813e-12
2984	1.41568661923e-12
2985	6.8482126033e-13
2986	-4.60440985715e-14
2987	-7.76909457473e-13
2988	-8.88723995741e-13
2989	-3.81430405756e-13
2990	1.25863184229e-13
2991	6.33156774215e-13
2992	1.1404503642e-12
2993	1.64774395418e-12
2994	2.15503754417e-12
2995	2.66233113416e-12
2996	3.16962472414e-12
2997	3.67691831413e-12
2998	4.18421190411e-12
2999	4.6915054941e-12
3000	5.19879908408e-12
3001	5.70609267407e-12
3002	6.21338626405e-12
3003	6.72067985404e-12
3004	7.22797344402e-12
3005	7.73526703401e-12
3006	8.24256062399e-12
3007	8.74985421398e-12
3008	9.25714780396e-12
3009	9.76444139395e-12
3010	1.02717349839e-11
3011	1.07790285739e-11
3012	1.12863221639e-11
3013	1.14810222049e-11
3014	1.13630995168e-11
3015	1.12451768287e-11
3016	1.11272541406e-11
3017	1.10093314526e-11
3018	1.08914087645e-11
3019	1.07734860764e-11
3020	1.06555633883e-11
3021	1.05376407003e-11
3022	1.04197180122e-11
3023	1.03017953241e-11
3024	1.01838726361e-11
3025	1.0065949948e-11
3026	9.94802725991e-12
3027	9.83010457183e-12
3028	9.71218188376e-12
3029	9.59425919568e-12
3030	9.47633650761e-12
3031	9.35841381954e-12
3032	9.24049113146e-12
3033	9.12256844339e-12
3034	9.00464575532e-12
3035	8.88672306724e-12
3036	8.76880037917e-12
3037	8.65087769109e-12
3038	8.35453697401e-12
3039	7.87976143472e-12
3040	7.40498589542e-12
3041	6.93021035613e-12
3042	6.45543481684e-12
3043	5.98065927754e-12
3044	5.50588373825e-12
3045	5.03110819895e-12
3046	4.55633265966e-12
3047	4.08155712037e-12
3048	3.60678158107e-12
3049	3.13200604178e-12
3050	2.65723050248e-12
3051	2.18245496319e-12
3052	1.7076794239e-12
3053	1.2329038846e-12
3054	7.58128345308e-13
3055	2.83352806014e-13
3056	-1.9142273328e-13
3057	-6.66198272574e-13
3058	-1.14097381187e-12
3059	-1.61574935116e-12
3060	-2.09052489046e-12
3061	-2.56530042975e-12
3062	-3.04007596904e-12
3063	-2.7800991774e-12
3064	-1.78530032866e-12
3065	-7.90501479926e-13
3066	2.04297368811e-13
3067	1.19909621755e-12
3068	2.19389506629e-12
3069	3.18869391502e-12
3070	4.18349276376e-12
3071	5.1782916125e-12
3072	6.17309046123e-12
3073	7.16788930997e-12
3074	8.16268815871e-12
3075	9.15748700745e-12
3076	1.01522858562e-11
3077	1.11470847049e-11
3078	1.21418835537e-11
3079	1.31366824024e-11
3080	1.41314812511e-11
3081	1.51262800999e-11
3082	1.61210789486e-11
3083	1.71158777973e-11
3084	1.81106766461e-11
3085	1.91054754948e-11
3086	2.01002743436e-11
3087	2.10950731923e-11
3088	2.12625511077e-11
3089	2.06026289381e-11
3090	1.99427067685e-11
3091	1.92827845989e-11
3092	1.86228624293e-11
3093	1.79629402598e-11
3094	1.73030180902e-11
3095	1.66430959206e-11
3096	1.5983173751e-11
3097	1.53232515814e-11
3098	1.46633294118e-11
3099	1.40034072423e-11
3100	1.33434850727e-11
3101	1.26835629031e-11
3102	1.20236407335e-11
3103	1.13637185639e-11
3104	1.07037963943e-11
3105	1.00438742247e-11
3106	9.38395205516e-12
3107	8.72402988558e-12
3108	8.06410771599e-12
3109	7.40418554641e-12
3110	6.74426337683e-12
3111	6.08434120724e-12
3112	5.42441903766e-12
3113	5.32677158161e-12
3114	5.79145306875e-12
3115	6.2561345559e-12
3116	6.72081604305e-12
3117	7.1854975302e-12
3118	7.65017901734e-12
3119	8.11486050449e-12
3120	8.57954199164e-12
3121	9.04422347878e-12
3122	9.50890496593e-12
3123	9.97358645308e-12
3124	1.04382679402e-11
3125	1.09029494274e-11
3126	1.13676309145e-11
3127	1.18323124017e-11
3128	1.22969938888e-11
3129	1.2761675376e-11
3130	1.32263568631e-11
3131	1.36910383503e-11
3132	1.41557198374e-11
3133	1.46204013246e-11
3134	1.50850828117e-11
3135	1.55497642988e-11
3136	1.6014445786e-11
3137	1.64791272731e-11
3138	1.64694523377e-11
3139	1.59853748621e-11
3140	1.55012973864e-11
3141	1.50172199107e-11
3142	1.4533142435e-11
3143	1.40490649594e-11
3144	1.35649874837e-11
3145	1.3080910008e-11
3146	1.25968325324e-11
3147	1.21127550567e-11
3148	1.1628677581e-11
3149	1.11446001053e-11
3150	1.06605226297e-11
3151	1.0176445154e-11
3152	9.69236767833e-12
3153	9.20829020266e-12
3154	8.72421272699e-12
3155	8.24013525132e-12
3156	7.75605777565e-12
3157	7.27198029998e-12
3158	6.7879028243e-12
3159	6.30382534863e-12
3160	5.81974787296e-12
3161	5.33567039729e-12
3162	4.85159292162e-12
3163	4.54864660103e-12
3164	4.42684918572e-12
3165	4.30505177041e-12
3166	4.18325435509e-12
3167	4.06145693978e-12
3168	3.93965952447e-12
3169	3.81786210916e-12
3170	3.69606469385e-12
3171	3.57426727853e-12
3172	3.45246986322e-12
3173	3.33067244791e-12
3174	3.2088750326e-12
3175	3.08707761728e-12
3176	2.96528020197e-12
3177	2.84348278666e-12
3178	2.72168537135e-12
3179	2.59988795604e-12
3180	2.47809054072e-12
3181	2.35629312541e-12
3182	2.2344957101e-12
3183	2.11269829479e-12
3184	1.99090087948e-12
3185	1.86910346416e-12
3186	1.74730604885e-12
3187	1.62550863354e-12
3188	1.64927904171e-12
3189	1.81863165125e-12
3190	1.98798426079e-12
3191	2.15733687032e-12
3192	2.32668947986e-12
3193	2.4960420894e-12
3194	2.66539469894e-12
3195	2.83474730848e-12
3196	3.00409991802e-12
3197	3.17345252756e-12
3198	3.34280513709e-12
3199	3.51215774663e-12
3200	3.68151035617e-12
3201	3.85086296571e-12
3202	4.02021557525e-12
3203	4.18956818479e-12
3204	4.35892079433e-12
3205	4.52827340387e-12
3206	4.6976260134e-12
3207	4.86697862294e-12
3208	5.03633123248e-12
3209	5.20568384202e-12
3210	5.37503645156e-12
3211	5.5443890611e-12
3212	5.71374167064e-12
3213	5.71115198128e-12
3214	5.5366028769e-12
3215	5.36205377253e-12
3216	5.18750466815e-12
3217	5.01295556377e-12
3218	4.8384064594e-12
3219	4.66385735502e-12
3220	4.48930825064e-12
3221	4.31475914627e-12
3222	4.14021004189e-12
3223	3.96566093751e-12
3224	3.79111183314e-12
3225	3.61656272876e-12
3226	3.44201362438e-12
3227	3.26746452001e-12
3228	3.09291541563e-12
3229	2.91836631125e-12
3230	2.74381720688e-12
3231	2.5692681025e-12
3232	2.39471899812e-12
3233	2.22016989375e-12
3234	2.04562078937e-12
3235	1.87107168499e-12
3236	1.69652258062e-12
3237	1.52197347624e-12
3238	1.43041519183e-12
3239	1.42185605306e-12
3240	1.41329691429e-12
3241	1.40473777553e-12
3242	1.39617863676e-12
3243	1.38761949799e-12
3244	1.37906035922e-12
3245	1.37050122046e-12
3246	1.36194208169e-12
3247	1.35338294292e-12
3248	1.34482380415e-12
3249	1.33626466539e-12
3250	1.32770552662e-12
3251	1.31914638785e-12
3252	1.31058724908e-12
3253	1.30202811032e-12
3254	1.29346897155e-12
3255	1.28490983278e-12
3256	1.27635069401e-12
3257	1.26779155525e-12
3258	1.25923241648e-12
3259	1.25067327771e-12
3260	1.24211413894e-12
3261	1.23355500018e-12
3262	1.22499586141e-12
3263	1.21697137559e-12
3264	1.20948159676e-12
3265	1.20199181794e-12
3266	1.19450203911e-12
3267	1.18701226029e-12
3268	1.17952248146e-12
3269	1.17203270264e-12
3270	1.16454292381e-12
3271	1.15705314499e-12
3272	1.14956336616e-12
3273	1.14207358734e-12
3274	1.13458380851e-12
3275	1.12709402969e-12
3276	1.11960425086e-12
3277	1.11211447204e-12
3278	1.10462469321e-12
3279	1.09713491439e-12
3280	1.08964513556e-12
3281	1.08215535674e-12
3282	1.07466557792e-12
3283	1.06717579909e-12
3284	1.05968602027e-12
3285	1.05219624144e-12
3286	1.04470646262e-12
3287	1.03721668379e-12
3288	1.0097436914e-12
3289	9.62285449758e-13
3290	9.14827208114e-13
3291	8.67368966471e-13
3292	8.19910724828e-13
3293	7.72452483184e-13
3294	7.24994241541e-13
3295	6.77535999898e-13
3296	6.30077758255e-13
3297	5.82619516611e-13
3298	5.35161274968e-13
3299	4.87703033325e-13
3300	4.40244791681e-13
3301	3.92786550038e-13
3302	3.45328308395e-13
3303	2.97870066751e-13
3304	2.50411825108e-13
3305	2.02953583465e-13
3306	1.55495341821e-13
3307	1.08037100178e-13
3308	6.05788585347e-14
3309	1.31206168914e-14
3310	-3.4337624752e-14
3311	-8.17958663953e-14
3312	-1.29254108039e-13
3313	-1.52984446631e-13
3314	-1.52984446631e-13
3315	-1.52984446631e-13
3316	-1.52984446631e-13
3317	-1.52984446631e-13
3318	-1.52984446631e-13
3319	-1.52984446631e-13
3320	-1.52984446631e-13
3321	-1.52984446631e-13
3322	-1.52984446631e-13
3323	-1.52984446631e-13
3324	-1.52984446631e-13
