50	-4.894211479e-10
51	-4.99495002098e-10
52	-5.09568856295e-10
53	-5.19642710492e-10
54	-5.29716564689e-10
55	-5.39790418887e-10
56	-5.49864273084e-10
57	-5.59938127281e-10
58	-5.70011981478e-10
59	-5.80085835675e-10
60	-5.90159689873e-10
61	-6.0023354407e-10
62	-6.10307398267e-10
63	-6.25057817371e-10
64	-6.44484810439e-10
65	-6.63911803506e-10
66	-6.83338796573e-10
67	-7.02765789641e-10
68	-7.22192782708e-10
69	-7.41619775776e-10
70	-7.61046768843e-10
71	-7.8047376191e-10
72	-7.99900754978e-10
73	-8.19327748045e-10
74	-8.38754741113e-10
75	-8.5818173418e-10
76	-8.77608727248e-10
77	-8.97035720315e-10
78	-9.16462713382e-10
79	-9.3588970645e-10
80	-9.55316699517e-10
81	-9.74743692585e-10
82	-9.94170685652e-10
83	-1.01359767872e-09
84	-1.03302467179e-09
85	-1.05245166485e-09
86	-1.07187865792e-09
87	-1.09130565099e-09
88	-1.11563417879e-09
89	-1.14486425463e-09
90	-1.17409433046e-09
91	-1.20332440629e-09
92	-1.23255448212e-09
93	-1.26178455795e-09
94	-1.29101463379e-09
95	-1.32024470962e-09
96	-1.34947478545e-09
97	-1.37870486128e-09
98	-1.40793493712e-09
99	-1.43716501295e-09
100	-1.46639508878e-09
101	-1.49562516461e-09
102	-1.52485524044e-09
103	-1.55408531628e-09
104	-1.58331539211e-09
105	-1.61254546794e-09
106	-1.64177554377e-09
107	-1.6710056196e-09
108	-1.70023569544e-09
109	-1.72946577127e-09
110	-1.7586958471e-09
111	-1.78792592293e-09
112	-1.81715599877e-09
113	-1.86535614433e-09
114	-1.93252642576e-09
115	-1.99969670719e-09
116	-2.06686698862e-09
117	-2.13403727005e-09
118	-2.20120755148e-09
119	-2.26837783291e-09
120	-2.33554811434e-09
121	-2.40271839576e-09
122	-2.46988867719e-09
123	-2.53705895862e-09
124	-2.60422924005e-09
125	-2.67139952148e-09
126	-2.73856980291e-09
127	-2.80574008434e-09
128	-2.87291036577e-09
129	-2.9400806472e-09
130	-3.00725092863e-09
131	-3.07442121006e-09
132	-3.14159149148e-09
133	-3.20876177291e-09
134	-3.27593205434e-09
135	-3.34310233577e-09
136	-3.4102726172e-09
137	-3.47744289863e-09
138	-3.59510915708e-09
139	-3.76327160768e-09
140	-3.93143405829e-09
141	-4.09959650889e-09
142	-4.26775895949e-09
143	-4.4359214101e-09
144	-4.6040838607e-09
145	-4.77224631131e-09
146	-4.94040876191e-09
147	-5.10857121251e-09
148	-5.27673366312e-09
149	-5.44489611372e-09
150	-5.61305856433e-09
151	-5.78122101493e-09
152	-5.94938346554e-09
153	-6.11754591614e-09
154	-6.28570836674e-09
155	-6.45387081735e-09
156	-6.62203326795e-09
157	-6.79019571856e-09
158	-6.95835816916e-09
159	-7.12652061976e-09
160	-7.29468307037e-09
161	-7.46284552097e-09
162	-7.63100797158e-09
163	-7.8878642425e-09
164	-8.23341478033e-09
165	-8.57896531817e-09
166	-8.924515856e-09
167	-9.27006639383e-09
168	-9.61561693167e-09
169	-9.9611674695e-09
170	-1.03067180073e-08
171	-1.06522685452e-08
172	-1.0997819083e-08
173	-1.13433696208e-08
174	-1.16889201587e-08
175	-1.20344706965e-08
176	-1.23800212343e-08
177	-1.27255717722e-08
178	-1.307112231e-08
179	-1.34166728478e-08
180	-1.37622233857e-08
181	-1.41077739235e-08
182	-1.44533244613e-08
183	-1.47988749992e-08
184	-1.5144425537e-08
185	-1.54899760748e-08
186	-1.58355266127e-08
187	-1.61810771505e-08
188	-1.67362072139e-08
189	-1.75009180206e-08
190	-1.82656288273e-08
191	-1.90303396339e-08
192	-1.97950504406e-08
193	-2.05597612472e-08
194	-2.13244720539e-08
195	-2.20891828605e-08
196	-2.28538936672e-08
197	-2.36186044739e-08
198	-2.43833152805e-08
199	-2.51480260872e-08
200	-2.59127368938e-08
201	-2.66774477005e-08
202	-2.74421585072e-08
203	-2.82068693138e-08
204	-2.89715801205e-08
205	-2.97362909271e-08
206	-3.05010017338e-08
207	-3.12657125405e-08
208	-3.20304233471e-08
209	-3.27951341538e-08
210	-3.35598449604e-08
211	-3.43245557671e-08
212	-3.50892665738e-08
213	-3.66314676807e-08
214	-3.89511642072e-08
215	-4.12708607337e-08
216	-4.35905572602e-08
217	-4.59102537867e-08
218	-4.82299503132e-08
219	-5.05496468397e-08
220	-5.28693433662e-08
221	-5.51890398927e-08
222	-5.75087364192e-08
223	-5.98284329457e-08
224	-6.21481294722e-08
225	-6.44678259987e-08
226	-6.67875225252e-08
227	-6.91072190517e-08
228	-7.14269155782e-08
229	-7.37466121047e-08
230	-7.60663086312e-08
231	-7.83860051577e-08
232	-8.07057016842e-08
233	-8.30253982107e-08
234	-8.53450947372e-08
235	-8.76647912637e-08
236	-8.99844877902e-08
237	-9.23041843167e-08
238	-9.92393364385e-08
239	-1.10789978121e-07
240	-1.22340619804e-07
241	-1.33891261486e-07
242	-1.45441903169e-07
243	-1.56992544851e-07
244	-1.68543186534e-07
245	-1.80093828216e-07
246	-1.91644469899e-07
247	-2.03195111581e-07
248	-2.14745753264e-07
249	-2.26296394946e-07
250	-2.37847036629e-07
251	-2.49397678311e-07
252	-2.60948319994e-07
253	-2.72498961676e-07
254	-2.84049603359e-07
255	-2.95600245041e-07
256	-3.07150886724e-07
257	-3.18701528406e-07
258	-3.30252170089e-07
259	-3.41802811772e-07
260	-3.53353453454e-07
261	-3.64904095137e-07
262	-3.76454736819e-07
263	-4.26520575096e-07
264	-5.1510192324e-07
265	-6.03683271383e-07
266	-6.92264619526e-07
267	-7.8084596767e-07
268	-8.69427315813e-07
269	-9.58008663957e-07
270	-1.0465900121e-06
271	-1.13517136024e-06
272	-1.22375270839e-06
273	-1.31233405653e-06
274	-1.40091540467e-06
275	-1.48949675282e-06
276	-1.57807810096e-06
277	-1.6666594491e-06
278	-1.75524079725e-06
279	-1.84382214539e-06
280	-1.93240349353e-06
281	-2.02098484168e-06
282	-2.10956618982e-06
283	-2.19814753796e-06
284	-2.28672888611e-06
285	-2.37531023425e-06
286	-2.46389158239e-06
287	-2.55247293054e-06
288	-2.98631784905e-06
289	-3.76542941368e-06
290	-4.5445409783e-06
291	-5.32365254292e-06
292	-6.10276410755e-06
293	-6.88187567217e-06
294	-7.66098723679e-06
295	-8.44009880141e-06
296	-9.21921036604e-06
297	-9.99832193066e-06
298	-1.07774334953e-05
299	-1.15565450599e-05
300	-1.23356566245e-05
301	-1.31147681892e-05
302	-1.38938797538e-05
303	-1.46729913184e-05
304	-1.5452102883e-05
305	-1.62312144476e-05
306	-1.70103260123e-05
307	-1.77894375769e-05
308	-1.85685491415e-05
309	-1.93476607061e-05
310	-2.01267722708e-05
311	-2.09058838354e-05
312	-2.16849954e-05
313	-1.88213756711e-05
314	-1.23149893761e-05
315	-5.80860308102e-06
316	6.97783214021e-07
317	7.20416950906e-06
318	1.37105558041e-05
319	2.02169420991e-05
320	2.67233283942e-05
321	3.32297146892e-05
322	3.97361009842e-05
323	4.62424872793e-05
324	5.27488735743e-05
325	5.92552598693e-05
326	6.57616461644e-05
327	7.22680324594e-05
328	7.87744187545e-05
329	8.52808050495e-05
330	9.17871913445e-05
331	9.82935776396e-05
332	0.000104799963935
333	0.00011130635023
334	0.000117812736525
335	0.00012431912282
336	0.000130825509115
337	0.00013733189541
338	0.000141967874841
339	0.000144733427849
340	0.000147498980857
341	0.000150264533864
342	0.000153030086872
343	0.00015579563988
344	0.000158561192888
345	0.000161326745895
346	0.000164092298903
347	0.000166857851911
348	0.000169623404919
349	0.000172388957926
350	0.000175154510934
351	0.000177920063942
352	0.00018068561695
353	0.000183451169957
354	0.000186216722965
355	0.000188982275973
356	0.000191747828981
357	0.000194513381988
358	0.000197278934996
359	0.000200044488004
360	0.000202810041012
361	0.000205575594019
362	0.000208341147027
363	0.000210305569257
364	0.000211468851711
365	0.000212632134165
366	0.000213795416619
367	0.000214958699072
368	0.000216121981526
369	0.00021728526398
370	0.000218448546434
371	0.000219611828888
372	0.000220775111341
373	0.000221938393795
374	0.000223101676249
375	0.000224264958703
376	0.000225428241157
377	0.00022659152361
378	0.000227754806064
379	0.000228918088518
380	0.000230081370972
381	0.000231244653426
382	0.000232407935879
383	0.000233571218333
384	0.000234734500787
385	0.000235897783241
386	0.000237061065695
387	0.000238224348148
388	0.000252936903866
389	0.000281198895531
390	0.000309460887197
391	0.000337722878863
392	0.000365984870528
393	0.000394246862194
394	0.00042250885386
395	0.000450770845525
396	0.000479032837191
397	0.000507294828857
398	0.000535556820522
399	0.000563818812188
400	0.000592080803854
401	0.000620342795519
402	0.000648604787185
403	0.000676866778851
404	0.000705128770516
405	0.000733390762182
406	0.000761652753848
407	0.000789914745513
408	0.000818176737179
409	0.000846438728845
410	0.00087470072051
411	0.000902962712176
412	0.000931224703842
413	0.000946531375624
414	0.000948882561935
415	0.000951233748245
416	0.000953584934556
417	0.000955936120866
418	0.000958287307176
419	0.000960638493487
420	0.000962989679797
421	0.000965340866108
422	0.000967692052418
423	0.000970043238728
424	0.000972394425039
425	0.000974745611349
426	0.00097709679766
427	0.00097944798397
428	0.000981799170281
429	0.000984150356591
430	0.000986501542901
431	0.000988852729212
432	0.000991203915522
433	0.000993555101833
434	0.000995906288143
435	0.000998257474453
436	0.00100060866076
437	0.00100295984707
438	0.00100077656764
439	0.00099405876099
440	0.00098734095434
441	0.00098062314769
442	0.00097390534104
443	0.00096718753439
444	0.00096046972774
445	0.000953751921091
446	0.000947034114441
447	0.000940316307791
448	0.000933598501141
449	0.000926880694491
450	0.000920162887841
451	0.000913445081191
452	0.000906727274541
453	0.000900009467892
454	0.000893291661242
455	0.000886573854592
456	0.000879856047942
457	0.000873138241292
458	0.000866420434642
459	0.000859702627992
460	0.000852984821343
461	0.000846267014693
462	0.000839549208043
463	0.000874825655714
464	0.000952096959522
465	0.00102936826333
466	0.00110663956714
467	0.00118391087095
468	0.00126118217475
469	0.00133845347856
470	0.00141572478237
471	0.00149299608618
472	0.00157026738998
473	0.00164753869379
474	0.0017248099976
475	0.00180208130141
476	0.00187935260522
477	0.00195662390902
478	0.00203389521283
479	0.00211116651664
480	0.00218843782045
481	0.00226570912425
482	0.00234298042806
483	0.00242025173187
484	0.00249752303568
485	0.00257479433948
486	0.00265206564329
487	0.0027293369471
488	0.00277361646885
489	0.00278490371018
490	0.00279619095151
491	0.00280747819285
492	0.00281876543418
493	0.00283005267551
494	0.00284133991684
495	0.00285262715818
496	0.00286391439951
497	0.00287520164084
498	0.00288648888217
499	0.00289777612351
500	0.00290906336484
501	0.00292035060617
502	0.0029316378475
503	0.00294292508884
504	0.00295421233017
505	0.0029654995715
506	0.00297678681283
507	0.00298807405417
508	0.0029993612955
509	0.00301064853683
510	0.00302193577816
511	0.0030332230195
512	0.00304451026083
513	0.00306192329162
514	0.00308546220915
515	0.00310900112668
516	0.00313254004421
517	0.00315607896174
518	0.00317961787927
519	0.0032031567968
520	0.00322669571433
521	0.00325023463186
522	0.00327377354939
523	0.00329731246692
524	0.00332085138445
525	0.00334439030197
526	0.0033679292195
527	0.00339146813703
528	0.00341500705456
529	0.00343854597209
530	0.00346208488962
531	0.00348562380715
532	0.00350916272468
533	0.00353270164221
534	0.00355624055974
535	0.00357977947727
536	0.0036033183948
537	0.00362685731233
538	0.00363951962836
539	0.00364130516176
540	0.00364309069515
541	0.00364487622855
542	0.00364666176194
543	0.00364844729534
544	0.00365023282874
545	0.00365201836213
546	0.00365380389553
547	0.00365558942892
548	0.00365737496232
549	0.00365916049571
550	0.00366094602911
551	0.0036627315625
552	0.0036645170959
553	0.00366630262929
554	0.00366808816269
555	0.00366987369608
556	0.00367165922948
557	0.00367344476287
558	0.00367523029627
559	0.00367701582966
560	0.00367880136306
561	0.00368058689645
562	0.00368237242985
563	0.0036848945294
564	0.00368815320795
565	0.0036914118865
566	0.00369467056505
567	0.00369792924359
568	0.00370118792214
569	0.00370444660069
570	0.00370770527924
571	0.00371096395779
572	0.00371422263633
573	0.00371748131488
574	0.00372073999343
575	0.00372399867198
576	0.00372725735053
577	0.00373051602907
578	0.00373377470762
579	0.00373703338617
580	0.00374029206472
581	0.00374355074327
582	0.00374680942182
583	0.00375006810036
584	0.00375332677891
585	0.00375658545746
586	0.00375984413601
587	0.00376310281456
588	0.00378022158568
589	0.00381120070168
590	0.00384217981768
591	0.00387315893368
592	0.00390413804968
593	0.00393511716569
594	0.00396609628169
595	0.00399707539769
596	0.00402805451369
597	0.00405903362969
598	0.0040900127457
599	0.0041209918617
600	0.0041519709777
601	0.0041829500937
602	0.00421392920971
603	0.00424490832571
604	0.00427588744171
605	0.00430686655771
606	0.00433784567371
607	0.00436882478972
608	0.00439980390572
609	0.00443078302172
610	0.00446176213772
611	0.00449274125372
612	0.00452372036973
613	0.00454694668294
614	0.00456242004624
615	0.00457789340953
616	0.00459336677282
617	0.00460884013612
618	0.00462431349941
619	0.0046397868627
620	0.004655260226
621	0.00467073358929
622	0.00468620695258
623	0.00470168031588
624	0.00471715367917
625	0.00473262704246
626	0.00474810040576
627	0.00476357376905
628	0.00477904713234
629	0.00479452049564
630	0.00480999385893
631	0.00482546722223
632	0.00484094058552
633	0.00485641394881
634	0.00487188731211
635	0.0048873606754
636	0.00490283403869
637	0.00491830740199
638	0.00494522282333
639	0.00498358052873
640	0.00502193823414
641	0.00506029593954
642	0.00509865364495
643	0.00513701135036
644	0.00517536905576
645	0.00521372676117
646	0.00525208446657
647	0.00529044217198
648	0.00532879987738
649	0.00536715758279
650	0.0054055152882
651	0.0054438729936
652	0.00548223069901
653	0.00552058840441
654	0.00555894610982
655	0.00559730381523
656	0.00563566152063
657	0.00567401922604
658	0.00571237693144
659	0.00575073463685
660	0.00578909234226
661	0.00582745004766
662	0.00586580775307
663	0.00585521931622
664	0.00579568373234
665	0.00573614814847
666	0.0056766125646
667	0.00561707698072
668	0.00555754139685
669	0.00549800581297
670	0.0054384702291
671	0.00537893464522
672	0.00531939906135
673	0.00525986347747
674	0.0052003278936
675	0.00514079230972
676	0.00508125672585
677	0.00502172114198
678	0.0049621855581
679	0.00490264997423
680	0.00484311439035
681	0.00478357880648
682	0.0047240432226
683	0.00466450763873
684	0.00460497205485
685	0.00454543647098
686	0.0044859008871
687	0.00442636530323
688	0.00432702347877
689	0.00418787456576
690	0.00404872565274
691	0.00390957673972
692	0.0037704278267
693	0.00363127891368
694	0.00349213000067
695	0.00335298108765
696	0.00321383217463
697	0.00307468326161
698	0.00293553434859
699	0.00279638543558
700	0.00265723652256
701	0.00251808760954
702	0.00237893869652
703	0.00223978978351
704	0.00210064087049
705	0.00196149195747
706	0.00182234304445
707	0.00168319413143
708	0.00154404521842
709	0.0014048963054
710	0.00126574739238
711	0.00112659847936
712	0.000987449566344
713	0.000905910844673
714	0.000881983586233
715	0.000858056327792
716	0.000834129069351
717	0.000810201810911
718	0.00078627455247
719	0.000762347294029
720	0.000738420035589
721	0.000714492777148
722	0.000690565518708
723	0.000666638260267
724	0.000642711001826
725	0.000618783743386
726	0.000594856484945
727	0.000570929226504
728	0.000547001968064
729	0.000523074709623
730	0.000499147451183
731	0.000475220192742
732	0.000451292934301
733	0.000427365675861
734	0.00040343841742
735	0.000379511158979
736	0.000355583900539
737	0.000331656642098
738	0.00031438079714
739	0.000303756517664
740	0.000293132238188
741	0.000282507958711
742	0.000271883679235
743	0.000261259399758
744	0.000250635120282
745	0.000240010840805
746	0.000229386561329
747	0.000218762281852
748	0.000208138002376
749	0.000197513722899
750	0.000186889443423
751	0.000176265163946
752	0.00016564088447
753	0.000155016604993
754	0.000144392325517
755	0.00013376804604
756	0.000123143766564
757	0.000112519487087
758	0.000101895207611
759	9.12709281343e-05
760	8.06466486578e-05
761	7.00223691813e-05
762	5.93980897049e-05
763	5.27537180873e-05
764	5.00893483609e-05
765	4.74249786344e-05
766	4.4760608908e-05
767	4.20962391816e-05
768	3.94318694551e-05
769	3.67674997287e-05
770	3.41031300022e-05
771	3.14387602758e-05
772	2.87743905493e-05
773	2.61100208229e-05
774	2.34456510964e-05
775	2.078128137e-05
776	1.81169116435e-05
777	1.54525419171e-05
778	1.27881721906e-05
779	1.01238024642e-05
780	7.45943273773e-06
781	4.79506301128e-06
782	2.13069328483e-06
783	-5.33676441617e-07
784	-3.19804616807e-06
785	-5.86241589451e-06
786	-8.52678562096e-06
787	-1.11911553474e-05
788	-1.28846232584e-05
789	-1.36071656626e-05
790	-1.43297080668e-05
791	-1.5052250471e-05
792	-1.57747928752e-05
793	-1.64973352793e-05
794	-1.72198776835e-05
795	-1.79424200877e-05
796	-1.86649624919e-05
797	-1.93875048961e-05
798	-2.01100473003e-05
799	-2.08325897045e-05
800	-2.15551321087e-05
801	-2.22776745129e-05
802	-2.30002169171e-05
803	-2.37227593213e-05
804	-2.44453017254e-05
805	-2.51678441296e-05
806	-2.58903865338e-05
807	-2.6612928938e-05
808	-2.73354713422e-05
809	-2.80580137464e-05
810	-2.87805561506e-05
811	-2.95030985548e-05
812	-3.0225640959e-05
813	-3.17823391708e-05
814	-3.41732141909e-05
815	-3.6564089211e-05
816	-3.89549642311e-05
817	-4.13458392512e-05
818	-4.37367142713e-05
819	-4.61275892914e-05
820	-4.85184643115e-05
821	-5.09093393316e-05
822	-5.33002143517e-05
823	-5.56910893718e-05
824	-5.80819643919e-05
825	-6.0472839412e-05
826	-6.28637144321e-05
827	-6.52545894522e-05
828	-6.76454644723e-05
829	-7.00363394924e-05
830	-7.24272145125e-05
831	-7.48180895326e-05
832	-7.72089645527e-05
833	-7.95998395728e-05
834	-8.19907145929e-05
835	-8.4381589613e-05
836	-8.67724646331e-05
837	-8.91633396532e-05
838	-9.07115953062e-05
839	-9.14172097255e-05
840	-9.21228241448e-05
841	-9.28284385641e-05
842	-9.35340529834e-05
843	-9.42396674027e-05
844	-9.49452818221e-05
845	-9.56508962414e-05
846	-9.63565106607e-05
847	-9.706212508e-05
848	-9.77677394993e-05
849	-9.84733539186e-05
850	-9.91789683379e-05
851	-9.98845827572e-05
852	-0.000100590197177
853	-0.000101295811596
854	-0.000102001426015
855	-0.000102707040434
856	-0.000103412654854
857	-0.000104118269273
858	-0.000104823883692
859	-0.000105529498112
860	-0.000106235112531
861	-0.00010694072695
862	-0.00010764634137
863	-0.000107632650989
864	-0.000106899636584
865	-0.000106166622179
866	-0.000105433607774
867	-0.000104700593369
868	-0.000103967578964
869	-0.000103234564559
870	-0.000102501550154
871	-0.000101768535749
872	-0.000101035521344
873	-0.000100302506939
874	-9.95694925342e-05
875	-9.88364781292e-05
876	-9.81034637243e-05
877	-9.73704493193e-05
878	-9.66374349144e-05
879	-9.59044205094e-05
880	-9.51714061045e-05
881	-9.44383916995e-05
882	-9.37053772946e-05
883	-9.29723628896e-05
884	-9.22393484847e-05
885	-9.15063340797e-05
886	-9.07733196748e-05
887	-9.00403052698e-05
888	-9.01390362151e-05
889	-9.10695353835e-05
890	-9.20000345519e-05
891	-9.29305337204e-05
892	-9.38610328888e-05
893	-9.47915320572e-05
894	-9.57220312257e-05
895	-9.66525303941e-05
896	-9.75830295625e-05
897	-9.8513528731e-05
898	-9.94440278994e-05
899	-0.000100374527068
900	-0.000101305026236
901	-0.000102235525405
902	-0.000103166024573
903	-0.000104096523742
904	-0.00010502702291
905	-0.000105957522078
906	-0.000106888021247
907	-0.000107818520415
908	-0.000108749019584
909	-0.000109679518752
910	-0.000110610017921
911	-0.000111540517089
912	-0.000112471016257
913	-0.000112985007904
914	-0.000113082480252
915	-0.0001131799526
916	-0.000113277424948
917	-0.000113374897296
918	-0.000113472369644
919	-0.000113569841991
920	-0.000113667314339
921	-0.000113764786687
922	-0.000113862259035
923	-0.000113959731383
924	-0.000114057203731
925	-0.000114154676079
926	-0.000114252148427
927	-0.000114349620775
928	-0.000114447093123
929	-0.000114544565471
930	-0.000114642037819
931	-0.000114739510167
932	-0.000114836982514
933	-0.000114934454862
934	-0.00011503192721
935	-0.000115129399558
936	-0.000115226871906
937	-0.000115324344254
938	-0.000115413395566
939	-0.000115494025598
940	-0.000115574655629
941	-0.00011565528566
942	-0.000115735915692
943	-0.000115816545723
944	-0.000115897175755
945	-0.000115977805786
946	-0.000116058435818
947	-0.000116139065849
948	-0.000116219695881
949	-0.000116300325912
950	-0.000116380955943
951	-0.000116461585975
952	-0.000116542216006
953	-0.000116622846038
954	-0.000116703476069
955	-0.000116784106101
956	-0.000116864736132
957	-0.000116945366163
958	-0.000117025996195
959	-0.000117106626226
960	-0.000117187256258
961	-0.000117267886289
962	-0.000117348516321
963	-0.000117203427196
964	-0.000116832612182
965	-0.000116461797169
966	-0.000116090982156
967	-0.000115720167142
968	-0.000115349352129
969	-0.000114978537115
970	-0.000114607722102
971	-0.000114236907089
972	-0.000113866092075
973	-0.000113495277062
974	-0.000113124462049
975	-0.000112753647035
976	-0.000112382832022
977	-0.000112012017008
978	-0.000111641201995
979	-0.000111270386982
980	-0.000110899571968
981	-0.000110528756955
982	-0.000110157941942
983	-0.000109787126928
984	-0.000109416311915
985	-0.000109045496901
986	-0.000108674681888
987	-0.000108303866875
988	-0.00010798429215
989	-0.000107715959283
990	-0.000107447626415
991	-0.000107179293547
992	-0.00010691096068
993	-0.000106642627812
994	-0.000106374294944
995	-0.000106105962077
996	-0.000105837629209
997	-0.000105569296341
998	-0.000105300963474
999	-0.000105032630606
1000	-0.000104764297738
1001	-0.000104495964871
1002	-0.000104227632003
1003	-0.000103959299135
1004	-0.000103690966268
1005	-0.0001034226334
1006	-0.000103154300532
1007	-0.000102885967664
1008	-0.000102617634797
1009	-0.000102349301929
1010	-0.000102080969061
1011	-0.000101812636194
1012	-0.000101544303326
1013	-0.000101999361689
1014	-0.000103177833979
1015	-0.000104356306268
1016	-0.000105534778557
1017	-0.000106713250847
1018	-0.000107891723136
1019	-0.000109070195425
1020	-0.000110248667715
1021	-0.000111427140004
1022	-0.000112605612293
1023	-0.000113784084583
1024	-0.000114962556872
1025	-0.000116141029161
1026	-0.000117319501451
1027	-0.00011849797374
1028	-0.000119676446029
1029	-0.000120854918319
1030	-0.000122033390608
1031	-0.000123211862897
1032	-0.000124390335187
1033	-0.000125568807476
1034	-0.000126747279765
1035	-0.000127925752055
1036	-0.000129104224344
1037	-0.000130282696633
1038	-0.000130834700453
1039	-0.000130760215664
1040	-0.000130685730875
1041	-0.000130611246086
1042	-0.000130536761297
1043	-0.000130462276508
1044	-0.000130387791719
1045	-0.00013031330693
1046	-0.000130238822141
1047	-0.000130164337352
1048	-0.000130089852562
1049	-0.000130015367773
1050	-0.000129940882984
1051	-0.000129866398195
1052	-0.000129791913406
1053	-0.000129717428617
1054	-0.000129642943828
1055	-0.000129568459039
1056	-0.00012949397425
1057	-0.000129419489461
1058	-0.000129345004672
1059	-0.000129270519883
1060	-0.000129196035094
1061	-0.000129121550304
1062	-0.000129047065515
1063	-0.000129331298575
1064	-0.000129974261295
1065	-0.000130617224014
1066	-0.000131260186733
1067	-0.000131903149452
1068	-0.000132546112171
1069	-0.000133189074891
1070	-0.00013383203761
1071	-0.000134475000329
1072	-0.000135117963048
1073	-0.000135760925767
1074	-0.000136403888487
1075	-0.000137046851206
1076	-0.000137689813925
1077	-0.000138332776644
1078	-0.000138975739363
1079	-0.000139618702083
1080	-0.000140261664802
1081	-0.000140904627521
1082	-0.00014154759024
1083	-0.000142190552959
1084	-0.000142833515678
1085	-0.000143476478398
1086	-0.000144119441117
1087	-0.000144762403836
1088	-0.00014259779215
1089	-0.00013762551145
1090	-0.00013265323075
1091	-0.00012768095005
1092	-0.00012270866935
1093	-0.000117736388651
1094	-0.000112764107951
1095	-0.000107791827251
1096	-0.000102819546551
1097	-9.78472658515e-05
1098	-9.28749851517e-05
1099	-8.79027044519e-05
1100	-8.29304237521e-05
1101	-7.79581430524e-05
1102	-7.29858623526e-05
1103	-6.80135816528e-05
1104	-6.3041300953e-05
1105	-5.80690202532e-05
1106	-5.30967395535e-05
1107	-4.81244588537e-05
1108	-4.31521781539e-05
1109	-3.81798974541e-05
1110	-3.32076167543e-05
1111	-2.82353360545e-05
1112	-2.32630553548e-05
1113	-2.04183336751e-05
1114	-1.97012443567e-05
1115	-1.89841550382e-05
1116	-1.82670657198e-05
1117	-1.75499764013e-05
1118	-1.68328870829e-05
1119	-1.61157977644e-05
1120	-1.5398708446e-05
1121	-1.46816191275e-05
1122	-1.39645298091e-05
1123	-1.32474404906e-05
1124	-1.25303511722e-05
1125	-1.18132618537e-05
1126	-1.10961725352e-05
1127	-1.03790832168e-05
1128	-9.66199389835e-06
1129	-8.94490457989e-06
1130	-8.22781526144e-06
1131	-7.51072594299e-06
1132	-6.79363662454e-06
1133	-6.07654730609e-06
1134	-5.35945798764e-06
1135	-4.64236866919e-06
1136	-3.92527935073e-06
1137	-3.20819003228e-06
1138	-2.78823600221e-06
1139	-2.66542773352e-06
1140	-2.54261946484e-06
1141	-2.41981119615e-06
1142	-2.29700292746e-06
1143	-2.17419465878e-06
1144	-2.05138639009e-06
1145	-1.92857812141e-06
1146	-1.80576985272e-06
1147	-1.68296158403e-06
1148	-1.56015331535e-06
1149	-1.43734504666e-06
1150	-1.31453677797e-06
1151	-1.19172850929e-06
1152	-1.0689202406e-06
1153	-9.46111971914e-07
1154	-8.23303703227e-07
1155	-7.00495434541e-07
1156	-5.77687165854e-07
1157	-4.54878897168e-07
1158	-3.32070628482e-07
1159	-2.09262359795e-07
1160	-8.64540911088e-08
1161	3.63541775776e-08
1162	1.59162446264e-07
1163	2.360338551e-07
1164	2.66966749381e-07
1165	2.97899643662e-07
1166	3.28832537943e-07
1167	3.59765432225e-07
1168	3.90698326506e-07
1169	4.21631220787e-07
1170	4.52564115069e-07
1171	4.8349700935e-07
1172	5.14429903631e-07
1173	5.45362797913e-07
1174	5.76295692194e-07
1175	6.07228586475e-07
1176	6.38161480757e-07
1177	6.69094375038e-07
1178	7.00027269319e-07
1179	7.30960163601e-07
1180	7.61893057882e-07
1181	7.92825952163e-07
1182	8.23758846445e-07
1183	8.54691740726e-07
1184	8.85624635007e-07
1185	9.16557529288e-07
1186	9.4749042357e-07
1187	9.78423317851e-07
1188	1.00579841909e-06
1189	1.02961559637e-06
1190	1.05343277365e-06
1191	1.07724995093e-06
1192	1.10106712822e-06
1193	1.1248843055e-06
1194	1.14870148278e-06
1195	1.17251866006e-06
1196	1.19633583734e-06
1197	1.22015301463e-06
1198	1.24397019191e-06
1199	1.26778736919e-06
1200	1.29160454647e-06
1201	1.31542172375e-06
1202	1.33923890103e-06
1203	1.36305607832e-06
1204	1.3868732556e-06
1205	1.41069043288e-06
1206	1.43450761016e-06
1207	1.45832478744e-06
1208	1.48214196473e-06
1209	1.50595914201e-06
1210	1.52977631929e-06
1211	1.55359349657e-06
1212	1.57741067385e-06
1213	1.58246595159e-06
1214	1.56875862488e-06
1215	1.55505129817e-06
1216	1.54134397146e-06
1217	1.52763664476e-06
1218	1.51392931805e-06
1219	1.50022199134e-06
1220	1.48651466463e-06
1221	1.47280733792e-06
1222	1.45910001122e-06
1223	1.44539268451e-06
1224	1.4316853578e-06
1225	1.41797803109e-06
1226	1.40427070439e-06
1227	1.39056337768e-06
1228	1.37685605097e-06
1229	1.36314872426e-06
1230	1.34944139755e-06
1231	1.33573407085e-06
1232	1.32202674414e-06
1233	1.30831941743e-06
1234	1.29461209072e-06
1235	1.28090476401e-06
1236	1.26719743731e-06
1237	1.2534901106e-06
1238	1.27499504123e-06
1239	1.33171357943e-06
1240	1.38843211763e-06
1241	1.44515065582e-06
1242	1.50186919402e-06
1243	1.55858773222e-06
1244	1.61530627042e-06
1245	1.67202480861e-06
1246	1.72874334681e-06
1247	1.78546188501e-06
1248	1.84218042321e-06
1249	1.8988989614e-06
1250	1.9556174996e-06
1251	2.0123360378e-06
1252	2.06905457599e-06
1253	2.12577311419e-06
1254	2.18249165239e-06
1255	2.23921019059e-06
1256	2.29592872878e-06
1257	2.35264726698e-06
1258	2.40936580518e-06
1259	2.46608434338e-06
1260	2.52280288157e-06
1261	2.57952141977e-06
1262	2.63623995797e-06
1263	2.64255524979e-06
1264	2.59846532347e-06
1265	2.55437539715e-06
1266	2.51028547083e-06
1267	2.46619554451e-06
1268	2.42210561819e-06
1269	2.37801569187e-06
1270	2.33392576555e-06
1271	2.28983583923e-06
1272	2.24574591291e-06
1273	2.20165598659e-06
1274	2.15756606027e-06
1275	2.11347613395e-06
1276	2.06938620763e-06
1277	2.02529628131e-06
1278	1.98120635499e-06
1279	1.93711642867e-06
1280	1.89302650235e-06
1281	1.84893657603e-06
1282	1.80484664971e-06
1283	1.76075672339e-06
1284	1.71666679707e-06
1285	1.67257687075e-06
1286	1.62848694443e-06
1287	1.58439701811e-06
1288	1.58180383077e-06
1289	1.6207090379e-06
1290	1.65961424503e-06
1291	1.69851945216e-06
1292	1.73742465929e-06
1293	1.77632986642e-06
1294	1.81523507356e-06
1295	1.85414028069e-06
1296	1.89304548782e-06
1297	1.93195069495e-06
1298	1.97085590208e-06
1299	2.00976110921e-06
1300	2.04866631634e-06
1301	2.08757152347e-06
1302	2.1264767306e-06
1303	2.16538193773e-06
1304	2.20428714486e-06
1305	2.24319235199e-06
1306	2.28209755913e-06
1307	2.32100276626e-06
1308	2.35990797339e-06
1309	2.39881318052e-06
1310	2.43771838765e-06
1311	2.47662359478e-06
1312	2.51552880191e-06
1313	2.52705619829e-06
1314	2.51120467049e-06
1315	2.49535314269e-06
1316	2.47950161488e-06
1317	2.46365008708e-06
1318	2.44779855928e-06
1319	2.43194703148e-06
1320	2.41609550367e-06
1321	2.40024397587e-06
1322	2.38439244807e-06
1323	2.36854092026e-06
1324	2.35268939246e-06
1325	2.33683786466e-06
1326	2.32098633686e-06
1327	2.30513480905e-06
1328	2.28928328125e-06
1329	2.27343175345e-06
1330	2.25758022564e-06
1331	2.24172869784e-06
1332	2.22587717004e-06
1333	2.21002564224e-06
1334	2.19417411443e-06
1335	2.17832258663e-06
1336	2.16247105883e-06
1337	2.14661953103e-06
1338	2.12543895261e-06
1339	2.09892910273e-06
1340	2.07241925285e-06
1341	2.04590940297e-06
1342	2.01939955309e-06
1343	1.99288970322e-06
1344	1.96637985334e-06
1345	1.93987000346e-06
1346	1.91336015358e-06
1347	1.8868503037e-06
1348	1.86034045382e-06
1349	1.83383060394e-06
1350	1.80732075406e-06
1351	1.78081090418e-06
1352	1.7543010543e-06
1353	1.72779120442e-06
1354	1.70128135454e-06
1355	1.67477150466e-06
1356	1.64826165478e-06
1357	1.6217518049e-06
1358	1.59524195502e-06
1359	1.56873210514e-06
1360	1.54222225526e-06
1361	1.51571240538e-06
1362	1.4892025555e-06
1363	1.49229073192e-06
1364	1.52497818423e-06
1365	1.55766563653e-06
1366	1.59035308884e-06
1367	1.62304054114e-06
1368	1.65572799345e-06
1369	1.68841544575e-06
1370	1.72110289806e-06
1371	1.75379035037e-06
1372	1.78647780267e-06
1373	1.81916525498e-06
1374	1.85185270728e-06
1375	1.88454015959e-06
1376	1.91722761189e-06
1377	1.9499150642e-06
1378	1.9826025165e-06
1379	2.01528996881e-06
1380	2.04797742111e-06
1381	2.08066487342e-06
1382	2.11335232572e-06
1383	2.14603977803e-06
1384	2.17872723034e-06
1385	2.21141468264e-06
1386	2.24410213495e-06
1387	2.27678958725e-06
1388	2.28211005211e-06
1389	2.26006235291e-06
1390	2.23801465372e-06
1391	2.21596695453e-06
1392	2.19391925534e-06
1393	2.17187155615e-06
1394	2.14982385695e-06
1395	2.12777615776e-06
1396	2.10572845857e-06
1397	2.08368075938e-06
1398	2.06163306019e-06
1399	2.03958536099e-06
1400	2.0175376618e-06
1401	1.99548996261e-06
1402	1.97344226342e-06
1403	1.95139456423e-06
1404	1.92934686503e-06
1405	1.90729916584e-06
1406	1.88525146665e-06
1407	1.86320376746e-06
1408	1.84115606827e-06
1409	1.81910836907e-06
1410	1.79706066988e-06
1411	1.77501297069e-06
1412	1.7529652715e-06
1413	1.74025754776e-06
1414	1.73689020826e-06
1415	1.73352286876e-06
1416	1.73015552927e-06
1417	1.72678818977e-06
1418	1.72342085027e-06
1419	1.72005351077e-06
1420	1.71668617128e-06
1421	1.71331883178e-06
1422	1.70995149228e-06
1423	1.70658415279e-06
1424	1.70321681329e-06
1425	1.69984947379e-06
1426	1.6964821343e-06
1427	1.6931147948e-06
1428	1.6897474553e-06
1429	1.6863801158e-06
1430	1.68301277631e-06
1431	1.67964543681e-06
1432	1.67627809731e-06
1433	1.67291075782e-06
1434	1.66954341832e-06
1435	1.66617607882e-06
1436	1.66280873932e-06
1437	1.65944139983e-06
1438	1.66333149849e-06
1439	1.67447935857e-06
1440	1.68562721865e-06
1441	1.69677507873e-06
1442	1.70792293881e-06
1443	1.71907079889e-06
1444	1.73021865897e-06
1445	1.74136651905e-06
1446	1.75251437913e-06
1447	1.76366223921e-06
1448	1.77481009929e-06
1449	1.78595795937e-06
1450	1.79710581945e-06
1451	1.80825367953e-06
1452	1.81940153961e-06
1453	1.83054939969e-06
1454	1.84169725977e-06
1455	1.85284511985e-06
1456	1.86399297993e-06
1457	1.87514084001e-06
1458	1.88628870009e-06
1459	1.89743656017e-06
1460	1.90858442025e-06
1461	1.91973228033e-06
1462	1.93088014041e-06
1463	1.92926429531e-06
1464	1.91488416661e-06
1465	1.90050403792e-06
1466	1.88612390922e-06
1467	1.87174378052e-06
1468	1.85736365183e-06
1469	1.84298352313e-06
1470	1.82860339444e-06
1471	1.81422326574e-06
1472	1.79984313705e-06
1473	1.78546300835e-06
1474	1.77108287966e-06
1475	1.75670275096e-06
1476	1.74232262226e-06
1477	1.72794249357e-06
1478	1.71356236487e-06
1479	1.69918223618e-06
1480	1.68480210748e-06
1481	1.67042197879e-06
1482	1.65604185009e-06
1483	1.6416617214e-06
1484	1.6272815927e-06
1485	1.612901464e-06
1486	1.59852133531e-06
1487	1.58414120661e-06
1488	1.55010833104e-06
1489	1.49642180275e-06
1490	1.44273527446e-06
1491	1.38904874617e-06
1492	1.33536221789e-06
1493	1.2816756896e-06
1494	1.22798916131e-06
1495	1.17430263302e-06
1496	1.12061610474e-06
1497	1.06692957645e-06
1498	1.01324304816e-06
1499	9.59556519873e-07
1500	9.05869991585e-07
1501	8.52183463297e-07
1502	7.98496935009e-07
1503	7.44810406722e-07
1504	6.91123878434e-07
1505	6.37437350146e-07
1506	5.83750821858e-07
1507	5.3006429357e-07
1508	4.76377765283e-07
1509	4.22691236995e-07
1510	3.69004708707e-07
1511	3.15318180419e-07
1512	2.61631652132e-07
1513	2.30808843273e-07
1514	2.22850825388e-07
1515	2.14892807503e-07
1516	2.06934789617e-07
1517	1.98976771732e-07
1518	1.91018753847e-07
1519	1.83060735962e-07
1520	1.75102718077e-07
1521	1.67144700192e-07
1522	1.59186682307e-07
1523	1.51228664422e-07
1524	1.43270646537e-07
1525	1.35312628652e-07
1526	1.27354610767e-07
1527	1.19396592882e-07
1528	1.11438574997e-07
1529	1.03480557112e-07
1530	9.5522539227e-08
1531	8.7564521342e-08
1532	7.96065034569e-08
1533	7.16484855719e-08
1534	6.36904676869e-08
1535	5.57324498018e-08
1536	4.77744319168e-08
1537	3.98164140318e-08
1538	3.51646655783e-08
1539	3.38193440712e-08
1540	3.24740225642e-08
1541	3.11287010571e-08
1542	2.97833795501e-08
1543	2.8438058043e-08
1544	2.7092736536e-08
1545	2.57474150289e-08
1546	2.44020935219e-08
1547	2.30567720149e-08
1548	2.17114505078e-08
1549	2.03661290008e-08
1550	1.90208074937e-08
1551	1.76754859867e-08
1552	1.63301644796e-08
1553	1.49848429726e-08
1554	1.36395214655e-08
1555	1.22941999585e-08
1556	1.09488784514e-08
1557	9.60355694439e-09
1558	8.25823543734e-09
1559	6.9129139303e-09
1560	5.56759242325e-09
1561	4.2222709162e-09
1562	2.87694940916e-09
1563	1.98364400648e-09
1564	1.54237659298e-09
1565	1.10110917948e-09
1566	6.59841765979e-10
1567	2.18574352477e-10
1568	-2.22693061025e-10
1569	-6.63960474526e-10
1570	-1.10522788803e-09
1571	-1.54649530153e-09
1572	-1.98776271503e-09
1573	-2.42903012853e-09
1574	-2.87029754204e-09
1575	-3.31156495554e-09
1576	-3.75283236904e-09
1577	-4.19409978254e-09
1578	-4.63536719604e-09
1579	-5.07663460954e-09
1580	-5.51790202305e-09
1581	-5.95916943655e-09
1582	-6.40043685005e-09
1583	-6.84170426355e-09
1584	-7.28297167705e-09
1585	-7.72423909055e-09
1586	-8.16550650406e-09
1587	-8.60677391756e-09
1588	-8.99647208552e-09
1589	-9.33459847121e-09
1590	-9.6727248569e-09
1591	-1.00108512426e-08
1592	-1.03489776283e-08
1593	-1.0687104014e-08
1594	-1.10252303997e-08
1595	-1.13633567854e-08
1596	-1.1701483171e-08
1597	-1.20396095567e-08
1598	-1.23777359424e-08
1599	-1.27158623281e-08
1600	-1.30539887138e-08
1601	-1.33921150995e-08
1602	-1.37302414852e-08
1603	-1.40683678709e-08
1604	-1.44064942566e-08
1605	-1.47446206423e-08
1606	-1.5082747028e-08
1607	-1.54208734137e-08
1608	-1.57589997993e-08
1609	-1.6097126185e-08
1610	-1.64352525707e-08
1611	-1.67733789564e-08
1612	-1.71115053421e-08
1613	-1.7587017057e-08
1614	-1.81999209657e-08
1615	-1.88128248744e-08
1616	-1.9425728783e-08
1617	-2.00386326917e-08
1618	-2.06515366004e-08
1619	-2.12644405091e-08
1620	-2.18773444177e-08
1621	-2.24902483264e-08
1622	-2.31031522351e-08
1623	-2.37160561437e-08
1624	-2.43289600524e-08
1625	-2.49418639611e-08
1626	-2.55547678697e-08
1627	-2.61676717784e-08
1628	-2.67805756871e-08
1629	-2.73934795957e-08
1630	-2.80063835044e-08
1631	-2.86192874131e-08
1632	-2.92321913218e-08
1633	-2.98450952304e-08
1634	-3.04579991391e-08
1635	-3.10709030478e-08
1636	-3.16838069564e-08
1637	-3.22967108651e-08
1638	-3.23972966297e-08
1639	-3.19855382551e-08
1640	-3.15737798806e-08
1641	-3.11620215061e-08
1642	-3.07502631316e-08
1643	-3.0338504757e-08
1644	-2.99267463825e-08
1645	-2.9514988008e-08
1646	-2.91032296334e-08
1647	-2.86914712589e-08
1648	-2.82797128844e-08
1649	-2.78679545099e-08
1650	-2.74561961353e-08
1651	-2.70444377608e-08
1652	-2.66326793863e-08
1653	-2.62209210117e-08
1654	-2.58091626372e-08
1655	-2.53974042627e-08
1656	-2.49856458882e-08
1657	-2.45738875136e-08
1658	-2.41621291391e-08
1659	-2.37503707646e-08
1660	-2.333861239e-08
1661	-2.29268540155e-08
1662	-2.2515095641e-08
1663	-2.2371068954e-08
1664	-2.24947877466e-08
1665	-2.26185065393e-08
1666	-2.27422253319e-08
1667	-2.28659441246e-08
1668	-2.29896629172e-08
1669	-2.31133817099e-08
1670	-2.32371005025e-08
1671	-2.33608192951e-08
1672	-2.34845380878e-08
1673	-2.36082568804e-08
1674	-2.37319756731e-08
1675	-2.38556944657e-08
1676	-2.39794132584e-08
1677	-2.4103132051e-08
1678	-2.42268508436e-08
1679	-2.43505696363e-08
1680	-2.44742884289e-08
1681	-2.45980072216e-08
1682	-2.47217260142e-08
1683	-2.48454448069e-08
1684	-2.49691635995e-08
1685	-2.50928823921e-08
1686	-2.52166011848e-08
1687	-2.53403199774e-08
1688	-2.52373425096e-08
1689	-2.49076569276e-08
1690	-2.45779713456e-08
1691	-2.42482857635e-08
1692	-2.39186001815e-08
1693	-2.35889145995e-08
1694	-2.32592290175e-08
1695	-2.29295434354e-08
1696	-2.25998578534e-08
1697	-2.22701722714e-08
1698	-2.19404866893e-08
1699	-2.16108011073e-08
1700	-2.12811155253e-08
1701	-2.09514299432e-08
1702	-2.06217443612e-08
1703	-2.02920587792e-08
1704	-1.99623731972e-08
1705	-1.96326876151e-08
1706	-1.93030020331e-08
1707	-1.89733164511e-08
1708	-1.8643630869e-08
1709	-1.8313945287e-08
1710	-1.7984259705e-08
1711	-1.76545741229e-08
1712	-1.73248885409e-08
1713	-1.73276293313e-08
1714	-1.76628141339e-08
1715	-1.79979989365e-08
1716	-1.83331837391e-08
1717	-1.86683685417e-08
1718	-1.90035533444e-08
1719	-1.9338738147e-08
1720	-1.96739229496e-08
1721	-2.00091077522e-08
1722	-2.03442925548e-08
1723	-2.06794773575e-08
1724	-2.10146621601e-08
1725	-2.13498469627e-08
1726	-2.16850317653e-08
1727	-2.20202165679e-08
1728	-2.23554013706e-08
1729	-2.26905861732e-08
1730	-2.30257709758e-08
1731	-2.33609557784e-08
1732	-2.3696140581e-08
1733	-2.40313253837e-08
1734	-2.43665101863e-08
1735	-2.47016949889e-08
1736	-2.50368797915e-08
1737	-2.53720645941e-08
1738	-2.55307767749e-08
1739	-2.55130068327e-08
1740	-2.54952368905e-08
1741	-2.54774669483e-08
1742	-2.54596970061e-08
1743	-2.54419270639e-08
1744	-2.54241571216e-08
1745	-2.54063871794e-08
1746	-2.53886172372e-08
1747	-2.5370847295e-08
1748	-2.53530773528e-08
1749	-2.53353074106e-08
1750	-2.53175374684e-08
1751	-2.52997675262e-08
1752	-2.5281997584e-08
1753	-2.52642276418e-08
1754	-2.52464576996e-08
1755	-2.52286877574e-08
1756	-2.52109178152e-08
1757	-2.5193147873e-08
1758	-2.51753779308e-08
1759	-2.51576079885e-08
1760	-2.51398380463e-08
1761	-2.51220681041e-08
1762	-2.51042981619e-08
1763	-2.50291548007e-08
1764	-2.48966348871e-08
1765	-2.47641149735e-08
1766	-2.463159506e-08
1767	-2.44990751464e-08
1768	-2.43665552328e-08
1769	-2.42340353192e-08
1770	-2.41015154056e-08
1771	-2.3968995492e-08
1772	-2.38364755784e-08
1773	-2.37039556648e-08
1774	-2.35714357513e-08
1775	-2.34389158377e-08
1776	-2.33063959241e-08
1777	-2.31738760105e-08
1778	-2.30413560969e-08
1779	-2.29088361833e-08
1780	-2.27763162697e-08
1781	-2.26437963562e-08
1782	-2.25112764426e-08
1783	-2.2378756529e-08
1784	-2.22462366154e-08
1785	-2.21137167018e-08
1786	-2.19811967882e-08
1787	-2.18486768746e-08
1788	-2.17368719389e-08
1789	-2.16457831283e-08
1790	-2.15546943177e-08
1791	-2.14636055072e-08
1792	-2.13725166966e-08
1793	-2.1281427886e-08
1794	-2.11903390754e-08
1795	-2.10992502649e-08
1796	-2.10081614543e-08
1797	-2.09170726437e-08
1798	-2.08259838332e-08
1799	-2.07348950226e-08
1800	-2.0643806212e-08
1801	-2.05527174014e-08
1802	-2.04616285909e-08
1803	-2.03705397803e-08
1804	-2.02794509697e-08
1805	-2.01883621591e-08
1806	-2.00972733486e-08
1807	-2.0006184538e-08
1808	-1.99150957274e-08
1809	-1.98240069168e-08
1810	-1.97329181063e-08
1811	-1.96418292957e-08
1812	-1.95507404851e-08
1813	-1.9483173345e-08
1814	-1.94391291964e-08
1815	-1.93950850478e-08
1816	-1.93510408991e-08
1817	-1.93069967505e-08
1818	-1.92629526019e-08
1819	-1.92189084533e-08
1820	-1.91748643046e-08
1821	-1.9130820156e-08
1822	-1.90867760074e-08
1823	-1.90427318588e-08
1824	-1.89986877101e-08
1825	-1.89546435615e-08
1826	-1.89105994129e-08
1827	-1.88665552643e-08
1828	-1.88225111156e-08
1829	-1.8778466967e-08
1830	-1.87344228184e-08
1831	-1.86903786698e-08
1832	-1.86463345211e-08
1833	-1.86022903725e-08
1834	-1.85582462239e-08
1835	-1.85142020753e-08
1836	-1.84701579266e-08
1837	-1.8426113778e-08
1838	-1.84520587963e-08
1839	-1.85479969665e-08
1840	-1.86439351367e-08
1841	-1.8739873307e-08
1842	-1.88358114772e-08
1843	-1.89317496474e-08
1844	-1.90276878176e-08
1845	-1.91236259878e-08
1846	-1.92195641581e-08
1847	-1.93155023283e-08
1848	-1.94114404985e-08
1849	-1.95073786687e-08
1850	-1.96033168389e-08
1851	-1.96992550091e-08
1852	-1.97951931794e-08
1853	-1.98911313496e-08
1854	-1.99870695198e-08
1855	-2.008300769e-08
1856	-2.01789458602e-08
1857	-2.02748840305e-08
1858	-2.03708222007e-08
1859	-2.04667603709e-08
1860	-2.05626985411e-08
1861	-2.06586367113e-08
1862	-2.07545748815e-08
1863	-2.06943891997e-08
1864	-2.04780706556e-08
1865	-2.02617521114e-08
1866	-2.00454335673e-08
1867	-1.98291150232e-08
1868	-1.9612796479e-08
1869	-1.93964779349e-08
1870	-1.91801593908e-08
1871	-1.89638408466e-08
1872	-1.87475223025e-08
1873	-1.85312037584e-08
1874	-1.83148852143e-08
1875	-1.80985666701e-08
1876	-1.7882248126e-08
1877	-1.76659295819e-08
1878	-1.74496110377e-08
1879	-1.72332924936e-08
1880	-1.70169739495e-08
1881	-1.68006554053e-08
1882	-1.65843368612e-08
1883	-1.63680183171e-08
1884	-1.61516997729e-08
1885	-1.59353812288e-08
1886	-1.57190626847e-08
1887	-1.55027441405e-08
1888	-1.51247295304e-08
1889	-1.45850093972e-08
1890	-1.40452892639e-08
1891	-1.35055691307e-08
1892	-1.29658489975e-08
1893	-1.24261288642e-08
1894	-1.1886408731e-08
1895	-1.13466885978e-08
1896	-1.08069684646e-08
1897	-1.02672483313e-08
1898	-9.72752819809e-09
1899	-9.18780806486e-09
1900	-8.64808793163e-09
1901	-8.1083677984e-09
1902	-7.56864766517e-09
1903	-7.02892753194e-09
1904	-6.48920739871e-09
1905	-5.94948726548e-09
1906	-5.40976713225e-09
1907	-4.87004699902e-09
1908	-4.33032686579e-09
1909	-3.79060673255e-09
1910	-3.25088659932e-09
1911	-2.71116646609e-09
1912	-2.17144633286e-09
1913	-1.86840222346e-09
1914	-1.80204816365e-09
1915	-1.73569410384e-09
1916	-1.66934004403e-09
1917	-1.60298598421e-09
1918	-1.5366319244e-09
1919	-1.47027786459e-09
1920	-1.40392380478e-09
1921	-1.33756974497e-09
1922	-1.27121568516e-09
1923	-1.20486162535e-09
1924	-1.13850756554e-09
1925	-1.07215350573e-09
1926	-1.00579944592e-09
1927	-9.39445386106e-10
1928	-8.73091326295e-10
1929	-8.06737266484e-10
1930	-7.40383206673e-10
1931	-6.74029146862e-10
1932	-6.07675087051e-10
1933	-5.4132102724e-10
1934	-4.74966967429e-10
1935	-4.08612907618e-10
1936	-3.42258847808e-10
1937	-2.75904787997e-10
1938	-2.35322796129e-10
1939	-2.20514419461e-10
1940	-2.05706042793e-10
1941	-1.90897666125e-10
1942	-1.76089289457e-10
1943	-1.61280912789e-10
1944	-1.4647253612e-10
1945	-1.31664159452e-10
1946	-1.16855782784e-10
1947	-1.02047406116e-10
1948	-8.72390294478e-11
1949	-7.24306527797e-11
1950	-5.76222761115e-11
1951	-4.28138994434e-11
1952	-2.80055227752e-11
1953	-1.31971461071e-11
1954	1.61123056109e-12
1955	1.64196072292e-11
1956	3.12279838974e-11
1957	4.60363605655e-11
1958	6.08447372337e-11
1959	7.56531139018e-11
1960	9.046149057e-11
1961	1.05269867238e-10
1962	1.20078243906e-10
1963	1.28846697274e-10
1964	1.31574860049e-10
1965	1.34303022824e-10
1966	1.37031185599e-10
1967	1.39759348375e-10
1968	1.4248751115e-10
1969	1.45215673925e-10
1970	1.479438367e-10
1971	1.50671999475e-10
1972	1.5340016225e-10
1973	1.56128325025e-10
1974	1.588564878e-10
1975	1.61584650575e-10
1976	1.6431281335e-10
1977	1.67040976125e-10
1978	1.697691389e-10
1979	1.72497301675e-10
1980	1.7522546445e-10
1981	1.77953627225e-10
1982	1.80681790001e-10
1983	1.83409952776e-10
1984	1.86138115551e-10
1985	1.88866278326e-10
1986	1.91594441101e-10
1987	1.94322603876e-10
1988	1.97999215896e-10
1989	2.02624335572e-10
1990	2.07249455247e-10
1991	2.11874574923e-10
1992	2.16499694599e-10
1993	2.21124814275e-10
1994	2.25749933951e-10
1995	2.30375053626e-10
1996	2.35000173302e-10
1997	2.39625292978e-10
1998	2.44250412654e-10
1999	2.48875532329e-10
2000	2.53500652005e-10
2001	2.58125771681e-10
2002	2.62750891357e-10
2003	2.67376011032e-10
2004	2.72001130708e-10
2005	2.76626250384e-10
2006	2.8125137006e-10
2007	2.85876489736e-10
2008	2.90501609411e-10
2009	2.95126729087e-10
2010	2.99751848763e-10
2011	3.04376968439e-10
2012	3.09002088114e-10
2013	3.10401141377e-10
2014	3.08573927049e-10
2015	3.06746712721e-10
2016	3.04919498393e-10
2017	3.03092284065e-10
2018	3.01265069737e-10
2019	2.9943785541e-10
2020	2.97610641082e-10
2021	2.95783426754e-10
2022	2.93956212426e-10
2023	2.92128998098e-10
2024	2.9030178377e-10
2025	2.88474569442e-10
2026	2.86647355114e-10
2027	2.84820140786e-10
2028	2.82992926458e-10
2029	2.8116571213e-10
2030	2.79338497802e-10
2031	2.77511283474e-10
2032	2.75684069146e-10
2033	2.73856854818e-10
2034	2.7202964049e-10
2035	2.70202426162e-10
2036	2.68375211834e-10
2037	2.66547997506e-10
2038	2.6723469613e-10
2039	2.70435466421e-10
2040	2.73636236713e-10
2041	2.76837007004e-10
2042	2.80037777295e-10
2043	2.83238547586e-10
2044	2.86439317878e-10
2045	2.89640088169e-10
2046	2.9284085846e-10
2047	2.96041628751e-10
2048	2.99242399043e-10
2049	3.02443169334e-10
2050	3.05643939625e-10
2051	3.08844709916e-10
2052	3.12045480208e-10
2053	3.15246250499e-10
2054	3.1844702079e-10
2055	3.21647791081e-10
2056	3.24848561373e-10
2057	3.28049331664e-10
2058	3.31250101955e-10
2059	3.34450872246e-10
2060	3.37651642538e-10
2061	3.40852412829e-10
2062	3.4405318312e-10
2063	3.42608285076e-10
2064	3.36517421794e-10
2065	3.30426558512e-10
2066	3.2433569523e-10
2067	3.18244831948e-10
2068	3.12153968665e-10
2069	3.06063105383e-10
2070	2.99972242101e-10
2071	2.93881378819e-10
2072	2.87790515537e-10
2073	2.81699652255e-10
2074	2.75608788973e-10
2075	2.69517925691e-10
2076	2.63427062408e-10
2077	2.57336199126e-10
2078	2.51245335844e-10
2079	2.45154472562e-10
2080	2.3906360928e-10
2081	2.32972745998e-10
2082	2.26881882716e-10
2083	2.20791019434e-10
2084	2.14700156151e-10
2085	2.08609292869e-10
2086	2.02518429587e-10
2087	1.96427566305e-10
2088	1.93170452137e-10
2089	1.92747270382e-10
2090	1.92324088627e-10
2091	1.91900906873e-10
2092	1.91477725118e-10
2093	1.91054543363e-10
2094	1.90631361608e-10
2095	1.90208179853e-10
2096	1.89784998099e-10
2097	1.89361816344e-10
2098	1.88938634589e-10
2099	1.88515452834e-10
2100	1.88092271079e-10
2101	1.87669089324e-10
2102	1.8724590757e-10
2103	1.86822725815e-10
2104	1.8639954406e-10
2105	1.85976362305e-10
2106	1.8555318055e-10
2107	1.85129998796e-10
2108	1.84706817041e-10
2109	1.84283635286e-10
2110	1.83860453531e-10
2111	1.83437271776e-10
2112	1.83014090021e-10
2113	1.85243074459e-10
2114	1.90124398698e-10
2115	1.95005722937e-10
2116	1.99887047175e-10
2117	2.04768371414e-10
2118	2.09649695652e-10
2119	2.14531019891e-10
2120	2.1941234413e-10
2121	2.24293668368e-10
2122	2.29174992607e-10
2123	2.34056316845e-10
2124	2.38937641084e-10
2125	2.43818965323e-10
2126	2.48700289561e-10
2127	2.535816138e-10
2128	2.58462938038e-10
2129	2.63344262277e-10
2130	2.68225586516e-10
2131	2.73106910754e-10
2132	2.77988234993e-10
2133	2.82869559231e-10
2134	2.8775088347e-10
2135	2.92632207709e-10
2136	2.97513531947e-10
2137	3.02394856186e-10
2138	3.02128145409e-10
2139	2.96713058644e-10
2140	2.91297971879e-10
2141	2.85882885114e-10
2142	2.80467798349e-10
2143	2.75052711584e-10
2144	2.69637624819e-10
2145	2.64222538053e-10
2146	2.58807451288e-10
2147	2.53392364523e-10
2148	2.47977277758e-10
2149	2.42562190993e-10
2150	2.37147104228e-10
2151	2.31732017463e-10
2152	2.26316930698e-10
2153	2.20901843933e-10
2154	2.15486757168e-10
2155	2.10071670403e-10
2156	2.04656583638e-10
2157	1.99241496873e-10
2158	1.93826410108e-10
2159	1.88411323343e-10
2160	1.82996236577e-10
2161	1.77581149812e-10
2162	1.72166063047e-10
2163	1.70965287839e-10
2164	1.7397910658e-10
2165	1.76992925322e-10
2166	1.80006744064e-10
2167	1.83020562805e-10
2168	1.86034381547e-10
2169	1.89048200289e-10
2170	1.9206201903e-10
2171	1.95075837772e-10
2172	1.98089656514e-10
2173	2.01103475255e-10
2174	2.04117293997e-10
2175	2.07131112739e-10
2176	2.10144931481e-10
2177	2.13158750222e-10
2178	2.16172568964e-10
2179	2.19186387706e-10
2180	2.22200206447e-10
2181	2.25214025189e-10
2182	2.28227843931e-10
2183	2.31241662672e-10
2184	2.34255481414e-10
2185	2.37269300156e-10
2186	2.40283118897e-10
2187	2.43296937639e-10
2188	2.43684543165e-10
2189	2.41445757463e-10
2190	2.39206971761e-10
2191	2.36968186059e-10
2192	2.34729400357e-10
2193	2.32490614655e-10
2194	2.30251828953e-10
2195	2.28013043251e-10
2196	2.25774257549e-10
2197	2.23535471847e-10
2198	2.21296686145e-10
2199	2.19057900443e-10
2200	2.16819114741e-10
2201	2.14580329039e-10
2202	2.12341543337e-10
2203	2.10102757635e-10
2204	2.07863971933e-10
2205	2.05625186231e-10
2206	2.03386400529e-10
2207	2.01147614827e-10
2208	1.98908829125e-10
2209	1.96670043423e-10
2210	1.9443125772e-10
2211	1.92192472018e-10
2212	1.89953686316e-10
2213	1.88559003703e-10
2214	1.88008482048e-10
2215	1.87457960393e-10
2216	1.86907438738e-10
2217	1.86356917083e-10
2218	1.85806395428e-10
2219	1.85255873773e-10
2220	1.84705352118e-10
2221	1.84154830463e-10
2222	1.83604308808e-10
2223	1.83053787153e-10
2224	1.82503265498e-10
2225	1.81952743843e-10
2226	1.81402222188e-10
2227	1.80851700533e-10
2228	1.80301178878e-10
2229	1.79750657223e-10
2230	1.79200135568e-10
2231	1.78649613913e-10
2232	1.78099092258e-10
2233	1.77548570603e-10
2234	1.76998048948e-10
2235	1.76447527293e-10
2236	1.75897005638e-10
2237	1.75346483983e-10
2238	1.74520750887e-10
2239	1.7341978727e-10
2240	1.72318823652e-10
2241	1.71217860034e-10
2242	1.70116896416e-10
2243	1.69015932798e-10
2244	1.6791496918e-10
2245	1.66814005563e-10
2246	1.65713041945e-10
2247	1.64612078327e-10
2248	1.63511114709e-10
2249	1.62410151091e-10
2250	1.61309187473e-10
2251	1.60208223855e-10
2252	1.59107260238e-10
2253	1.5800629662e-10
2254	1.56905333002e-10
2255	1.55804369384e-10
2256	1.54703405766e-10
2257	1.53602442148e-10
2258	1.52501478531e-10
2259	1.51400514913e-10
2260	1.50299551295e-10
2261	1.49198587677e-10
2262	1.48097624059e-10
2263	1.49356913678e-10
2264	1.52976622004e-10
2265	1.5659633033e-10
2266	1.60216038655e-10
2267	1.63835746981e-10
2268	1.67455455307e-10
2269	1.71075163633e-10
2270	1.74694871959e-10
2271	1.78314580285e-10
2272	1.81934288611e-10
2273	1.85553996936e-10
2274	1.89173705262e-10
2275	1.92793413588e-10
2276	1.96413121914e-10
2277	2.0003283024e-10
2278	2.03652538566e-10
2279	2.07272246891e-10
2280	2.10891955217e-10
2281	2.14511663543e-10
2282	2.18131371869e-10
2283	2.21751080195e-10
2284	2.25370788521e-10
2285	2.28990496847e-10
2286	2.32610205172e-10
2287	2.36229913498e-10
2288	2.53047780765e-10
2289	2.83064742482e-10
2290	3.13081704199e-10
2291	3.43098665916e-10
2292	3.73115627633e-10
2293	4.03132589349e-10
2294	4.33149551066e-10
2295	4.63166512783e-10
2296	4.931834745e-10
2297	5.23200436217e-10
2298	5.53217397934e-10
2299	5.83234359651e-10
2300	6.13251321368e-10
2301	6.43268283084e-10
2302	6.73285244801e-10
2303	7.03302206518e-10
2304	7.33319168235e-10
2305	7.63336129952e-10
2306	7.93353091669e-10
2307	8.23370053386e-10
2308	8.53387015102e-10
2309	8.83403976819e-10
2310	9.13420938536e-10
2311	9.43437900253e-10
2312	9.7345486197e-10
2313	9.8669736807e-10
2314	9.83164216554e-10
2315	9.79631065039e-10
2316	9.76097913524e-10
2317	9.72564762008e-10
2318	9.69031610493e-10
2319	9.65498458978e-10
2320	9.61965307463e-10
2321	9.58432155947e-10
2322	9.54899004432e-10
2323	9.51365852917e-10
2324	9.47832701401e-10
2325	9.44299549886e-10
2326	9.40766398371e-10
2327	9.37233246855e-10
2328	9.3370009534e-10
2329	9.30166943825e-10
2330	9.2663379231e-10
2331	9.23100640794e-10
2332	9.19567489279e-10
2333	9.16034337764e-10
2334	9.12501186248e-10
2335	9.08968034733e-10
2336	9.05434883218e-10
2337	9.01901731702e-10
2338	9.03713426071e-10
2339	9.10870353458e-10
2340	9.18027280844e-10
2341	9.25184208231e-10
2342	9.32341135617e-10
2343	9.39498063004e-10
2344	9.4665499039e-10
2345	9.53811917776e-10
2346	9.60968845163e-10
2347	9.68125772549e-10
2348	9.75282699936e-10
2349	9.82439627322e-10
2350	9.89596554709e-10
2351	9.96753482095e-10
2352	1.00391040948e-09
2353	1.01106733687e-09
2354	1.01822426425e-09
2355	1.02538119164e-09
2356	1.03253811903e-09
2357	1.03969504641e-09
2358	1.0468519738e-09
2359	1.05400890119e-09
2360	1.06116582857e-09
2361	1.06832275596e-09
2362	1.07547968335e-09
2363	1.07801251478e-09
2364	1.07592091175e-09
2365	1.07382930871e-09
2366	1.07173770568e-09
2367	1.06964610265e-09
2368	1.06755449961e-09
2369	1.06546289658e-09
2370	1.06337129355e-09
2371	1.06127969052e-09
2372	1.05918808748e-09
2373	1.05709648445e-09
2374	1.05500488142e-09
2375	1.05291327838e-09
2376	1.05082167535e-09
2377	1.04873007232e-09
2378	1.04663846929e-09
2379	1.04454686625e-09
2380	1.04245526322e-09
2381	1.04036366019e-09
2382	1.03827205715e-09
2383	1.03618045412e-09
2384	1.03408885109e-09
2385	1.03199724806e-09
2386	1.02990564502e-09
2387	1.02781404199e-09
2388	1.02664550224e-09
2389	1.02640009405e-09
2390	1.02615468587e-09
2391	1.02590927769e-09
2392	1.0256638695e-09
2393	1.02541846132e-09
2394	1.02517305314e-09
2395	1.02492764495e-09
2396	1.02468223677e-09
2397	1.02443682859e-09
2398	1.0241914204e-09
2399	1.02394601222e-09
2400	1.02370060404e-09
2401	1.02345519585e-09
2402	1.02320978767e-09
2403	1.02296437948e-09
2404	1.0227189713e-09
2405	1.02247356312e-09
2406	1.02222815493e-09
2407	1.02198274675e-09
2408	1.02173733857e-09
2409	1.02149193038e-09
2410	1.0212465222e-09
2411	1.02100111402e-09
2412	1.02075570583e-09
2413	1.01343965292e-09
2414	9.99052426701e-10
2415	9.84665200484e-10
2416	9.70277974267e-10
2417	9.5589074805e-10
2418	9.41503521834e-10
2419	9.27116295617e-10
2420	9.127290694e-10
2421	8.98341843184e-10
2422	8.83954616967e-10
2423	8.6956739075e-10
2424	8.55180164534e-10
2425	8.40792938317e-10
2426	8.264057121e-10
2427	8.12018485884e-10
2428	7.97631259667e-10
2429	7.8324403345e-10
2430	7.68856807233e-10
2431	7.54469581017e-10
2432	7.400823548e-10
2433	7.25695128583e-10
2434	7.11307902367e-10
2435	6.9692067615e-10
2436	6.82533449933e-10
2437	6.68146223717e-10
2438	6.59318050235e-10
2439	6.56049349364e-10
2440	6.52780648493e-10
2441	6.49511947622e-10
2442	6.46243246751e-10
2443	6.4297454588e-10
2444	6.39705845009e-10
2445	6.36437144138e-10
2446	6.33168443267e-10
2447	6.29899742396e-10
2448	6.26631041525e-10
2449	6.23362340654e-10
2450	6.20093639782e-10
2451	6.16824938911e-10
2452	6.1355623804e-10
2453	6.10287537169e-10
2454	6.07018836298e-10
2455	6.03750135427e-10
2456	6.00481434556e-10
2457	5.97212733685e-10
2458	5.93944032814e-10
2459	5.90675331943e-10
2460	5.87406631072e-10
2461	5.84137930201e-10
2462	5.8086922933e-10
2463	5.78675987786e-10
2464	5.77558287632e-10
2465	5.76440587478e-10
2466	5.75322887324e-10
2467	5.7420518717e-10
2468	5.73087487016e-10
2469	5.71969786862e-10
2470	5.70852086708e-10
2471	5.69734386554e-10
2472	5.686166864e-10
2473	5.67498986246e-10
2474	5.66381286092e-10
2475	5.65263585938e-10
2476	5.64145885784e-10
2477	5.6302818563e-10
2478	5.61910485476e-10
2479	5.60792785323e-10
2480	5.59675085169e-10
2481	5.58557385015e-10
2482	5.57439684861e-10
2483	5.56321984707e-10
2484	5.55204284553e-10
2485	5.54086584399e-10
2486	5.52968884245e-10
2487	5.51851184091e-10
2488	5.44185508408e-10
2489	5.29971352482e-10
2490	5.15757196557e-10
2491	5.01543040631e-10
2492	4.87328884706e-10
2493	4.7311472878e-10
2494	4.58900572855e-10
2495	4.44686416929e-10
2496	4.30472261004e-10
2497	4.16258105078e-10
2498	4.02043949153e-10
2499	3.87829793227e-10
2500	3.73615637302e-10
2501	3.59401481377e-10
2502	3.45187325451e-10
2503	3.30973169526e-10
2504	3.167590136e-10
2505	3.02544857675e-10
2506	2.88330701749e-10
2507	2.74116545824e-10
2508	2.59902389898e-10
2509	2.45688233973e-10
2510	2.31474078047e-10
2511	2.17259922122e-10
2512	2.03045766196e-10
2513	1.97837585827e-10
2514	2.01636082167e-10
2515	2.05434578506e-10
2516	2.09233074846e-10
2517	2.13031571185e-10
2518	2.16830067524e-10
2519	2.20628563864e-10
2520	2.24427060203e-10
2521	2.28225556542e-10
2522	2.32024052882e-10
2523	2.35822549221e-10
2524	2.3962104556e-10
2525	2.434195419e-10
2526	2.47218038239e-10
2527	2.51016534579e-10
2528	2.54815030918e-10
2529	2.58613527257e-10
2530	2.62412023597e-10
2531	2.66210519936e-10
2532	2.70009016275e-10
2533	2.73807512615e-10
2534	2.77606008954e-10
2535	2.81404505293e-10
2536	2.85203001633e-10
2537	2.89001497972e-10
2538	2.91052965387e-10
2539	2.9135726651e-10
2540	2.91661567634e-10
2541	2.91965868757e-10
2542	2.92270169881e-10
2543	2.92574471004e-10
2544	2.92878772127e-10
2545	2.93183073251e-10
2546	2.93487374374e-10
2547	2.93791675498e-10
2548	2.94095976621e-10
2549	2.94400277744e-10
2550	2.94704578868e-10
2551	2.95008879991e-10
2552	2.95313181115e-10
2553	2.95617482238e-10
2554	2.95921783362e-10
2555	2.96226084485e-10
2556	2.96530385608e-10
2557	2.96834686732e-10
2558	2.97138987855e-10
2559	2.97443288979e-10
2560	2.97747590102e-10
2561	2.98051891225e-10
2562	2.98356192349e-10
2563	2.99071402434e-10
2564	3.00197554108e-10
2565	3.01323705782e-10
2566	3.02449857456e-10
2567	3.0357600913e-10
2568	3.04702160804e-10
2569	3.05828312478e-10
2570	3.06954464152e-10
2571	3.08080615826e-10
2572	3.092067675e-10
2573	3.10332919174e-10
2574	3.11459070848e-10
2575	3.12585222522e-10
2576	3.13711374197e-10
2577	3.14837525871e-10
2578	3.15963677545e-10
2579	3.17089829219e-10
2580	3.18215980893e-10
2581	3.19342132567e-10
2582	3.20468284241e-10
2583	3.21594435915e-10
2584	3.22720587589e-10
2585	3.23846739263e-10
2586	3.24972890937e-10
2587	3.26099042611e-10
2588	3.26313677903e-10
2589	3.25616723729e-10
2590	3.24919769555e-10
2591	3.24222815381e-10
2592	3.23525861207e-10
2593	3.22828907034e-10
2594	3.2213195286e-10
2595	3.21434998686e-10
2596	3.20738044512e-10
2597	3.20041090338e-10
2598	3.19344136164e-10
2599	3.1864718199e-10
2600	3.17950227816e-10
2601	3.17253273642e-10
2602	3.16556319468e-10
2603	3.15859365295e-10
2604	3.15162411121e-10
2605	3.14465456947e-10
2606	3.13768502773e-10
2607	3.13071548599e-10
2608	3.12374594425e-10
2609	3.11677640251e-10
2610	3.10980686077e-10
2611	3.10283731903e-10
2612	3.09586777729e-10
2613	3.073353546e-10
2614	3.03529336676e-10
2615	2.99723318752e-10
2616	2.95917300828e-10
2617	2.92111282904e-10
2618	2.8830526498e-10
2619	2.84499247056e-10
2620	2.80693229132e-10
2621	2.76887211208e-10
2622	2.73081193284e-10
2623	2.6927517536e-10
2624	2.65469157436e-10
2625	2.61663139512e-10
2626	2.57857121588e-10
2627	2.54051103664e-10
2628	2.5024508574e-10
2629	2.46439067816e-10
2630	2.42633049892e-10
2631	2.38827031968e-10
2632	2.35021014044e-10
2633	2.3121499612e-10
2634	2.27408978196e-10
2635	2.23602960272e-10
2636	2.19796942348e-10
2637	2.15990924424e-10
2638	2.15808630697e-10
2639	2.19250357324e-10
2640	2.22692083951e-10
2641	2.26133810579e-10
2642	2.29575537206e-10
2643	2.33017263834e-10
2644	2.36458990461e-10
2645	2.39900717089e-10
2646	2.43342443716e-10
2647	2.46784170344e-10
2648	2.50225896971e-10
2649	2.53667623599e-10
2650	2.57109350226e-10
2651	2.60551076854e-10
2652	2.63992803481e-10
2653	2.67434530109e-10
2654	2.70876256736e-10
2655	2.74317983364e-10
2656	2.77759709991e-10
2657	2.81201436618e-10
2658	2.84643163246e-10
2659	2.88084889873e-10
2660	2.91526616501e-10
2661	2.94968343128e-10
2662	2.98410069756e-10
2663	2.99486825069e-10
2664	2.98198413952e-10
2665	2.96910002836e-10
2666	2.9562159172e-10
2667	2.94333180603e-10
2668	2.93044769487e-10
2669	2.9175635837e-10
2670	2.90467947254e-10
2671	2.89179536137e-10
2672	2.87891125021e-10
2673	2.86602713904e-10
2674	2.85314302788e-10
2675	2.84025891671e-10
2676	2.82737480555e-10
2677	2.81449069438e-10
2678	2.80160658322e-10
2679	2.78872247205e-10
2680	2.77583836089e-10
2681	2.76295424972e-10
2682	2.75007013856e-10
2683	2.73718602739e-10
2684	2.72430191623e-10
2685	2.71141780506e-10
2686	2.6985336939e-10
2687	2.68564958273e-10
2688	2.66351870953e-10
2689	2.63214030423e-10
2690	2.60076189894e-10
2691	2.56938349365e-10
2692	2.53800508836e-10
2693	2.50662668307e-10
2694	2.47524827778e-10
2695	2.44386987249e-10
2696	2.4124914672e-10
2697	2.38111306191e-10
2698	2.34973465662e-10
2699	2.31835625133e-10
2700	2.28697784604e-10
2701	2.25559944075e-10
2702	2.22422103546e-10
2703	2.19284263017e-10
2704	2.16146422488e-10
2705	2.13008581959e-10
2706	2.0987074143e-10
2707	2.06732900901e-10
2708	2.03595060372e-10
2709	2.00457219843e-10
2710	1.97319379314e-10
2711	1.94181538785e-10
2712	1.91043698256e-10
2713	1.89124068817e-10
2714	1.8842275286e-10
2715	1.87721436903e-10
2716	1.87020120946e-10
2717	1.86318804989e-10
2718	1.85617489032e-10
2719	1.84916173075e-10
2720	1.84214857118e-10
2721	1.83513541161e-10
2722	1.82812225204e-10
2723	1.82110909248e-10
2724	1.81409593291e-10
2725	1.80708277334e-10
2726	1.80006961377e-10
2727	1.7930564542e-10
2728	1.78604329463e-10
2729	1.77903013506e-10
2730	1.77201697549e-10
2731	1.76500381592e-10
2732	1.75799065635e-10
2733	1.75097749678e-10
2734	1.74396433721e-10
2735	1.73695117764e-10
2736	1.72993801807e-10
2737	1.7229248585e-10
2738	1.71699164037e-10
2739	1.71213845528e-10
2740	1.70728527019e-10
2741	1.7024320851e-10
2742	1.69757890002e-10
2743	1.69272571493e-10
2744	1.68787252984e-10
2745	1.68301934475e-10
2746	1.67816615966e-10
2747	1.67331297458e-10
2748	1.66845978949e-10
2749	1.6636066044e-10
2750	1.65875341931e-10
2751	1.65390023422e-10
2752	1.64904704913e-10
2753	1.64419386405e-10
2754	1.63934067896e-10
2755	1.63448749387e-10
2756	1.62963430878e-10
2757	1.62478112369e-10
2758	1.6199279386e-10
2759	1.61507475352e-10
2760	1.61022156843e-10
2761	1.60536838334e-10
2762	1.60051519825e-10
2763	1.60299271286e-10
2764	1.61280155469e-10
2765	1.62261039651e-10
2766	1.63241923833e-10
2767	1.64222808015e-10
2768	1.65203692198e-10
2769	1.6618457638e-10
2770	1.67165460562e-10
2771	1.68146344745e-10
2772	1.69127228927e-10
2773	1.70108113109e-10
2774	1.71088997292e-10
2775	1.72069881474e-10
2776	1.73050765656e-10
2777	1.74031649839e-10
2778	1.75012534021e-10
2779	1.75993418203e-10
2780	1.76974302386e-10
2781	1.77955186568e-10
2782	1.7893607075e-10
2783	1.79916954932e-10
2784	1.80897839115e-10
2785	1.81878723297e-10
2786	1.82859607479e-10
2787	1.83840491662e-10
2788	1.86621550805e-10
2789	1.912029404e-10
2790	1.95784329994e-10
2791	2.00365719589e-10
2792	2.04947109184e-10
2793	2.09528498779e-10
2794	2.14109888374e-10
2795	2.18691277969e-10
2796	2.23272667564e-10
2797	2.27854057159e-10
2798	2.32435446754e-10
2799	2.37016836348e-10
2800	2.41598225943e-10
2801	2.46179615538e-10
2802	2.50761005133e-10
2803	2.55342394728e-10
2804	2.59923784323e-10
2805	2.64505173918e-10
2806	2.69086563513e-10
2807	2.73667953108e-10
2808	2.78249342702e-10
2809	2.82830732297e-10
2810	2.87412121892e-10
2811	2.91993511487e-10
2812	2.96574901082e-10
2813	2.9893456528e-10
2814	2.99072310458e-10
2815	2.99210055636e-10
2816	2.99347800813e-10
2817	2.99485545991e-10
2818	2.99623291169e-10
2819	2.99761036346e-10
2820	2.99898781524e-10
2821	3.00036526702e-10
2822	3.00174271879e-10
2823	3.00312017057e-10
2824	3.00449762234e-10
2825	3.00587507412e-10
2826	3.0072525259e-10
2827	3.00862997767e-10
2828	3.01000742945e-10
2829	3.01138488123e-10
2830	3.012762333e-10
2831	3.01413978478e-10
2832	3.01551723656e-10
2833	3.01689468833e-10
2834	3.01827214011e-10
2835	3.01964959188e-10
2836	3.02102704366e-10
2837	3.02240449544e-10
2838	2.98506554546e-10
2839	2.90900678957e-10
2840	2.83294803369e-10
2841	2.7568892778e-10
2842	2.68083052191e-10
2843	2.60477176603e-10
2844	2.52871301014e-10
2845	2.45265425426e-10
2846	2.37659549837e-10
2847	2.30053674249e-10
2848	2.2244779866e-10
2849	2.14841923072e-10
2850	2.07236047483e-10
2851	1.99630171895e-10
2852	1.92024296306e-10
2853	1.84418420718e-10
2854	1.76812545129e-10
2855	1.69206669541e-10
2856	1.61600793952e-10
2857	1.53994918364e-10
2858	1.46389042775e-10
2859	1.38783167187e-10
2860	1.31177291598e-10
2861	1.2357141601e-10
2862	1.15965540421e-10
2863	1.11721264661e-10
2864	1.10838886901e-10
2865	1.09956509142e-10
2866	1.09074131382e-10
2867	1.08191753622e-10
2868	1.07309375863e-10
2869	1.06426998103e-10
2870	1.05544620344e-10
2871	1.04662242584e-10
2872	1.03779864825e-10
2873	1.02897487065e-10
2874	1.02015109306e-10
2875	1.01132731546e-10
2876	1.00250353787e-10
2877	9.9367976027e-11
2878	9.84855982675e-11
2879	9.76032205079e-11
2880	9.67208427484e-11
2881	9.58384649888e-11
2882	9.49560872293e-11
2883	9.40737094697e-11
2884	9.31913317102e-11
2885	9.23089539507e-11
2886	9.14265761911e-11
2887	9.05441984316e-11
2888	9.12186927772e-11
2889	9.34501985286e-11
2890	9.56817042799e-11
2891	9.79132100312e-11
2892	1.00144715783e-10
2893	1.02376221534e-10
2894	1.04607727285e-10
2895	1.06839233036e-10
2896	1.09070738788e-10
2897	1.11302244539e-10
2898	1.1353375029e-10
2899	1.15765256042e-10
2900	1.17996761793e-10
2901	1.20228267544e-10
2902	1.22459773296e-10
2903	1.24691279047e-10
2904	1.26922784798e-10
2905	1.2915429055e-10
2906	1.31385796301e-10
2907	1.33617302052e-10
2908	1.35848807804e-10
2909	1.38080313555e-10
2910	1.40311819306e-10
2911	1.42543325058e-10
2912	1.44774830809e-10
2913	1.44759619171e-10
2914	1.42497487378e-10
2915	1.40235355586e-10
2916	1.37973223793e-10
2917	1.35711092001e-10
2918	1.33448960208e-10
2919	1.31186828416e-10
2920	1.28924696623e-10
2921	1.26662564831e-10
2922	1.24400433038e-10
2923	1.22138301246e-10
2924	1.19876169453e-10
2925	1.17614037661e-10
2926	1.15351905868e-10
2927	1.13089774076e-10
2928	1.10827642283e-10
2929	1.08565510491e-10
2930	1.06303378698e-10
2931	1.04041246906e-10
2932	1.01779115113e-10
2933	9.95169833206e-11
2934	9.72548515281e-11
2935	9.49927197356e-11
2936	9.27305879431e-11
2937	9.04684561506e-11
2938	8.89514160534e-11
2939	8.81795354729e-11
2940	8.74076548924e-11
2941	8.66357743119e-11
2942	8.58638937314e-11
2943	8.50920131508e-11
2944	8.43201325703e-11
2945	8.35482519898e-11
2946	8.27763714093e-11
2947	8.20044908287e-11
2948	8.12326102482e-11
2949	8.04607296677e-11
2950	7.96888490872e-11
2951	7.89169685067e-11
2952	7.81450879261e-11
2953	7.73732073456e-11
2954	7.66013267651e-11
2955	7.58294461846e-11
2956	7.5057565604e-11
2957	7.42856850235e-11
2958	7.3513804443e-11
2959	7.27419238625e-11
2960	7.19700432819e-11
2961	7.11981627014e-11
2962	7.04262821209e-11
2963	6.93792050045e-11
2964	6.80569060896e-11
2965	6.67346071747e-11
2966	6.54123082598e-11
2967	6.40900093449e-11
2968	6.27677104299e-11
2969	6.1445411515e-11
2970	6.01231126001e-11
2971	5.88008136852e-11
2972	5.74785147703e-11
2973	5.61562158554e-11
2974	5.48339169404e-11
2975	5.35116180255e-11
2976	5.21893191106e-11
2977	5.08670201957e-11
2978	4.95447212808e-11
2979	4.82224223659e-11
2980	4.69001234509e-11
2981	4.5577824536e-11
2982	4.42555256211e-11
2983	4.29332267062e-11
2984	4.16109277913e-11
2985	4.02886288764e-11
2986	3.89663299615e-11
2987	3.76440310465e-11
2988	3.7046217724e-11
2989	3.71729570618e-11
2990	3.72996963997e-11
2991	3.74264357376e-11
2992	3.75531750754e-11
2993	3.76799144133e-11
2994	3.78066537511e-11
2995	3.7933393089e-11
2996	3.80601324269e-11
2997	3.81868717647e-11
2998	3.83136111026e-11
2999	3.84403504404e-11
3000	3.85670897783e-11
3001	3.86938291161e-11
3002	3.8820568454e-11
3003	3.89473077919e-11
3004	3.90740471297e-11
3005	3.92007864676e-11
3006	3.93275258054e-11
3007	3.94542651433e-11
3008	3.95810044812e-11
3009	3.9707743819e-11
3010	3.98344831569e-11
3011	3.99612224947e-11
3012	4.00879618326e-11
3013	3.96678473556e-11
3014	3.8700828016e-11
3015	3.77338086764e-11
3016	3.67667893368e-11
3017	3.57997699972e-11
3018	3.48327506576e-11
3019	3.3865731318e-11
3020	3.28987119784e-11
3021	3.19316926388e-11
3022	3.09646732992e-11
3023	2.99976539596e-11
3024	2.903063462e-11
3025	2.80636152804e-11
3026	2.70965959408e-11
3027	2.61295766012e-11
3028	2.51625572616e-11
3029	2.4195537922e-11
3030	2.32285185824e-11
3031	2.22614992428e-11
3032	2.12944799032e-11
3033	2.03274605636e-11
3034	1.9360441224e-11
3035	1.83934218844e-11
3036	1.74264025448e-11
3037	1.64593832052e-11
3038	1.64985586954e-11
3039	1.75440237212e-11
3040	1.85894887469e-11
3041	1.96349537727e-11
3042	2.06804187985e-11
3043	2.17258838243e-11
3044	2.27713488501e-11
3045	2.38168138759e-11
3046	2.48622789017e-11
3047	2.59077439274e-11
3048	2.69532089532e-11
3049	2.7998673979e-11
3050	2.90441390048e-11
3051	3.00896040306e-11
3052	3.11350690564e-11
3053	3.21805340821e-11
3054	3.32259991079e-11
3055	3.42714641337e-11
3056	3.53169291595e-11
3057	3.63623941853e-11
3058	3.74078592111e-11
3059	3.84533242369e-11
3060	3.94987892626e-11
3061	4.05442542884e-11
3062	4.15897193142e-11
3063	4.1636408969e-11
3064	4.06842284716e-11
3065	3.97320479741e-11
3066	3.87798674767e-11
3067	3.78276869792e-11
3068	3.68755064818e-11
3069	3.59233259844e-11
3070	3.49711454869e-11
3071	3.40189649895e-11
3072	3.3066784492e-11
3073	3.21146039946e-11
3074	3.11624234972e-11
3075	3.02102429997e-11
3076	2.92580625023e-11
3077	2.83058820048e-11
3078	2.73537015074e-11
3079	2.64015210099e-11
3080	2.54493405125e-11
3081	2.44971600151e-11
3082	2.35449795176e-11
3083	2.25927990202e-11
3084	2.16406185227e-11
3085	2.06884380253e-11
3086	1.97362575278e-11
3087	1.87840770304e-11
3088	1.81224318686e-11
3089	1.77513498385e-11
3090	1.73802678084e-11
3091	1.70091857783e-11
3092	1.66381037483e-11
3093	1.62670217182e-11
3094	1.58959396881e-11
3095	1.5524857658e-11
3096	1.5153775628e-11
3097	1.47826935979e-11
3098	1.44116115678e-11
3099	1.40405295377e-11
3100	1.36694475076e-11
3101	1.32983654776e-11
3102	1.29272834475e-11
3103	1.25562014174e-11
3104	1.21851193873e-11
3105	1.18140373573e-11
3106	1.14429553272e-11
3107	1.10718732971e-11
3108	1.0700791267e-11
3109	1.0329709237e-11
3110	9.95862720688e-12
3111	9.58754517681e-12
3112	9.21646314673e-12
3113	9.13777015502e-12
3114	9.3514944017e-12
3115	9.56521864838e-12
3116	9.77894289506e-12
3117	9.99266714174e-12
3118	1.02063913884e-11
3119	1.04201156351e-11
3120	1.06338398818e-11
3121	1.08475641285e-11
3122	1.10612883751e-11
3123	1.12750126218e-11
3124	1.14887368685e-11
3125	1.17024611152e-11
3126	1.19161853619e-11
3127	1.21299096085e-11
3128	1.23436338552e-11
3129	1.25573581019e-11
3130	1.27710823486e-11
3131	1.29848065953e-11
3132	1.31985308419e-11
3133	1.34122550886e-11
3134	1.36259793353e-11
3135	1.3839703582e-11
3136	1.40534278287e-11
3137	1.42671520753e-11
3138	1.39856067859e-11
3139	1.32087438094e-11
3140	1.24318808328e-11
3141	1.16550178563e-11
3142	1.08781548798e-11
3143	1.01012919033e-11
3144	9.32442892675e-12
3145	8.54756595023e-12
3146	7.77070297371e-12
3147	6.99383999719e-12
3148	6.21697702067e-12
3149	5.44011404415e-12
3150	4.66325106763e-12
3151	3.88638809111e-12
3152	3.10952511459e-12
3153	2.33266213806e-12
3154	1.55579916154e-12
3155	7.78936185022e-13
3156	2.07320850046e-15
3157	-7.74789768021e-13
3158	-1.55165274454e-12
3159	-2.32851572106e-12
3160	-3.10537869758e-12
3161	-3.88224167411e-12
3162	-4.65910465063e-12
3163	-4.69155498808e-12
3164	-3.97951973675e-12
3165	-3.26748448543e-12
3166	-2.5554492341e-12
3167	-1.84341398277e-12
3168	-1.13137873145e-12
3169	-4.1934348012e-13
3170	2.92691771207e-13
3171	1.00472702253e-12
3172	1.71676227386e-12
3173	2.42879752519e-12
3174	3.14083277652e-12
3175	3.85286802784e-12
3176	4.56490327917e-12
3177	5.2769385305e-12
3178	5.98897378182e-12
3179	6.70100903315e-12
3180	7.41304428448e-12
3181	8.1250795358e-12
3182	8.83711478713e-12
3183	9.54915003846e-12
3184	1.02611852898e-11
3185	1.09732205411e-11
3186	1.16852557924e-11
3187	1.23972910438e-11
3188	1.26052271741e-11
3189	1.23090143929e-11
3190	1.20128016118e-11
3191	1.17165888307e-11
3192	1.14203760496e-11
3193	1.11241632684e-11
3194	1.08279504873e-11
3195	1.05317377062e-11
3196	1.02355249251e-11
3197	9.93931214395e-12
3198	9.64309936283e-12
3199	9.3468865817e-12
3200	9.05067380058e-12
3201	8.75446101946e-12
3202	8.45824823833e-12
3203	8.16203545721e-12
3204	7.86582267609e-12
3205	7.56960989496e-12
3206	7.27339711384e-12
3207	6.97718433271e-12
3208	6.68097155159e-12
3209	6.38475877047e-12
3210	6.08854598934e-12
3211	5.79233320822e-12
3212	5.49612042709e-12
3213	5.20040859024e-12
3214	4.90519774753e-12
3215	4.60998690482e-12
3216	4.31477606211e-12
3217	4.0195652194e-12
3218	3.7243543767e-12
3219	3.42914353399e-12
3220	3.13393269128e-12
3221	2.83872184857e-12
3222	2.54351100586e-12
3223	2.24830016315e-12
3224	1.95308932044e-12
3225	1.65787847773e-12
3226	1.36266763502e-12
3227	1.06745679231e-12
3228	7.72245949599e-13
3229	4.77035106889e-13
3230	1.8182426418e-13
3231	-1.1338657853e-13
3232	-4.0859742124e-13
3233	-7.03808263949e-13
3234	-9.99019106659e-13
3235	-1.29422994937e-12
3236	-1.58944079208e-12
3237	-1.88465163479e-12
3238	-2.00619984721e-12
3239	-1.95406800741e-12
3240	-1.90193616762e-12
3241	-1.84980432783e-12
3242	-1.79767248804e-12
3243	-1.74554064825e-12
3244	-1.69340880846e-12
3245	-1.64127696866e-12
3246	-1.58914512887e-12
3247	-1.53701328908e-12
3248	-1.48488144929e-12
3249	-1.4327496095e-12
3250	-1.38061776971e-12
3251	-1.32848592991e-12
3252	-1.27635409012e-12
3253	-1.22422225033e-12
3254	-1.17209041054e-12
3255	-1.11995857075e-12
3256	-1.06782673096e-12
3257	-1.01569489116e-12
3258	-9.63563051372e-13
3259	-9.11431211581e-13
3260	-8.59299371789e-13
3261	-8.07167531997e-13
3262	-7.55035692206e-13
3263	-6.66318686636e-13
3264	-5.41012816705e-13
3265	-4.15706946774e-13
3266	-2.90401076842e-13
3267	-1.65095206911e-13
3268	-3.97893369796e-14
3269	8.55165329517e-14
3270	2.10822402883e-13
3271	3.36128272814e-13
3272	4.61434142746e-13
3273	5.86740012677e-13
3274	7.12045882609e-13
3275	8.3735175254e-13
3276	9.62657622471e-13
3277	1.0879634924e-12
3278	1.21326936233e-12
3279	1.33857523227e-12
3280	1.4638811022e-12
3281	1.58918697213e-12
3282	1.71449284206e-12
3283	1.83979871199e-12
3284	1.96510458192e-12
3285	2.09041045185e-12
3286	2.21571632178e-12
3287	2.34102219172e-12
3288	2.33473260961e-12
3289	2.19683416985e-12
3290	2.05893573009e-12
3291	1.92103729033e-12
3292	1.78313885057e-12
3293	1.64524041081e-12
3294	1.50734197105e-12
3295	1.36944353129e-12
3296	1.23154509153e-12
3297	1.09364665177e-12
3298	9.55748212007e-13
3299	8.17849772247e-13
3300	6.79951332487e-13
3301	5.42052892726e-13
3302	4.04154452966e-13
3303	2.66256013206e-13
3304	1.28357573446e-13
3305	-9.5408663148e-15
3306	-1.47439306075e-13
3307	-2.85337745835e-13
3308	-4.23236185596e-13
3309	-5.61134625356e-13
3310	-6.99033065116e-13
3311	-8.36931504877e-13
3312	-9.74829944637e-13
3313	-1.04378270297e-12
3314	-1.04378270297e-12
3315	-1.04378270297e-12
3316	-1.04378270297e-12
3317	-1.04378270297e-12
3318	-1.04378270297e-12
3319	-1.04378270297e-12
3320	-1.04378270297e-12
3321	-1.04378270297e-12
3322	-1.04378270297e-12
3323	-1.04378270297e-12
3324	-1.04378270297e-12
