50	5.52741683109e-12
51	5.6375253925e-12
52	5.74763395392e-12
53	5.85774251533e-12
54	5.96785107675e-12
55	6.07795963816e-12
56	6.18806819957e-12
57	6.29817676099e-12
58	6.4082853224e-12
59	6.51839388382e-12
60	6.62850244523e-12
61	6.73861100664e-12
62	6.84871956806e-12
63	7.01053716112e-12
64	7.22406388597e-12
65	7.43759061082e-12
66	7.65111733567e-12
67	7.86464406052e-12
68	8.07817078537e-12
69	8.29169751022e-12
70	8.50522423507e-12
71	8.71875095992e-12
72	8.93227768477e-12
73	9.14580440962e-12
74	9.35933113447e-12
75	9.57285785932e-12
76	9.78638458416e-12
77	9.99991130901e-12
78	1.02134380339e-11
79	1.04269647587e-11
80	1.06404914836e-11
81	1.08540182084e-11
82	1.10675449333e-11
83	1.12810716581e-11
84	1.1494598383e-11
85	1.17081251078e-11
86	1.19216518327e-11
87	1.21351785575e-11
88	1.2408866082e-11
89	1.27427145692e-11
90	1.30765630564e-11
91	1.34104115435e-11
92	1.37442600307e-11
93	1.40781085179e-11
94	1.44119570051e-11
95	1.47458054923e-11
96	1.50796539795e-11
97	1.54135024667e-11
98	1.57473509539e-11
99	1.60811994411e-11
100	1.64150479282e-11
101	1.67488964154e-11
102	1.70827449026e-11
103	1.74165933898e-11
104	1.7750441877e-11
105	1.80842903642e-11
106	1.84181388514e-11
107	1.87519873386e-11
108	1.90858358258e-11
109	1.94196843129e-11
110	1.97535328001e-11
111	2.00873812873e-11
112	2.04212297745e-11
113	2.09640419363e-11
114	2.17158185011e-11
115	2.2467595066e-11
116	2.32193716308e-11
117	2.39711481956e-11
118	2.47229247605e-11
119	2.54747013253e-11
120	2.62264778901e-11
121	2.6978254455e-11
122	2.77300310198e-11
123	2.84818075846e-11
124	2.92335841495e-11
125	2.99853607143e-11
126	3.07371372791e-11
127	3.1488913844e-11
128	3.22406904088e-11
129	3.29924669736e-11
130	3.37442435384e-11
131	3.44960201033e-11
132	3.52477966681e-11
133	3.59995732329e-11
134	3.67513497978e-11
135	3.75031263626e-11
136	3.82549029274e-11
137	3.90066794923e-11
138	4.03108310045e-11
139	4.21673598175e-11
140	4.40238886305e-11
141	4.58804174435e-11
142	4.77369462565e-11
143	4.95934750695e-11
144	5.14500038826e-11
145	5.33065326956e-11
146	5.51630615086e-11
147	5.70195903216e-11
148	5.88761191346e-11
149	6.07326479476e-11
150	6.25891767606e-11
151	6.44457055736e-11
152	6.63022343866e-11
153	6.81587631997e-11
154	7.00152920127e-11
155	7.18718208257e-11
156	7.37283496387e-11
157	7.55848784517e-11
158	7.74414072647e-11
159	7.92979360777e-11
160	8.11544648907e-11
161	8.30109937038e-11
162	8.48675225168e-11
163	8.77611946751e-11
164	9.1692015401e-11
165	9.56228361269e-11
166	9.95536568528e-11
167	1.03484477579e-10
168	1.07415298305e-10
169	1.11346119031e-10
170	1.15276939756e-10
171	1.19207760482e-10
172	1.23138581208e-10
173	1.27069401934e-10
174	1.3100022266e-10
175	1.34931043386e-10
176	1.38861864112e-10
177	1.42792684838e-10
178	1.46723505564e-10
179	1.5065432629e-10
180	1.54585147015e-10
181	1.58515967741e-10
182	1.62446788467e-10
183	1.66377609193e-10
184	1.70308429919e-10
185	1.74239250645e-10
186	1.78170071371e-10
187	1.82100892097e-10
188	1.88609148928e-10
189	1.97694856837e-10
190	2.06780564747e-10
191	2.15866272657e-10
192	2.24951980567e-10
193	2.34037688477e-10
194	2.43123396387e-10
195	2.52209104297e-10
196	2.61294812207e-10
197	2.70380520117e-10
198	2.79466228027e-10
199	2.88551935937e-10
200	2.97637643847e-10
201	3.06723351756e-10
202	3.15809059666e-10
203	3.24894767576e-10
204	3.33980475486e-10
205	3.43066183396e-10
206	3.52151891306e-10
207	3.61237599216e-10
208	3.70323307126e-10
209	3.79409015036e-10
210	3.88494722946e-10
211	3.97580430856e-10
212	4.06666138766e-10
213	4.25093421902e-10
214	4.52862341775e-10
215	4.80631261647e-10
216	5.0840018152e-10
217	5.36169101393e-10
218	5.63938021265e-10
219	5.91706941138e-10
220	6.1947586101e-10
221	6.47244780883e-10
222	6.75013700756e-10
223	7.02782620628e-10
224	7.30551540501e-10
225	7.58320460373e-10
226	7.86089380246e-10
227	8.13858300118e-10
228	8.41627219991e-10
229	8.69396139864e-10
230	8.97165059736e-10
231	9.24933979609e-10
232	9.52702899481e-10
233	9.80471819354e-10
234	1.00824073923e-09
235	1.0360096591e-09
236	1.06377857897e-09
237	1.09154749884e-09
238	1.1762155444e-09
239	1.31778313437e-09
240	1.45935072434e-09
241	1.60091831431e-09
242	1.74248590428e-09
243	1.88405349425e-09
244	2.02562108422e-09
245	2.16718867419e-09
246	2.30875626416e-09
247	2.45032385413e-09
248	2.5918914441e-09
249	2.73345903407e-09
250	2.87502662404e-09
251	3.01659421401e-09
252	3.15816180398e-09
253	3.29972939395e-09
254	3.44129698391e-09
255	3.58286457388e-09
256	3.72443216385e-09
257	3.86599975382e-09
258	4.00756734379e-09
259	4.14913493376e-09
260	4.29070252373e-09
261	4.4322701137e-09
262	4.57383770367e-09
263	5.23233254911e-09
264	6.40775885458e-09
265	7.58318516004e-09
266	8.7586114655e-09
267	9.93403777096e-09
268	1.11094640764e-08
269	1.22848903819e-08
270	1.34603166873e-08
271	1.46357429928e-08
272	1.58111692983e-08
273	1.69865956037e-08
274	1.81620219092e-08
275	1.93374482146e-08
276	2.05128745201e-08
277	2.16883008256e-08
278	2.2863727131e-08
279	2.40391534365e-08
280	2.52145797419e-08
281	2.63900060474e-08
282	2.75654323529e-08
283	2.87408586583e-08
284	2.99162849638e-08
285	3.10917112692e-08
286	3.22671375747e-08
287	3.34425638802e-08
288	3.90111808862e-08
289	4.89730277289e-08
290	5.89348745716e-08
291	6.88967214143e-08
292	7.8858568257e-08
293	8.88204150998e-08
294	9.87822619425e-08
295	1.08744108785e-07
296	1.18705955628e-07
297	1.28667802471e-07
298	1.38629649313e-07
299	1.48591496156e-07
300	1.58553342999e-07
301	1.68515189841e-07
302	1.78477036684e-07
303	1.88438883527e-07
304	1.9840073037e-07
305	2.08362577212e-07
306	2.18324424055e-07
307	2.28286270898e-07
308	2.3824811774e-07
309	2.48209964583e-07
310	2.58171811426e-07
311	2.68133658269e-07
312	2.78095505111e-07
313	2.40301251723e-07
314	1.54750435681e-07
315	6.91996196385e-08
316	-1.63511964037e-08
317	-1.01902012446e-07
318	-1.87452828488e-07
319	-2.7300364453e-07
320	-3.58554460572e-07
321	-4.44105276615e-07
322	-5.29656092657e-07
323	-6.15206908699e-07
324	-7.00757724741e-07
325	-7.86308540783e-07
326	-8.71859356826e-07
327	-9.57410172868e-07
328	-1.04296098891e-06
329	-1.12851180495e-06
330	-1.21406262099e-06
331	-1.29961343704e-06
332	-1.38516425308e-06
333	-1.47071506912e-06
334	-1.55626588516e-06
335	-1.64181670121e-06
336	-1.72736751725e-06
337	-1.81291833329e-06
338	-1.87716563768e-06
339	-1.92010920765e-06
340	-1.96305277761e-06
341	-2.00599634757e-06
342	-2.04893991753e-06
343	-2.09188348749e-06
344	-2.13482705745e-06
345	-2.17777062741e-06
346	-2.22071419738e-06
347	-2.26365776734e-06
348	-2.3066013373e-06
349	-2.34954490726e-06
350	-2.39248847722e-06
351	-2.43543204718e-06
352	-2.47837561714e-06
353	-2.52131918711e-06
354	-2.56426275707e-06
355	-2.60720632703e-06
356	-2.65014989699e-06
357	-2.69309346695e-06
358	-2.73603703691e-06
359	-2.77898060688e-06
360	-2.82192417684e-06
361	-2.8648677468e-06
362	-2.90781131676e-06
363	-2.9840960647e-06
364	-3.09372236512e-06
365	-3.20334866554e-06
366	-3.31297496596e-06
367	-3.42260126638e-06
368	-3.53222756679e-06
369	-3.64185386721e-06
370	-3.75148016763e-06
371	-3.86110646805e-06
372	-3.97073276847e-06
373	-4.08035906889e-06
374	-4.18998536931e-06
375	-4.29961166972e-06
376	-4.40923797014e-06
377	-4.51886427056e-06
378	-4.62849057098e-06
379	-4.7381168714e-06
380	-4.84774317182e-06
381	-4.95736947224e-06
382	-5.06699577265e-06
383	-5.17662207307e-06
384	-5.28624837349e-06
385	-5.39587467391e-06
386	-5.50550097433e-06
387	-5.61512727475e-06
388	-5.79832714484e-06
389	-6.05510146801e-06
390	-6.31187579117e-06
391	-6.56865011434e-06
392	-6.8254244375e-06
393	-7.08219876067e-06
394	-7.33897308383e-06
395	-7.595747407e-06
396	-7.85252173016e-06
397	-8.10929605332e-06
398	-8.36607037649e-06
399	-8.62284469965e-06
400	-8.87961902282e-06
401	-9.13639334598e-06
402	-9.39316766915e-06
403	-9.64994199231e-06
404	-9.90671631548e-06
405	-1.01634906386e-05
406	-1.04202649618e-05
407	-1.0677039285e-05
408	-1.09338136081e-05
409	-1.11905879313e-05
410	-1.14473622545e-05
411	-1.17041365776e-05
412	-1.19609109008e-05
413	-1.21094512464e-05
414	-1.2149756231e-05
415	-1.21900612156e-05
416	-1.22303662002e-05
417	-1.22706711848e-05
418	-1.23109761694e-05
419	-1.2351281154e-05
420	-1.23915861386e-05
421	-1.24318911232e-05
422	-1.24721961077e-05
423	-1.25125010923e-05
424	-1.25528060769e-05
425	-1.25931110615e-05
426	-1.26334160461e-05
427	-1.26737210307e-05
428	-1.27140260153e-05
429	-1.27543309999e-05
430	-1.27946359845e-05
431	-1.28349409691e-05
432	-1.28752459537e-05
433	-1.29155509383e-05
434	-1.29558559229e-05
435	-1.29961609075e-05
436	-1.30364658921e-05
437	-1.30767708767e-05
438	-1.31078748354e-05
439	-1.31297776436e-05
440	-1.31516804517e-05
441	-1.31735832599e-05
442	-1.3195486068e-05
443	-1.32173888762e-05
444	-1.32392916844e-05
445	-1.32611944925e-05
446	-1.32830973007e-05
447	-1.33050001088e-05
448	-1.3326902917e-05
449	-1.33488057251e-05
450	-1.33707085333e-05
451	-1.33926113414e-05
452	-1.34145141496e-05
453	-1.34364169577e-05
454	-1.34583197659e-05
455	-1.3480222574e-05
456	-1.35021253822e-05
457	-1.35240281903e-05
458	-1.35459309985e-05
459	-1.35678338066e-05
460	-1.35897366148e-05
461	-1.36116394229e-05
462	-1.36335422311e-05
463	-1.39340761511e-05
464	-1.4513245176e-05
465	-1.50924142009e-05
466	-1.56715832258e-05
467	-1.62507522507e-05
468	-1.68299212756e-05
469	-1.74090903005e-05
470	-1.79882593254e-05
471	-1.85674283503e-05
472	-1.91465973752e-05
473	-1.97257664001e-05
474	-2.0304935425e-05
475	-2.08841044499e-05
476	-2.14632734748e-05
477	-2.20424424997e-05
478	-2.26216115246e-05
479	-2.32007805495e-05
480	-2.37799495744e-05
481	-2.43591185993e-05
482	-2.49382876242e-05
483	-2.55174566491e-05
484	-2.6096625674e-05
485	-2.66757946989e-05
486	-2.72549637238e-05
487	-2.78341327487e-05
488	-2.81449738335e-05
489	-2.81874829252e-05
490	-2.82299920168e-05
491	-2.82725011085e-05
492	-2.83150102001e-05
493	-2.83575192917e-05
494	-2.84000283834e-05
495	-2.8442537475e-05
496	-2.84850465666e-05
497	-2.85275556583e-05
498	-2.85700647499e-05
499	-2.86125738416e-05
500	-2.86550829332e-05
501	-2.86975920248e-05
502	-2.87401011165e-05
503	-2.87826102081e-05
504	-2.88251192997e-05
505	-2.88676283914e-05
506	-2.8910137483e-05
507	-2.89526465747e-05
508	-2.89951556663e-05
509	-2.90376647579e-05
510	-2.90801738496e-05
511	-2.91226829412e-05
512	-2.91651920328e-05
513	-2.93712339342e-05
514	-2.97408112422e-05
515	-3.01103885501e-05
516	-3.04799658581e-05
517	-3.08495431661e-05
518	-3.1219120474e-05
519	-3.1588697782e-05
520	-3.195827509e-05
521	-3.2327852398e-05
522	-3.26974297059e-05
523	-3.30670070139e-05
524	-3.34365843219e-05
525	-3.38061616298e-05
526	-3.41757389378e-05
527	-3.45453162458e-05
528	-3.49148935538e-05
529	-3.52844708617e-05
530	-3.56540481697e-05
531	-3.60236254777e-05
532	-3.63932027857e-05
533	-3.67627800936e-05
534	-3.71323574016e-05
535	-3.75019347096e-05
536	-3.78715120175e-05
537	-3.82410893255e-05
538	-3.82767895484e-05
539	-3.79786071256e-05
540	-3.76804247028e-05
541	-3.738224228e-05
542	-3.70840598571e-05
543	-3.67858774343e-05
544	-3.64876950115e-05
545	-3.61895125887e-05
546	-3.58913301658e-05
547	-3.5593147743e-05
548	-3.52949653202e-05
549	-3.49967828974e-05
550	-3.46986004746e-05
551	-3.44004180517e-05
552	-3.41022356289e-05
553	-3.38040532061e-05
554	-3.35058707833e-05
555	-3.32076883604e-05
556	-3.29095059376e-05
557	-3.26113235148e-05
558	-3.2313141092e-05
559	-3.20149586692e-05
560	-3.17167762463e-05
561	-3.14185938235e-05
562	-3.11204114007e-05
563	-3.09865284163e-05
564	-3.10169477341e-05
565	-3.10473670519e-05
566	-3.10777863696e-05
567	-3.11082056874e-05
568	-3.11386250052e-05
569	-3.1169044323e-05
570	-3.11994636407e-05
571	-3.12298829585e-05
572	-3.12603022763e-05
573	-3.1290721594e-05
574	-3.13211409118e-05
575	-3.13515602296e-05
576	-3.13819795473e-05
577	-3.14123988651e-05
578	-3.14428181829e-05
579	-3.14732375007e-05
580	-3.15036568184e-05
581	-3.15340761362e-05
582	-3.1564495454e-05
583	-3.15949147717e-05
584	-3.16253340895e-05
585	-3.16557534073e-05
586	-3.1686172725e-05
587	-3.17165920428e-05
588	-3.1699755747e-05
589	-3.16356629773e-05
590	-3.15715702076e-05
591	-3.15074774379e-05
592	-3.14433846682e-05
593	-3.13792918985e-05
594	-3.13151991288e-05
595	-3.12511063591e-05
596	-3.11870135894e-05
597	-3.11229208197e-05
598	-3.105882805e-05
599	-3.09947352803e-05
600	-3.09306425106e-05
601	-3.08665497409e-05
602	-3.08024569712e-05
603	-3.07383642015e-05
604	-3.06742714318e-05
605	-3.06101786621e-05
606	-3.05460858924e-05
607	-3.04819931227e-05
608	-3.0417900353e-05
609	-3.03538075833e-05
610	-3.02897148136e-05
611	-3.02256220439e-05
612	-3.01615292742e-05
613	-2.99705004102e-05
614	-2.96525330428e-05
615	-2.93345656755e-05
616	-2.90165983081e-05
617	-2.86986309407e-05
618	-2.83806635734e-05
619	-2.8062696206e-05
620	-2.77447288387e-05
621	-2.74267614713e-05
622	-2.7108794104e-05
623	-2.67908267366e-05
624	-2.64728593692e-05
625	-2.61548920019e-05
626	-2.58369246345e-05
627	-2.55189572672e-05
628	-2.52009898998e-05
629	-2.48830225325e-05
630	-2.45650551651e-05
631	-2.42470877978e-05
632	-2.39291204304e-05
633	-2.3611153063e-05
634	-2.32931856957e-05
635	-2.29752183283e-05
636	-2.2657250961e-05
637	-2.23392835936e-05
638	-2.10269211854e-05
639	-1.87201440936e-05
640	-1.64133670018e-05
641	-1.410658991e-05
642	-1.17998128182e-05
643	-9.49303572646e-06
644	-7.18625863467e-06
645	-4.87948154289e-06
646	-2.5727044511e-06
647	-2.6592735931e-07
648	2.04084973248e-06
649	4.34762682427e-06
650	6.65440391605e-06
651	8.96118100784e-06
652	1.12679580996e-05
653	1.35747351914e-05
654	1.58815122832e-05
655	1.8188289375e-05
656	2.04950664668e-05
657	2.28018435586e-05
658	2.51086206504e-05
659	2.74153977421e-05
660	2.97221748339e-05
661	3.20289519257e-05
662	3.43357290175e-05
663	3.92634565339e-05
664	4.6812188278e-05
665	5.4360920022e-05
666	6.19096517661e-05
667	6.94583835102e-05
668	7.70071152542e-05
669	8.45558469983e-05
670	9.21045787424e-05
671	9.96533104864e-05
672	0.00010720204223
673	0.000114750773975
674	0.000122299505719
675	0.000129848237463
676	0.000137396969207
677	0.000144945700951
678	0.000152494432695
679	0.000160043164439
680	0.000167591896183
681	0.000175140627927
682	0.000182689359671
683	0.000190238091415
684	0.000197786823159
685	0.000205335554903
686	0.000212884286647
687	0.000220433018392
688	0.000254901700245
689	0.000316290905677
690	0.000377680111108
691	0.00043906931654
692	0.000500458521972
693	0.000561847727403
694	0.000623236932835
695	0.000684626138267
696	0.000746015343699
697	0.00080740454913
698	0.000868793754562
699	0.000930182959994
700	0.000991572165425
701	0.00105296137086
702	0.00111435057629
703	0.00117573978172
704	0.00123712898715
705	0.00129851819258
706	0.00135990739802
707	0.00142129660345
708	0.00148268580888
709	0.00154407501431
710	0.00160546421974
711	0.00166685342517
712	0.00172824263061
713	0.00177538296989
714	0.00180827412845
715	0.001841165287
716	0.00187405644556
717	0.00190694760412
718	0.00193983876268
719	0.00197272992124
720	0.00200562107979
721	0.00203851223835
722	0.00207140339691
723	0.00210429455547
724	0.00213718571403
725	0.00217007687258
726	0.00220296803114
727	0.0022358591897
728	0.00226875034826
729	0.00230164150681
730	0.00233453266537
731	0.00236742382393
732	0.00240031498249
733	0.00243320614105
734	0.0024660972996
735	0.00249898845816
736	0.00253187961672
737	0.00256477077528
738	0.00257589107379
739	0.00256524001475
740	0.00255458895571
741	0.00254393789667
742	0.00253328683763
743	0.00252263577859
744	0.00251198471954
745	0.0025013336605
746	0.00249068260146
747	0.00248003154242
748	0.00246938048338
749	0.00245872942434
750	0.0024480783653
751	0.00243742730626
752	0.00242677624722
753	0.00241612518818
754	0.00240547412914
755	0.00239482307009
756	0.00238417201105
757	0.00237352095201
758	0.00236286989297
759	0.00235221883393
760	0.00234156777489
761	0.00233091671585
762	0.00232026565681
763	0.0023234855746
764	0.00234057679694
765	0.00235766801929
766	0.00237475924163
767	0.00239185046398
768	0.00240894168632
769	0.00242603290867
770	0.00244312413101
771	0.00246021535336
772	0.0024773065757
773	0.00249439779805
774	0.00251148902039
775	0.00252858024274
776	0.00254567146509
777	0.00256276268743
778	0.00257985390978
779	0.00259694513212
780	0.00261403635447
781	0.00263112757681
782	0.00264821879916
783	0.0026653100215
784	0.00268240124385
785	0.00269949246619
786	0.00271658368854
787	0.00273367491088
788	0.00272827959519
789	0.00270039719276
790	0.00267251479033
791	0.0026446323879
792	0.00261674998547
793	0.00258886758304
794	0.00256098518061
795	0.00253310277818
796	0.00250522037575
797	0.00247733797331
798	0.00244945557088
799	0.00242157316845
800	0.00239369076602
801	0.00236580836359
802	0.00233792596116
803	0.00231004355873
804	0.0022821611563
805	0.00225427875387
806	0.00222639635144
807	0.00219851394901
808	0.00217063154658
809	0.00214274914415
810	0.00211486674172
811	0.00208698433929
812	0.00205910193685
813	0.00206501661907
814	0.00210472923682
815	0.00214444185456
816	0.00218415447231
817	0.00222386709005
818	0.00226357970779
819	0.00230329232554
820	0.00234300494328
821	0.00238271756103
822	0.00242243017877
823	0.00246214279652
824	0.00250185541426
825	0.002541568032
826	0.00258128064975
827	0.00262099326749
828	0.00266070588524
829	0.00270041850298
830	0.00274013112072
831	0.00277984373847
832	0.00281955635621
833	0.00285926897396
834	0.0028989815917
835	0.00293869420945
836	0.00297840682719
837	0.00301811944493
838	0.00303807807038
839	0.00303828219091
840	0.00303848631143
841	0.00303869043195
842	0.00303889455248
843	0.003039098673
844	0.00303930279353
845	0.00303950691405
846	0.00303971103458
847	0.0030399151551
848	0.00304011927562
849	0.00304032339615
850	0.00304052751667
851	0.0030407316372
852	0.00304093575772
853	0.00304113987824
854	0.00304134399877
855	0.00304154811929
856	0.00304175223982
857	0.00304195636034
858	0.00304216048086
859	0.00304236460139
860	0.00304256872191
861	0.00304277284244
862	0.00304297696296
863	0.0030243536953
864	0.00298690253628
865	0.00294945137726
866	0.00291200021824
867	0.00287454905922
868	0.0028370979002
869	0.00279964674118
870	0.00276219558216
871	0.00272474442315
872	0.00268729326413
873	0.00264984210511
874	0.00261239094609
875	0.00257493978707
876	0.00253748862805
877	0.00250003746903
878	0.00246258631001
879	0.00242513515099
880	0.00238768399197
881	0.00235023283296
882	0.00231278167394
883	0.00227533051492
884	0.0022378793559
885	0.00220042819688
886	0.00216297703786
887	0.00212552587884
888	0.00211945765556
889	0.00214477323104
890	0.00217008880652
891	0.002195404382
892	0.00222071995748
893	0.00224603553296
894	0.00227135110844
895	0.00229666668392
896	0.0023219822594
897	0.00234729783488
898	0.00237261341036
899	0.00239792898584
900	0.00242324456132
901	0.00244856013679
902	0.00247387571227
903	0.00249919128775
904	0.00252450686323
905	0.00254982243871
906	0.00257513801419
907	0.00260045358967
908	0.00262576916515
909	0.00265108474063
910	0.00267640031611
911	0.00270171589159
912	0.00272703146707
913	0.00273330127717
914	0.00272052478337
915	0.00270774828958
916	0.00269497179578
917	0.00268219530198
918	0.00266941880819
919	0.00265664231439
920	0.00264386582059
921	0.0026310893268
922	0.002618312833
923	0.0026055363392
924	0.00259275984541
925	0.00257998335161
926	0.00256720685781
927	0.00255443036402
928	0.00254165387022
929	0.00252887737642
930	0.00251610088263
931	0.00250332438883
932	0.00249054789503
933	0.00247777140123
934	0.00246499490744
935	0.00245221841364
936	0.00243944191984
937	0.00242666542605
938	0.00242887594607
939	0.00244607391528
940	0.00246327188448
941	0.00248046985368
942	0.00249766782289
943	0.00251486579209
944	0.0025320637613
945	0.0025492617305
946	0.00256645969971
947	0.00258365766891
948	0.00260085563812
949	0.00261805360732
950	0.00263525157653
951	0.00265244954573
952	0.00266964751494
953	0.00268684548414
954	0.00270404345334
955	0.00272124142255
956	0.00273843939175
957	0.00275563736096
958	0.00277283533016
959	0.00279003329937
960	0.00280723126857
961	0.00282442923778
962	0.00284162720698
963	0.00284069584165
964	0.00282163460108
965	0.00280257336052
966	0.00278351211996
967	0.00276445087939
968	0.00274538963883
969	0.00272632839827
970	0.0027072671577
971	0.00268820591714
972	0.00266914467658
973	0.00265008343601
974	0.00263102219545
975	0.00261196095489
976	0.00259289971432
977	0.00257383847376
978	0.0025547772332
979	0.00253571599263
980	0.00251665475207
981	0.0024975935115
982	0.00247853227094
983	0.00245947103038
984	0.00244040978981
985	0.00242134854925
986	0.00240228730869
987	0.00238322606812
988	0.00236763755171
989	0.00235552186571
990	0.00234340617972
991	0.00233129049372
992	0.00231917480772
993	0.00230705912172
994	0.00229494343572
995	0.00228282774972
996	0.00227071206372
997	0.00225859637772
998	0.00224648069173
999	0.00223436500573
1000	0.00222224931973
1001	0.00221013363373
1002	0.00219801794773
1003	0.00218590226173
1004	0.00217378657573
1005	0.00216167088974
1006	0.00214955520374
1007	0.00213743951774
1008	0.00212532383174
1009	0.00211320814574
1010	0.00210109245974
1011	0.00208897677374
1012	0.00207686108774
1013	0.00208405525473
1014	0.00211055988052
1015	0.0021370645063
1016	0.00216356913208
1017	0.00219007375787
1018	0.00221657838365
1019	0.00224308300944
1020	0.00226958763522
1021	0.00229609226101
1022	0.00232259688679
1023	0.00234910151258
1024	0.00237560613836
1025	0.00240211076414
1026	0.00242861538993
1027	0.00245512001571
1028	0.0024816246415
1029	0.00250812926728
1030	0.00253463389307
1031	0.00256113851885
1032	0.00258764314464
1033	0.00261414777042
1034	0.0026406523962
1035	0.00266715702199
1036	0.00269366164777
1037	0.00272016627356
1038	0.00273107881989
1039	0.00272639878552
1040	0.00272171875115
1041	0.00271703871678
1042	0.00271235868241
1043	0.00270767864803
1044	0.00270299861366
1045	0.00269831857929
1046	0.00269363854492
1047	0.00268895851055
1048	0.00268427847618
1049	0.00267959844181
1050	0.00267491840743
1051	0.00267023837306
1052	0.00266555833869
1053	0.00266087830432
1054	0.00265619826995
1055	0.00265151823558
1056	0.00264683820121
1057	0.00264215816683
1058	0.00263747813246
1059	0.00263279809809
1060	0.00262811806372
1061	0.00262343802935
1062	0.00261875799498
1063	0.00261539235779
1064	0.00261334116106
1065	0.00261128996433
1066	0.00260923876761
1067	0.00260718757088
1068	0.00260513637415
1069	0.00260308517742
1070	0.00260103398069
1071	0.00259898278397
1072	0.00259693158724
1073	0.00259488039051
1074	0.00259282919378
1075	0.00259077799706
1076	0.00258872680033
1077	0.0025866756036
1078	0.00258462440687
1079	0.00258257321014
1080	0.00258052201342
1081	0.00257847081669
1082	0.00257641961996
1083	0.00257436842323
1084	0.0025723172265
1085	0.00257026602978
1086	0.00256821483305
1087	0.00256616363632
1088	0.00252175964977
1089	0.00243500144623
1090	0.0023482432427
1091	0.00226148503916
1092	0.00217472683562
1093	0.00208796863208
1094	0.00200121042854
1095	0.001914452225
1096	0.00182769402147
1097	0.00174093581793
1098	0.00165417761439
1099	0.00156741941085
1100	0.00148066120731
1101	0.00139390300377
1102	0.00130714480024
1103	0.0012203865967
1104	0.00113362839316
1105	0.00104687018962
1106	0.000960111986082
1107	0.000873353782543
1108	0.000786595579005
1109	0.000699837375466
1110	0.000613079171928
1111	0.00052632096839
1112	0.000439562764851
1113	0.000389701474806
1114	0.000376738370161
1115	0.000363775265517
1116	0.000350812160872
1117	0.000337849056227
1118	0.000324885951583
1119	0.000311922846938
1120	0.000298959742293
1121	0.000285996637649
1122	0.000273033533004
1123	0.000260070428359
1124	0.000247107323715
1125	0.00023414421907
1126	0.000221181114425
1127	0.000208218009781
1128	0.000195254905136
1129	0.000182291800492
1130	0.000169328695847
1131	0.000156365591202
1132	0.000143402486558
1133	0.000130439381913
1134	0.000117476277268
1135	0.000104513172624
1136	9.1550067979e-05
1137	7.85869633343e-05
1138	7.07477127185e-05
1139	6.803249673e-05
1140	6.53172807414e-05
1141	6.26020647529e-05
1142	5.98868487643e-05
1143	5.71716327758e-05
1144	5.44564167872e-05
1145	5.17412007987e-05
1146	4.90259848101e-05
1147	4.63107688216e-05
1148	4.3595552833e-05
1149	4.08803368445e-05
1150	3.81651208559e-05
1151	3.54499048674e-05
1152	3.27346888788e-05
1153	3.00194728903e-05
1154	2.73042569017e-05
1155	2.45890409132e-05
1156	2.18738249246e-05
1157	1.91586089361e-05
1158	1.64433929475e-05
1159	1.3728176959e-05
1160	1.10129609704e-05
1161	8.29774498185e-06
1162	5.5825289933e-06
1163	3.82043388254e-06
1164	3.01149398218e-06
1165	2.20255408181e-06
1166	1.39361418145e-06
1167	5.84674281088e-07
1168	-2.24265619275e-07
1169	-1.03320551964e-06
1170	-1.84214542e-06
1171	-2.65108532036e-06
1172	-3.46002522073e-06
1173	-4.26896512109e-06
1174	-5.07790502145e-06
1175	-5.88684492181e-06
1176	-6.69578482218e-06
1177	-7.50472472254e-06
1178	-8.3136646229e-06
1179	-9.12260452327e-06
1180	-9.93154442363e-06
1181	-1.0740484324e-05
1182	-1.15494242244e-05
1183	-1.23583641247e-05
1184	-1.31673040251e-05
1185	-1.39762439254e-05
1186	-1.47851838258e-05
1187	-1.55941237262e-05
1188	-1.62834220166e-05
1189	-1.68530742948e-05
1190	-1.7422726573e-05
1191	-1.79923788512e-05
1192	-1.85620311293e-05
1193	-1.91316834075e-05
1194	-1.97013356857e-05
1195	-2.02709879639e-05
1196	-2.08406402421e-05
1197	-2.14102925203e-05
1198	-2.19799447985e-05
1199	-2.25495970766e-05
1200	-2.31192493548e-05
1201	-2.3688901633e-05
1202	-2.42585539112e-05
1203	-2.48282061894e-05
1204	-2.53978584676e-05
1205	-2.59675107458e-05
1206	-2.65371630239e-05
1207	-2.71068153021e-05
1208	-2.76764675803e-05
1209	-2.82461198585e-05
1210	-2.88157721367e-05
1211	-2.93854244149e-05
1212	-2.99550766931e-05
1213	-3.01965658025e-05
1214	-3.0109879414e-05
1215	-3.00231930255e-05
1216	-2.9936506637e-05
1217	-2.98498202485e-05
1218	-2.976313386e-05
1219	-2.96764474715e-05
1220	-2.95897610829e-05
1221	-2.95030746944e-05
1222	-2.94163883059e-05
1223	-2.93297019174e-05
1224	-2.92430155289e-05
1225	-2.91563291404e-05
1226	-2.90696427518e-05
1227	-2.89829563633e-05
1228	-2.88962699748e-05
1229	-2.88095835863e-05
1230	-2.87228971978e-05
1231	-2.86362108093e-05
1232	-2.85495244208e-05
1233	-2.84628380322e-05
1234	-2.83761516437e-05
1235	-2.82894652552e-05
1236	-2.82027788667e-05
1237	-2.81160924782e-05
1238	-2.84883347096e-05
1239	-2.93195231588e-05
1240	-3.01507116079e-05
1241	-3.09819000571e-05
1242	-3.18130885062e-05
1243	-3.26442769554e-05
1244	-3.34754654045e-05
1245	-3.43066538537e-05
1246	-3.51378423028e-05
1247	-3.5969030752e-05
1248	-3.68002192011e-05
1249	-3.76314076503e-05
1250	-3.84625960994e-05
1251	-3.92937845486e-05
1252	-4.01249729977e-05
1253	-4.09561614469e-05
1254	-4.1787349896e-05
1255	-4.26185383452e-05
1256	-4.34497267943e-05
1257	-4.42809152435e-05
1258	-4.51121036926e-05
1259	-4.59432921418e-05
1260	-4.67744805909e-05
1261	-4.76056690401e-05
1262	-4.84368574892e-05
1263	-4.85294639385e-05
1264	-4.78834594945e-05
1265	-4.72374550506e-05
1266	-4.65914506067e-05
1267	-4.59454461627e-05
1268	-4.52994417188e-05
1269	-4.46534372748e-05
1270	-4.40074328309e-05
1271	-4.3361428387e-05
1272	-4.2715423943e-05
1273	-4.20694194991e-05
1274	-4.14234150551e-05
1275	-4.07774106112e-05
1276	-4.01314061673e-05
1277	-3.94854017233e-05
1278	-3.88393972794e-05
1279	-3.81933928354e-05
1280	-3.75473883915e-05
1281	-3.69013839476e-05
1282	-3.62553795036e-05
1283	-3.56093750597e-05
1284	-3.49633706157e-05
1285	-3.43173661718e-05
1286	-3.36713617279e-05
1287	-3.30253572839e-05
1288	-3.29410359318e-05
1289	-3.34184200797e-05
1290	-3.38958042275e-05
1291	-3.43731883753e-05
1292	-3.48505725232e-05
1293	-3.5327956671e-05
1294	-3.58053408189e-05
1295	-3.62827249667e-05
1296	-3.67601091146e-05
1297	-3.72374932624e-05
1298	-3.77148774103e-05
1299	-3.81922615581e-05
1300	-3.8669645706e-05
1301	-3.91470298538e-05
1302	-3.96244140017e-05
1303	-4.01017981495e-05
1304	-4.05791822973e-05
1305	-4.10565664452e-05
1306	-4.1533950593e-05
1307	-4.20113347409e-05
1308	-4.24887188887e-05
1309	-4.29661030366e-05
1310	-4.34434871844e-05
1311	-4.39208713323e-05
1312	-4.43982554801e-05
1313	-4.46448260146e-05
1314	-4.46605735486e-05
1315	-4.46763210827e-05
1316	-4.46920686167e-05
1317	-4.47078161508e-05
1318	-4.47235636848e-05
1319	-4.47393112189e-05
1320	-4.47550587529e-05
1321	-4.4770806287e-05
1322	-4.4786553821e-05
1323	-4.48023013551e-05
1324	-4.48180488891e-05
1325	-4.48337964232e-05
1326	-4.48495439572e-05
1327	-4.48652914913e-05
1328	-4.48810390253e-05
1329	-4.48967865594e-05
1330	-4.49125340934e-05
1331	-4.49282816275e-05
1332	-4.49440291615e-05
1333	-4.49597766956e-05
1334	-4.49755242296e-05
1335	-4.49912717637e-05
1336	-4.50070192977e-05
1337	-4.50227668318e-05
1338	-4.47889747638e-05
1339	-4.43056327519e-05
1340	-4.38222907401e-05
1341	-4.33389487282e-05
1342	-4.28556067163e-05
1343	-4.23722647045e-05
1344	-4.18889226926e-05
1345	-4.14055806807e-05
1346	-4.09222386689e-05
1347	-4.0438896657e-05
1348	-3.99555546451e-05
1349	-3.94722126333e-05
1350	-3.89888706214e-05
1351	-3.85055286095e-05
1352	-3.80221865977e-05
1353	-3.75388445858e-05
1354	-3.70555025739e-05
1355	-3.65721605621e-05
1356	-3.60888185502e-05
1357	-3.56054765384e-05
1358	-3.51221345265e-05
1359	-3.46387925146e-05
1360	-3.41554505028e-05
1361	-3.36721084909e-05
1362	-3.3188766479e-05
1363	-3.32362993883e-05
1364	-3.38147296315e-05
1365	-3.43931598748e-05
1366	-3.4971590118e-05
1367	-3.55500203612e-05
1368	-3.61284506045e-05
1369	-3.67068808477e-05
1370	-3.72853110909e-05
1371	-3.78637413341e-05
1372	-3.84421715774e-05
1373	-3.90206018206e-05
1374	-3.95990320638e-05
1375	-4.01774623071e-05
1376	-4.07558925503e-05
1377	-4.13343227935e-05
1378	-4.19127530367e-05
1379	-4.249118328e-05
1380	-4.30696135232e-05
1381	-4.36480437664e-05
1382	-4.42264740097e-05
1383	-4.48049042529e-05
1384	-4.53833344961e-05
1385	-4.59617647393e-05
1386	-4.65401949826e-05
1387	-4.71186252258e-05
1388	-4.72445602544e-05
1389	-4.69179806141e-05
1390	-4.65914009738e-05
1391	-4.62648213334e-05
1392	-4.59382416931e-05
1393	-4.56116620528e-05
1394	-4.52850824125e-05
1395	-4.49585027722e-05
1396	-4.46319231319e-05
1397	-4.43053434916e-05
1398	-4.39787638512e-05
1399	-4.36521842109e-05
1400	-4.33256045706e-05
1401	-4.29990249303e-05
1402	-4.267244529e-05
1403	-4.23458656497e-05
1404	-4.20192860094e-05
1405	-4.16927063691e-05
1406	-4.13661267287e-05
1407	-4.10395470884e-05
1408	-4.07129674481e-05
1409	-4.03863878078e-05
1410	-4.00598081675e-05
1411	-3.97332285272e-05
1412	-3.94066488869e-05
1413	-3.91785421903e-05
1414	-3.90489127475e-05
1415	-3.89192833047e-05
1416	-3.87896538619e-05
1417	-3.86600244191e-05
1418	-3.85303949763e-05
1419	-3.84007655334e-05
1420	-3.82711360906e-05
1421	-3.81415066478e-05
1422	-3.8011877205e-05
1423	-3.78822477622e-05
1424	-3.77526183194e-05
1425	-3.76229888766e-05
1426	-3.74933594338e-05
1427	-3.73637299909e-05
1428	-3.72341005481e-05
1429	-3.71044711053e-05
1430	-3.69748416625e-05
1431	-3.68452122197e-05
1432	-3.67155827769e-05
1433	-3.65859533341e-05
1434	-3.64563238913e-05
1435	-3.63266944484e-05
1436	-3.61970650056e-05
1437	-3.60674355628e-05
1438	-3.60880357027e-05
1439	-3.62588721168e-05
1440	-3.6429708531e-05
1441	-3.66005449452e-05
1442	-3.67713813593e-05
1443	-3.69422177735e-05
1444	-3.71130541876e-05
1445	-3.72838906018e-05
1446	-3.74547270159e-05
1447	-3.76255634301e-05
1448	-3.77963998443e-05
1449	-3.79672362584e-05
1450	-3.81380726726e-05
1451	-3.83089090867e-05
1452	-3.84797455009e-05
1453	-3.86505819151e-05
1454	-3.88214183292e-05
1455	-3.89922547434e-05
1456	-3.91630911575e-05
1457	-3.93339275717e-05
1458	-3.95047639858e-05
1459	-3.96756004e-05
1460	-3.98464368142e-05
1461	-4.00172732283e-05
1462	-4.01881096425e-05
1463	-4.00901648118e-05
1464	-3.97234265558e-05
1465	-3.93566882999e-05
1466	-3.89899500439e-05
1467	-3.86232117879e-05
1468	-3.8256473532e-05
1469	-3.7889735276e-05
1470	-3.752299702e-05
1471	-3.71562587641e-05
1472	-3.67895205081e-05
1473	-3.64227822521e-05
1474	-3.60560439962e-05
1475	-3.56893057402e-05
1476	-3.53225674842e-05
1477	-3.49558292282e-05
1478	-3.45890909723e-05
1479	-3.42223527163e-05
1480	-3.38556144603e-05
1481	-3.34888762044e-05
1482	-3.31221379484e-05
1483	-3.27553996924e-05
1484	-3.23886614365e-05
1485	-3.20219231805e-05
1486	-3.16551849245e-05
1487	-3.12884466686e-05
1488	-3.0585592064e-05
1489	-2.95466056186e-05
1490	-2.85076191732e-05
1491	-2.74686327278e-05
1492	-2.64296462824e-05
1493	-2.5390659837e-05
1494	-2.43516733916e-05
1495	-2.33126869462e-05
1496	-2.22737005008e-05
1497	-2.12347140554e-05
1498	-2.019572761e-05
1499	-1.91567411646e-05
1500	-1.81177547192e-05
1501	-1.70787682738e-05
1502	-1.60397818284e-05
1503	-1.5000795383e-05
1504	-1.39618089376e-05
1505	-1.29228224922e-05
1506	-1.18838360468e-05
1507	-1.08448496014e-05
1508	-9.80586315595e-06
1509	-8.76687671055e-06
1510	-7.72789026515e-06
1511	-6.68890381974e-06
1512	-5.64991737434e-06
1513	-5.04395469276e-06
1514	-4.87103606937e-06
1515	-4.69811744598e-06
1516	-4.52519882258e-06
1517	-4.35228019919e-06
1518	-4.17936157579e-06
1519	-4.0064429524e-06
1520	-3.83352432901e-06
1521	-3.66060570561e-06
1522	-3.48768708222e-06
1523	-3.31476845883e-06
1524	-3.14184983543e-06
1525	-2.96893121204e-06
1526	-2.79601258864e-06
1527	-2.62309396525e-06
1528	-2.45017534186e-06
1529	-2.27725671846e-06
1530	-2.10433809507e-06
1531	-1.93141947168e-06
1532	-1.75850084828e-06
1533	-1.58558222489e-06
1534	-1.4126636015e-06
1535	-1.2397449781e-06
1536	-1.06682635471e-06
1537	-8.93907731314e-07
1538	-7.91027006654e-07
1539	-7.58187517422e-07
1540	-7.25348028191e-07
1541	-6.92508538959e-07
1542	-6.59669049728e-07
1543	-6.26829560497e-07
1544	-5.93990071265e-07
1545	-5.61150582034e-07
1546	-5.28311092802e-07
1547	-4.95471603571e-07
1548	-4.6263211434e-07
1549	-4.29792625108e-07
1550	-3.96953135877e-07
1551	-3.64113646646e-07
1552	-3.31274157414e-07
1553	-2.98434668183e-07
1554	-2.65595178951e-07
1555	-2.3275568972e-07
1556	-1.99916200489e-07
1557	-1.67076711257e-07
1558	-1.34237222026e-07
1559	-1.01397732795e-07
1560	-6.85582435632e-08
1561	-3.57187543318e-08
1562	-2.87926510045e-09
1563	1.85072484967e-08
1564	2.84402319528e-08
1565	3.83732154089e-08
1566	4.83061988649e-08
1567	5.8239182321e-08
1568	6.81721657771e-08
1569	7.81051492332e-08
1570	8.80381326892e-08
1571	9.79711161453e-08
1572	1.07904099601e-07
1573	1.17837083057e-07
1574	1.27770066514e-07
1575	1.3770304997e-07
1576	1.47636033426e-07
1577	1.57569016882e-07
1578	1.67502000338e-07
1579	1.77434983794e-07
1580	1.8736796725e-07
1581	1.97300950706e-07
1582	2.07233934162e-07
1583	2.17166917618e-07
1584	2.27099901074e-07
1585	2.3703288453e-07
1586	2.46965867986e-07
1587	2.56898851443e-07
1588	2.65002143184e-07
1589	2.71275653208e-07
1590	2.77549163232e-07
1591	2.83822673256e-07
1592	2.9009618328e-07
1593	2.96369693303e-07
1594	3.02643203327e-07
1595	3.08916713351e-07
1596	3.15190223375e-07
1597	3.21463733399e-07
1598	3.27737243422e-07
1599	3.34010753446e-07
1600	3.4028426347e-07
1601	3.46557773494e-07
1602	3.52831283518e-07
1603	3.59104793542e-07
1604	3.65378303565e-07
1605	3.71651813589e-07
1606	3.77925323613e-07
1607	3.84198833637e-07
1608	3.90472343661e-07
1609	3.96745853684e-07
1610	4.03019363708e-07
1611	4.09292873732e-07
1612	4.15566383756e-07
1613	4.22395902896e-07
1614	4.29781458932e-07
1615	4.37167014969e-07
1616	4.44552571006e-07
1617	4.51938127043e-07
1618	4.5932368308e-07
1619	4.66709239117e-07
1620	4.74094795154e-07
1621	4.81480351191e-07
1622	4.88865907228e-07
1623	4.96251463265e-07
1624	5.03637019302e-07
1625	5.11022575338e-07
1626	5.18408131375e-07
1627	5.25793687412e-07
1628	5.33179243449e-07
1629	5.40564799486e-07
1630	5.47950355523e-07
1631	5.5533591156e-07
1632	5.62721467597e-07
1633	5.70107023634e-07
1634	5.77492579671e-07
1635	5.84878135708e-07
1636	5.92263691744e-07
1637	5.99649247781e-07
1638	6.00175657341e-07
1639	5.9384257239e-07
1640	5.87509487439e-07
1641	5.81176402489e-07
1642	5.74843317538e-07
1643	5.68510232587e-07
1644	5.62177147637e-07
1645	5.55844062686e-07
1646	5.49510977735e-07
1647	5.43177892784e-07
1648	5.36844807834e-07
1649	5.30511722883e-07
1650	5.24178637932e-07
1651	5.17845552981e-07
1652	5.11512468031e-07
1653	5.0517938308e-07
1654	4.98846298129e-07
1655	4.92513213179e-07
1656	4.86180128228e-07
1657	4.79847043277e-07
1658	4.73513958326e-07
1659	4.67180873376e-07
1660	4.60847788425e-07
1661	4.54514703474e-07
1662	4.48181618523e-07
1663	4.47092742966e-07
1664	4.51248346955e-07
1665	4.55403950945e-07
1666	4.59559554934e-07
1667	4.63715158924e-07
1668	4.67870762913e-07
1669	4.72026366902e-07
1670	4.76181970892e-07
1671	4.80337574881e-07
1672	4.84493178871e-07
1673	4.8864878286e-07
1674	4.92804386849e-07
1675	4.96959990839e-07
1676	5.01115594828e-07
1677	5.05271198818e-07
1678	5.09426802807e-07
1679	5.13582406797e-07
1680	5.17738010786e-07
1681	5.21893614775e-07
1682	5.26049218765e-07
1683	5.30204822754e-07
1684	5.34360426744e-07
1685	5.38516030733e-07
1686	5.42671634722e-07
1687	5.46827238712e-07
1688	5.4649511519e-07
1689	5.41675029496e-07
1690	5.36854943802e-07
1691	5.32034858108e-07
1692	5.27214772414e-07
1693	5.22394686721e-07
1694	5.17574601027e-07
1695	5.12754515333e-07
1696	5.07934429639e-07
1697	5.03114343945e-07
1698	4.98294258251e-07
1699	4.93474172558e-07
1700	4.88654086864e-07
1701	4.8383400117e-07
1702	4.79013915476e-07
1703	4.74193829782e-07
1704	4.69373744088e-07
1705	4.64553658395e-07
1706	4.59733572701e-07
1707	4.54913487007e-07
1708	4.50093401313e-07
1709	4.45273315619e-07
1710	4.40453229925e-07
1711	4.35633144232e-07
1712	4.30813058538e-07
1713	4.30492037225e-07
1714	4.34670319031e-07
1715	4.38848600838e-07
1716	4.43026882644e-07
1717	4.4720516445e-07
1718	4.51383446257e-07
1719	4.55561728063e-07
1720	4.5974000987e-07
1721	4.63918291676e-07
1722	4.68096573482e-07
1723	4.72274855289e-07
1724	4.76453137095e-07
1725	4.80631418902e-07
1726	4.84809700708e-07
1727	4.88987982514e-07
1728	4.93166264321e-07
1729	4.97344546127e-07
1730	5.01522827933e-07
1731	5.0570110974e-07
1732	5.09879391546e-07
1733	5.14057673353e-07
1734	5.18235955159e-07
1735	5.22414236965e-07
1736	5.26592518772e-07
1737	5.30770800578e-07
1738	5.33047509173e-07
1739	5.33422542178e-07
1740	5.33797575182e-07
1741	5.34172608187e-07
1742	5.34547641192e-07
1743	5.34922674196e-07
1744	5.35297707201e-07
1745	5.35672740206e-07
1746	5.3604777321e-07
1747	5.36422806215e-07
1748	5.3679783922e-07
1749	5.37172872224e-07
1750	5.37547905229e-07
1751	5.37922938234e-07
1752	5.38297971238e-07
1753	5.38673004243e-07
1754	5.39048037248e-07
1755	5.39423070252e-07
1756	5.39798103257e-07
1757	5.40173136262e-07
1758	5.40548169266e-07
1759	5.40923202271e-07
1760	5.41298235276e-07
1761	5.4167326828e-07
1762	5.42048301285e-07
1763	5.41024545641e-07
1764	5.38601924956e-07
1765	5.36179304271e-07
1766	5.33756683586e-07
1767	5.31334062902e-07
1768	5.28911442217e-07
1769	5.26488821532e-07
1770	5.24066200847e-07
1771	5.21643580162e-07
1772	5.19220959477e-07
1773	5.16798338792e-07
1774	5.14375718107e-07
1775	5.11953097422e-07
1776	5.09530476737e-07
1777	5.07107856052e-07
1778	5.04685235367e-07
1779	5.02262614682e-07
1780	4.99839993998e-07
1781	4.97417373313e-07
1782	4.94994752628e-07
1783	4.92572131943e-07
1784	4.90149511258e-07
1785	4.87726890573e-07
1786	4.85304269888e-07
1787	4.82881649203e-07
1788	4.82322083248e-07
1789	4.83625675214e-07
1790	4.8492926718e-07
1791	4.86232859145e-07
1792	4.87536451111e-07
1793	4.88840043077e-07
1794	4.90143635043e-07
1795	4.91447227009e-07
1796	4.92750818974e-07
1797	4.9405441094e-07
1798	4.95358002906e-07
1799	4.96661594872e-07
1800	4.97965186838e-07
1801	4.99268778803e-07
1802	5.00572370769e-07
1803	5.01875962735e-07
1804	5.03179554701e-07
1805	5.04483146667e-07
1806	5.05786738632e-07
1807	5.07090330598e-07
1808	5.08393922564e-07
1809	5.0969751453e-07
1810	5.11001106496e-07
1811	5.12304698461e-07
1812	5.13608290427e-07
1813	5.11562358314e-07
1814	5.06166714004e-07
1815	5.00771069693e-07
1816	4.95375425383e-07
1817	4.89979781072e-07
1818	4.84584136762e-07
1819	4.79188492451e-07
1820	4.73792848141e-07
1821	4.6839720383e-07
1822	4.63001559519e-07
1823	4.57605915209e-07
1824	4.52210270898e-07
1825	4.46814626588e-07
1826	4.41418982277e-07
1827	4.36023337967e-07
1828	4.30627693656e-07
1829	4.25232049346e-07
1830	4.19836405035e-07
1831	4.14440760725e-07
1832	4.09045116414e-07
1833	4.03649472104e-07
1834	3.98253827793e-07
1835	3.92858183483e-07
1836	3.87462539172e-07
1837	3.82066894862e-07
1838	3.80376076742e-07
1839	3.82390295755e-07
1840	3.84404514768e-07
1841	3.86418733781e-07
1842	3.88432952794e-07
1843	3.90447171807e-07
1844	3.9246139082e-07
1845	3.94475609833e-07
1846	3.96489828846e-07
1847	3.9850404786e-07
1848	4.00518266873e-07
1849	4.02532485886e-07
1850	4.04546704899e-07
1851	4.06560923912e-07
1852	4.08575142925e-07
1853	4.10589361938e-07
1854	4.12603580951e-07
1855	4.14617799964e-07
1856	4.16632018978e-07
1857	4.18646237991e-07
1858	4.20660457004e-07
1859	4.22674676017e-07
1860	4.2468889503e-07
1861	4.26703114043e-07
1862	4.28717333056e-07
1863	4.27888793624e-07
1864	4.24217331685e-07
1865	4.20545869745e-07
1866	4.16874407806e-07
1867	4.13202945867e-07
1868	4.09531483927e-07
1869	4.05860021988e-07
1870	4.02188560049e-07
1871	3.98517098109e-07
1872	3.9484563617e-07
1873	3.9117417423e-07
1874	3.87502712291e-07
1875	3.83831250352e-07
1876	3.80159788412e-07
1877	3.76488326473e-07
1878	3.72816864534e-07
1879	3.69145402594e-07
1880	3.65473940655e-07
1881	3.61802478716e-07
1882	3.58131016776e-07
1883	3.54459554837e-07
1884	3.50788092898e-07
1885	3.47116630958e-07
1886	3.43445169019e-07
1887	3.3977370708e-07
1888	3.32062298238e-07
1889	3.20310706211e-07
1890	3.08559114183e-07
1891	2.96807522156e-07
1892	2.85055930128e-07
1893	2.73304338101e-07
1894	2.61552746073e-07
1895	2.49801154046e-07
1896	2.38049562018e-07
1897	2.26297969991e-07
1898	2.14546377963e-07
1899	2.02794785936e-07
1900	1.91043193908e-07
1901	1.79291601881e-07
1902	1.67540009854e-07
1903	1.55788417826e-07
1904	1.44036825799e-07
1905	1.32285233771e-07
1906	1.20533641744e-07
1907	1.08782049716e-07
1908	9.70304576888e-08
1909	8.52788656613e-08
1910	7.35272736338e-08
1911	6.17756816064e-08
1912	5.00240895789e-08
1913	4.35127758323e-08
1914	4.2242050913e-08
1915	4.09713259938e-08
1916	3.97006010745e-08
1917	3.84298761552e-08
1918	3.7159151236e-08
1919	3.58884263167e-08
1920	3.46177013975e-08
1921	3.33469764782e-08
1922	3.20762515589e-08
1923	3.08055266397e-08
1924	2.95348017204e-08
1925	2.82640768012e-08
1926	2.69933518819e-08
1927	2.57226269627e-08
1928	2.44519020434e-08
1929	2.31811771241e-08
1930	2.19104522049e-08
1931	2.06397272856e-08
1932	1.93690023664e-08
1933	1.80982774471e-08
1934	1.68275525278e-08
1935	1.55568276086e-08
1936	1.42861026893e-08
1937	1.30153777701e-08
1938	1.21423586531e-08
1939	1.16670692151e-08
1940	1.11917797771e-08
1941	1.07164903391e-08
1942	1.02412009011e-08
1943	9.76591146312e-09
1944	9.29062202513e-09
1945	8.81533258714e-09
1946	8.34004314915e-09
1947	7.86475371116e-09
1948	7.38946427317e-09
1949	6.91417483518e-09
1950	6.43888539719e-09
1951	5.9635959592e-09
1952	5.48830652121e-09
1953	5.01301708322e-09
1954	4.53772764522e-09
1955	4.06243820723e-09
1956	3.58714876924e-09
1957	3.11185933125e-09
1958	2.63656989326e-09
1959	2.16128045527e-09
1960	1.68599101728e-09
1961	1.21070157929e-09
1962	7.35412141299e-10
1963	4.52643186383e-10
1964	3.62406421872e-10
1965	2.72169657361e-10
1966	1.8193289285e-10
1967	9.16961283389e-11
1968	1.45936382776e-12
1969	-8.87774006833e-11
1970	-1.79014165194e-10
1971	-2.69250929706e-10
1972	-3.59487694217e-10
1973	-4.49724458728e-10
1974	-5.39961223239e-10
1975	-6.3019798775e-10
1976	-7.20434752261e-10
1977	-8.10671516772e-10
1978	-9.00908281283e-10
1979	-9.91145045794e-10
1980	-1.08138181031e-09
1981	-1.17161857482e-09
1982	-1.26185533933e-09
1983	-1.35209210384e-09
1984	-1.44232886835e-09
1985	-1.53256563286e-09
1986	-1.62280239737e-09
1987	-1.71303916188e-09
1988	-1.80209417797e-09
1989	-1.88996737284e-09
1990	-1.97784056772e-09
1991	-2.0657137626e-09
1992	-2.15358695747e-09
1993	-2.24146015235e-09
1994	-2.32933334723e-09
1995	-2.4172065421e-09
1996	-2.50507973698e-09
1997	-2.59295293186e-09
1998	-2.68082612673e-09
1999	-2.76869932161e-09
2000	-2.85657251648e-09
2001	-2.94444571136e-09
2002	-3.03231890624e-09
2003	-3.12019210111e-09
2004	-3.20806529599e-09
2005	-3.29593849087e-09
2006	-3.38381168574e-09
2007	-3.47168488062e-09
2008	-3.5595580755e-09
2009	-3.64743127037e-09
2010	-3.73530446525e-09
2011	-3.82317766013e-09
2012	-3.911050855e-09
2013	-3.95254529557e-09
2014	-3.94765808965e-09
2015	-3.94277088373e-09
2016	-3.9378836778e-09
2017	-3.93299647188e-09
2018	-3.92810926596e-09
2019	-3.92322206003e-09
2020	-3.91833485411e-09
2021	-3.91344764818e-09
2022	-3.90856044226e-09
2023	-3.90367323634e-09
2024	-3.89878603041e-09
2025	-3.89389882449e-09
2026	-3.88901161857e-09
2027	-3.88412441264e-09
2028	-3.87923720672e-09
2029	-3.87435000079e-09
2030	-3.86946279487e-09
2031	-3.86457558895e-09
2032	-3.85968838302e-09
2033	-3.8548011771e-09
2034	-3.84991397118e-09
2035	-3.84502676525e-09
2036	-3.84013955933e-09
2037	-3.8352523534e-09
2038	-3.85478382191e-09
2039	-3.89873550651e-09
2040	-3.94268719112e-09
2041	-3.98663887572e-09
2042	-4.03059056033e-09
2043	-4.07454224493e-09
2044	-4.11849392954e-09
2045	-4.16244561414e-09
2046	-4.20639729875e-09
2047	-4.25034898335e-09
2048	-4.29430066796e-09
2049	-4.33825235256e-09
2050	-4.38220403717e-09
2051	-4.42615572177e-09
2052	-4.47010740638e-09
2053	-4.51405909098e-09
2054	-4.55801077559e-09
2055	-4.6019624602e-09
2056	-4.6459141448e-09
2057	-4.68986582941e-09
2058	-4.73381751401e-09
2059	-4.77776919862e-09
2060	-4.82172088322e-09
2061	-4.86567256783e-09
2062	-4.90962425243e-09
2063	-4.90987122824e-09
2064	-4.86641070212e-09
2065	-4.82295017599e-09
2066	-4.77948964986e-09
2067	-4.73602912374e-09
2068	-4.69256859761e-09
2069	-4.64910807148e-09
2070	-4.60564754536e-09
2071	-4.56218701923e-09
2072	-4.5187264931e-09
2073	-4.47526596697e-09
2074	-4.43180544085e-09
2075	-4.38834491472e-09
2076	-4.34488438859e-09
2077	-4.30142386247e-09
2078	-4.25796333634e-09
2079	-4.21450281021e-09
2080	-4.17104228409e-09
2081	-4.12758175796e-09
2082	-4.08412123183e-09
2083	-4.04066070571e-09
2084	-3.99720017958e-09
2085	-3.95373965345e-09
2086	-3.91027912732e-09
2087	-3.8668186012e-09
2088	-3.85449410404e-09
2089	-3.87330764985e-09
2090	-3.89212119566e-09
2091	-3.91093474148e-09
2092	-3.92974828729e-09
2093	-3.94856183311e-09
2094	-3.96737537892e-09
2095	-3.98618892474e-09
2096	-4.00500247055e-09
2097	-4.02381601637e-09
2098	-4.04262956218e-09
2099	-4.061443108e-09
2100	-4.08025665381e-09
2101	-4.09907019962e-09
2102	-4.11788374544e-09
2103	-4.13669729125e-09
2104	-4.15551083707e-09
2105	-4.17432438288e-09
2106	-4.1931379287e-09
2107	-4.21195147451e-09
2108	-4.23076502033e-09
2109	-4.24957856614e-09
2110	-4.26839211195e-09
2111	-4.28720565777e-09
2112	-4.30601920358e-09
2113	-4.34735045632e-09
2114	-4.41120088997e-09
2115	-4.47505132362e-09
2116	-4.53890175727e-09
2117	-4.60275219092e-09
2118	-4.66660262457e-09
2119	-4.73045305822e-09
2120	-4.79430349187e-09
2121	-4.85815392551e-09
2122	-4.92200435916e-09
2123	-4.98585479281e-09
2124	-5.04970522646e-09
2125	-5.11355566011e-09
2126	-5.17740609376e-09
2127	-5.24125652741e-09
2128	-5.30510696106e-09
2129	-5.36895739471e-09
2130	-5.43280782836e-09
2131	-5.496658262e-09
2132	-5.56050869565e-09
2133	-5.6243591293e-09
2134	-5.68820956295e-09
2135	-5.7520599966e-09
2136	-5.81591043025e-09
2137	-5.8797608639e-09
2138	-5.87393281039e-09
2139	-5.79842165466e-09
2140	-5.72291049893e-09
2141	-5.6473993432e-09
2142	-5.57188818747e-09
2143	-5.49637703174e-09
2144	-5.42086587601e-09
2145	-5.34535472028e-09
2146	-5.26984356455e-09
2147	-5.19433240882e-09
2148	-5.11882125309e-09
2149	-5.04331009736e-09
2150	-4.96779894163e-09
2151	-4.8922877859e-09
2152	-4.81677663017e-09
2153	-4.74126547444e-09
2154	-4.66575431871e-09
2155	-4.59024316298e-09
2156	-4.51473200725e-09
2157	-4.43922085152e-09
2158	-4.36370969579e-09
2159	-4.28819854006e-09
2160	-4.21268738433e-09
2161	-4.1371762286e-09
2162	-4.06166507287e-09
2163	-4.05308449269e-09
2164	-4.11143897296e-09
2165	-4.16979345323e-09
2166	-4.22814793349e-09
2167	-4.28650241376e-09
2168	-4.34485689403e-09
2169	-4.4032113743e-09
2170	-4.46156585457e-09
2171	-4.51992033484e-09
2172	-4.57827481511e-09
2173	-4.63662929538e-09
2174	-4.69498377565e-09
2175	-4.75333825592e-09
2176	-4.81169273618e-09
2177	-4.87004721645e-09
2178	-4.92840169672e-09
2179	-4.98675617699e-09
2180	-5.04511065726e-09
2181	-5.10346513753e-09
2182	-5.1618196178e-09
2183	-5.22017409807e-09
2184	-5.27852857834e-09
2185	-5.33688305861e-09
2186	-5.39523753888e-09
2187	-5.45359201914e-09
2188	-5.46803002973e-09
2189	-5.43854859385e-09
2190	-5.40906715797e-09
2191	-5.37958572209e-09
2192	-5.3501042862e-09
2193	-5.32062285032e-09
2194	-5.29114141444e-09
2195	-5.26165997855e-09
2196	-5.23217854267e-09
2197	-5.20269710679e-09
2198	-5.17321567091e-09
2199	-5.14373423502e-09
2200	-5.11425279914e-09
2201	-5.08477136326e-09
2202	-5.05528992738e-09
2203	-5.02580849149e-09
2204	-4.99632705561e-09
2205	-4.96684561973e-09
2206	-4.93736418385e-09
2207	-4.90788274796e-09
2208	-4.87840131208e-09
2209	-4.8489198762e-09
2210	-4.81943844032e-09
2211	-4.78995700443e-09
2212	-4.76047556855e-09
2213	-4.76484329511e-09
2214	-4.80306250473e-09
2215	-4.84128171434e-09
2216	-4.87950092396e-09
2217	-4.91772013358e-09
2218	-4.9559393432e-09
2219	-4.99415855282e-09
2220	-5.03237776243e-09
2221	-5.07059697205e-09
2222	-5.10881618167e-09
2223	-5.14703539129e-09
2224	-5.18525460091e-09
2225	-5.22347381052e-09
2226	-5.26169302014e-09
2227	-5.29991222976e-09
2228	-5.33813143938e-09
2229	-5.376350649e-09
2230	-5.41456985861e-09
2231	-5.45278906823e-09
2232	-5.49100827785e-09
2233	-5.52922748747e-09
2234	-5.56744669708e-09
2235	-5.6056659067e-09
2236	-5.64388511632e-09
2237	-5.68210432594e-09
2238	-5.67786055945e-09
2239	-5.6311508728e-09
2240	-5.58444118615e-09
2241	-5.5377314995e-09
2242	-5.49102181284e-09
2243	-5.44431212619e-09
2244	-5.39760243954e-09
2245	-5.35089275289e-09
2246	-5.30418306623e-09
2247	-5.25747337958e-09
2248	-5.21076369293e-09
2249	-5.16405400628e-09
2250	-5.11734431963e-09
2251	-5.07063463297e-09
2252	-5.02392494632e-09
2253	-4.97721525967e-09
2254	-4.93050557302e-09
2255	-4.88379588637e-09
2256	-4.83708619971e-09
2257	-4.79037651306e-09
2258	-4.74366682641e-09
2259	-4.69695713976e-09
2260	-4.65024745311e-09
2261	-4.60353776645e-09
2262	-4.5568280798e-09
2263	-4.52275983923e-09
2264	-4.50133393098e-09
2265	-4.47990802273e-09
2266	-4.45848211448e-09
2267	-4.43705620624e-09
2268	-4.41563029799e-09
2269	-4.39420438974e-09
2270	-4.37277848149e-09
2271	-4.35135257325e-09
2272	-4.329926665e-09
2273	-4.30850075675e-09
2274	-4.28707484851e-09
2275	-4.26564894026e-09
2276	-4.24422303201e-09
2277	-4.22279712376e-09
2278	-4.20137121552e-09
2279	-4.17994530727e-09
2280	-4.15851939902e-09
2281	-4.13709349077e-09
2282	-4.11566758253e-09
2283	-4.09424167428e-09
2284	-4.07281576603e-09
2285	-4.05138985779e-09
2286	-4.02996394954e-09
2287	-4.00853804129e-09
2288	-3.92672705758e-09
2289	-3.78452671819e-09
2290	-3.64232637881e-09
2291	-3.50012603943e-09
2292	-3.35792570004e-09
2293	-3.21572536066e-09
2294	-3.07352502128e-09
2295	-2.93132468189e-09
2296	-2.78912434251e-09
2297	-2.64692400313e-09
2298	-2.50472366374e-09
2299	-2.36252332436e-09
2300	-2.22032298498e-09
2301	-2.07812264559e-09
2302	-1.93592230621e-09
2303	-1.79372196683e-09
2304	-1.65152162744e-09
2305	-1.50932128806e-09
2306	-1.36712094868e-09
2307	-1.22492060929e-09
2308	-1.08272026991e-09
2309	-9.40519930525e-10
2310	-7.98319591141e-10
2311	-6.56119251758e-10
2312	-5.13918912375e-10
2313	-4.32206008411e-10
2314	-4.10984874184e-10
2315	-3.89763739956e-10
2316	-3.68542605728e-10
2317	-3.473214715e-10
2318	-3.26100337273e-10
2319	-3.04879203045e-10
2320	-2.83658068817e-10
2321	-2.62436934589e-10
2322	-2.41215800362e-10
2323	-2.19994666134e-10
2324	-1.98773531906e-10
2325	-1.77552397679e-10
2326	-1.56331263451e-10
2327	-1.35110129223e-10
2328	-1.13888994995e-10
2329	-9.26678607678e-11
2330	-7.144672654e-11
2331	-5.02255923123e-11
2332	-2.90044580846e-11
2333	-7.7833238569e-12
2334	1.34378103708e-11
2335	3.46589445985e-11
2336	5.58800788262e-11
2337	7.7101213054e-11
2338	9.04650952858e-11
2339	9.59711564119e-11
2340	1.01477217538e-10
2341	1.06983278664e-10
2342	1.1248933979e-10
2343	1.17995400916e-10
2344	1.23501462042e-10
2345	1.29007523169e-10
2346	1.34513584295e-10
2347	1.40019645421e-10
2348	1.45525706547e-10
2349	1.51031767673e-10
2350	1.56537828799e-10
2351	1.62043889925e-10
2352	1.67549951051e-10
2353	1.73056012177e-10
2354	1.78562073303e-10
2355	1.8406813443e-10
2356	1.89574195556e-10
2357	1.95080256682e-10
2358	2.00586317808e-10
2359	2.06092378934e-10
2360	2.1159844006e-10
2361	2.17104501186e-10
2362	2.22610562312e-10
2363	2.25381869017e-10
2364	2.254182211e-10
2365	2.25454573182e-10
2366	2.25490925265e-10
2367	2.25527277348e-10
2368	2.25563629431e-10
2369	2.25599981514e-10
2370	2.25636333597e-10
2371	2.25672685679e-10
2372	2.25709037762e-10
2373	2.25745389845e-10
2374	2.25781741928e-10
2375	2.25818094011e-10
2376	2.25854446094e-10
2377	2.25890798176e-10
2378	2.25927150259e-10
2379	2.25963502342e-10
2380	2.25999854425e-10
2381	2.26036206508e-10
2382	2.26072558591e-10
2383	2.26108910673e-10
2384	2.26145262756e-10
2385	2.26181614839e-10
2386	2.26217966922e-10
2387	2.26254319005e-10
2388	2.26330780607e-10
2389	2.26447354696e-10
2390	2.26563928785e-10
2391	2.26680502874e-10
2392	2.26797076963e-10
2393	2.26913651052e-10
2394	2.27030225141e-10
2395	2.2714679923e-10
2396	2.27263373319e-10
2397	2.27379947408e-10
2398	2.27496521497e-10
2399	2.27613095586e-10
2400	2.27729669675e-10
2401	2.27846243763e-10
2402	2.27962817852e-10
2403	2.28079391941e-10
2404	2.2819596603e-10
2405	2.28312540119e-10
2406	2.28429114208e-10
2407	2.28545688297e-10
2408	2.28662262386e-10
2409	2.28778836475e-10
2410	2.28895410564e-10
2411	2.29011984653e-10
2412	2.29128558742e-10
2413	2.28446453552e-10
2414	2.26965609376e-10
2415	2.254847652e-10
2416	2.24003921025e-10
2417	2.22523076849e-10
2418	2.21042232674e-10
2419	2.19561388498e-10
2420	2.18080544323e-10
2421	2.16599700147e-10
2422	2.15118855972e-10
2423	2.13638011796e-10
2424	2.1215716762e-10
2425	2.10676323445e-10
2426	2.09195479269e-10
2427	2.07714635094e-10
2428	2.06233790918e-10
2429	2.04752946743e-10
2430	2.03272102567e-10
2431	2.01791258392e-10
2432	2.00310414216e-10
2433	1.98829570041e-10
2434	1.97348725865e-10
2435	1.95867881689e-10
2436	1.94387037514e-10
2437	1.92906193338e-10
2438	1.91760203051e-10
2439	1.90949091944e-10
2440	1.90137980837e-10
2441	1.8932686973e-10
2442	1.88515758623e-10
2443	1.87704647516e-10
2444	1.86893536409e-10
2445	1.86082425302e-10
2446	1.85271314195e-10
2447	1.84460203088e-10
2448	1.83649091981e-10
2449	1.82837980874e-10
2450	1.82026869767e-10
2451	1.8121575866e-10
2452	1.80404647553e-10
2453	1.79593536446e-10
2454	1.78782425339e-10
2455	1.77971314232e-10
2456	1.77160203124e-10
2457	1.76349092017e-10
2458	1.7553798091e-10
2459	1.74726869803e-10
2460	1.73915758696e-10
2461	1.73104647589e-10
2462	1.72293536482e-10
2463	1.71986968022e-10
2464	1.72184980708e-10
2465	1.72382993394e-10
2466	1.72581006079e-10
2467	1.72779018765e-10
2468	1.72977031451e-10
2469	1.73175044136e-10
2470	1.73373056822e-10
2471	1.73571069508e-10
2472	1.73769082194e-10
2473	1.73967094879e-10
2474	1.74165107565e-10
2475	1.74363120251e-10
2476	1.74561132936e-10
2477	1.74759145622e-10
2478	1.74957158308e-10
2479	1.75155170994e-10
2480	1.75353183679e-10
2481	1.75551196365e-10
2482	1.75749209051e-10
2483	1.75947221736e-10
2484	1.76145234422e-10
2485	1.76343247108e-10
2486	1.76541259794e-10
2487	1.76739272479e-10
2488	1.74720809776e-10
2489	1.70485700839e-10
2490	1.66250591903e-10
2491	1.62015482966e-10
2492	1.57780374029e-10
2493	1.53545265093e-10
2494	1.49310156156e-10
2495	1.45075047219e-10
2496	1.40839938282e-10
2497	1.36604829346e-10
2498	1.32369720409e-10
2499	1.28134611472e-10
2500	1.23899502536e-10
2501	1.19664393599e-10
2502	1.15429284662e-10
2503	1.11194175726e-10
2504	1.06959066789e-10
2505	1.02723957852e-10
2506	9.84888489156e-11
2507	9.42537399789e-11
2508	9.00186310422e-11
2509	8.57835221055e-11
2510	8.15484131688e-11
2511	7.73133042321e-11
2512	7.30781952954e-11
2513	7.16593477097e-11
2514	7.30569807321e-11
2515	7.44546137546e-11
2516	7.5852246777e-11
2517	7.72498797995e-11
2518	7.86475128219e-11
2519	8.00451458443e-11
2520	8.14427788668e-11
2521	8.28404118892e-11
2522	8.42380449117e-11
2523	8.56356779341e-11
2524	8.70333109566e-11
2525	8.8430943979e-11
2526	8.98285770014e-11
2527	9.12262100239e-11
2528	9.26238430463e-11
2529	9.40214760688e-11
2530	9.54191090912e-11
2531	9.68167421137e-11
2532	9.82143751361e-11
2533	9.96120081585e-11
2534	1.01009641181e-10
2535	1.02407274203e-10
2536	1.03804907226e-10
2537	1.05202540248e-10
2538	1.05572643939e-10
2539	1.04915137504e-10
2540	1.04257631069e-10
2541	1.03600124634e-10
2542	1.02942618199e-10
2543	1.02285111764e-10
2544	1.01627605329e-10
2545	1.00970098894e-10
2546	1.00312592459e-10
2547	9.9655086024e-11
2548	9.8997579589e-11
2549	9.8340073154e-11
2550	9.7682566719e-11
2551	9.70250602841e-11
2552	9.63675538491e-11
2553	9.57100474141e-11
2554	9.50525409792e-11
2555	9.43950345442e-11
2556	9.37375281092e-11
2557	9.30800216742e-11
2558	9.24225152393e-11
2559	9.17650088043e-11
2560	9.11075023693e-11
2561	9.04499959343e-11
2562	8.97924894994e-11
2563	8.92060462015e-11
2564	8.86906716834e-11
2565	8.81752971652e-11
2566	8.76599226471e-11
2567	8.7144548129e-11
2568	8.66291736108e-11
2569	8.61137990927e-11
2570	8.55984245746e-11
2571	8.50830500564e-11
2572	8.45676755383e-11
2573	8.40523010202e-11
2574	8.35369265021e-11
2575	8.30215519839e-11
2576	8.25061774658e-11
2577	8.19908029477e-11
2578	8.14754284295e-11
2579	8.09600539114e-11
2580	8.04446793933e-11
2581	7.99293048751e-11
2582	7.9413930357e-11
2583	7.88985558389e-11
2584	7.83831813207e-11
2585	7.78678068026e-11
2586	7.73524322845e-11
2587	7.68370577664e-11
2588	7.64747139577e-11
2589	7.62654131281e-11
2590	7.60561122986e-11
2591	7.5846811469e-11
2592	7.56375106395e-11
2593	7.54282098099e-11
2594	7.52189089804e-11
2595	7.50096081508e-11
2596	7.48003073213e-11
2597	7.45910064917e-11
2598	7.43817056622e-11
2599	7.41724048326e-11
2600	7.39631040031e-11
2601	7.37538031735e-11
2602	7.3544502344e-11
2603	7.33352015144e-11
2604	7.31259006849e-11
2605	7.29165998553e-11
2606	7.27072990258e-11
2607	7.24979981962e-11
2608	7.22886973667e-11
2609	7.20793965371e-11
2610	7.18700957076e-11
2611	7.16607948781e-11
2612	7.14514940485e-11
2613	7.08777094245e-11
2614	6.99394115002e-11
2615	6.90011135758e-11
2616	6.80628156514e-11
2617	6.71245177271e-11
2618	6.61862198027e-11
2619	6.52479218783e-11
2620	6.4309623954e-11
2621	6.33713260296e-11
2622	6.24330281052e-11
2623	6.14947301809e-11
2624	6.05564322565e-11
2625	5.96181343321e-11
2626	5.86798364078e-11
2627	5.77415384834e-11
2628	5.68032405591e-11
2629	5.58649426347e-11
2630	5.49266447103e-11
2631	5.3988346786e-11
2632	5.30500488616e-11
2633	5.21117509372e-11
2634	5.11734530129e-11
2635	5.02351550885e-11
2636	4.92968571641e-11
2637	4.83585592398e-11
2638	4.84204838241e-11
2639	4.94827126629e-11
2640	5.05449415016e-11
2641	5.16071703403e-11
2642	5.26693991791e-11
2643	5.37316280178e-11
2644	5.47938568566e-11
2645	5.58560856953e-11
2646	5.69183145341e-11
2647	5.79805433728e-11
2648	5.90427722116e-11
2649	6.01050010503e-11
2650	6.11672298891e-11
2651	6.22294587278e-11
2652	6.32916875666e-11
2653	6.43539164053e-11
2654	6.54161452441e-11
2655	6.64783740828e-11
2656	6.75406029216e-11
2657	6.86028317603e-11
2658	6.96650605991e-11
2659	7.07272894378e-11
2660	7.17895182766e-11
2661	7.28517471153e-11
2662	7.39139759541e-11
2663	7.42297679015e-11
2664	7.3799061375e-11
2665	7.33683548484e-11
2666	7.29376483219e-11
2667	7.25069417953e-11
2668	7.20762352688e-11
2669	7.16455287422e-11
2670	7.12148222157e-11
2671	7.07841156891e-11
2672	7.03534091626e-11
2673	6.9922702636e-11
2674	6.94919961095e-11
2675	6.90612895829e-11
2676	6.86305830564e-11
2677	6.81998765298e-11
2678	6.77691700033e-11
2679	6.73384634767e-11
2680	6.69077569502e-11
2681	6.64770504236e-11
2682	6.60463438971e-11
2683	6.56156373705e-11
2684	6.5184930844e-11
2685	6.47542243174e-11
2686	6.43235177909e-11
2687	6.38928112643e-11
2688	6.34216099946e-11
2689	6.29099106095e-11
2690	6.23982112243e-11
2691	6.18865118392e-11
2692	6.1374812454e-11
2693	6.08631130689e-11
2694	6.03514136837e-11
2695	5.98397142986e-11
2696	5.93280149134e-11
2697	5.88163155283e-11
2698	5.83046161431e-11
2699	5.77929167579e-11
2700	5.72812173728e-11
2701	5.67695179876e-11
2702	5.62578186025e-11
2703	5.57461192173e-11
2704	5.52344198322e-11
2705	5.4722720447e-11
2706	5.42110210619e-11
2707	5.36993216767e-11
2708	5.31876222916e-11
2709	5.26759229064e-11
2710	5.21642235213e-11
2711	5.16525241361e-11
2712	5.1140824751e-11
2713	5.06067971661e-11
2714	5.00504395048e-11
2715	4.94940818436e-11
2716	4.89377241823e-11
2717	4.8381366521e-11
2718	4.78250088597e-11
2719	4.72686511984e-11
2720	4.67122935371e-11
2721	4.61559358759e-11
2722	4.55995782146e-11
2723	4.50432205533e-11
2724	4.4486862892e-11
2725	4.39305052307e-11
2726	4.33741475695e-11
2727	4.28177899082e-11
2728	4.22614322469e-11
2729	4.17050745856e-11
2730	4.11487169243e-11
2731	4.05923592631e-11
2732	4.00360016018e-11
2733	3.94796439405e-11
2734	3.89232862792e-11
2735	3.83669286179e-11
2736	3.78105709566e-11
2737	3.72542132954e-11
2738	3.7237851379e-11
2739	3.77615310134e-11
2740	3.82852106478e-11
2741	3.88088902822e-11
2742	3.93325699166e-11
2743	3.9856249551e-11
2744	4.03799291854e-11
2745	4.09036088198e-11
2746	4.14272884542e-11
2747	4.19509680886e-11
2748	4.2474647723e-11
2749	4.29983273574e-11
2750	4.35220069918e-11
2751	4.40456866262e-11
2752	4.45693662606e-11
2753	4.5093045895e-11
2754	4.56167255294e-11
2755	4.61404051639e-11
2756	4.66640847983e-11
2757	4.71877644327e-11
2758	4.77114440671e-11
2759	4.82351237015e-11
2760	4.87588033359e-11
2761	4.92824829703e-11
2762	4.98061626047e-11
2763	5.02632784417e-11
2764	5.06538247835e-11
2765	5.10443711254e-11
2766	5.14349174672e-11
2767	5.1825463809e-11
2768	5.22160101508e-11
2769	5.26065564926e-11
2770	5.29971028344e-11
2771	5.33876491762e-11
2772	5.3778195518e-11
2773	5.41687418598e-11
2774	5.45592882016e-11
2775	5.49498345434e-11
2776	5.53403808852e-11
2777	5.5730927227e-11
2778	5.61214735688e-11
2779	5.65120199106e-11
2780	5.69025662524e-11
2781	5.72931125942e-11
2782	5.7683658936e-11
2783	5.80742052778e-11
2784	5.84647516196e-11
2785	5.88552979614e-11
2786	5.92458443033e-11
2787	5.96363906451e-11
2788	5.9756187634e-11
2789	5.9605211884e-11
2790	5.94542361339e-11
2791	5.93032603839e-11
2792	5.91522846338e-11
2793	5.90013088838e-11
2794	5.88503331337e-11
2795	5.86993573837e-11
2796	5.85483816336e-11
2797	5.83974058836e-11
2798	5.82464301336e-11
2799	5.80954543835e-11
2800	5.79444786335e-11
2801	5.77935028834e-11
2802	5.76425271334e-11
2803	5.74915513833e-11
2804	5.73405756333e-11
2805	5.71895998832e-11
2806	5.70386241332e-11
2807	5.68876483831e-11
2808	5.67366726331e-11
2809	5.6585696883e-11
2810	5.6434721133e-11
2811	5.62837453829e-11
2812	5.61327696329e-11
2813	5.60990439172e-11
2814	5.61825784544e-11
2815	5.62661129915e-11
2816	5.63496475287e-11
2817	5.64331820658e-11
2818	5.6516716603e-11
2819	5.66002511401e-11
2820	5.66837856773e-11
2821	5.67673202144e-11
2822	5.68508547516e-11
2823	5.69343892887e-11
2824	5.70179238259e-11
2825	5.7101458363e-11
2826	5.71849929002e-11
2827	5.72685274373e-11
2828	5.73520619745e-11
2829	5.74355965116e-11
2830	5.75191310488e-11
2831	5.76026655859e-11
2832	5.76862001231e-11
2833	5.77697346602e-11
2834	5.78532691974e-11
2835	5.79368037345e-11
2836	5.80203382717e-11
2837	5.81038728088e-11
2838	5.75189124676e-11
2839	5.62653984705e-11
2840	5.50118844734e-11
2841	5.37583704764e-11
2842	5.25048564793e-11
2843	5.12513424822e-11
2844	4.99978284851e-11
2845	4.8744314488e-11
2846	4.74908004909e-11
2847	4.62372864939e-11
2848	4.49837724968e-11
2849	4.37302584997e-11
2850	4.24767445026e-11
2851	4.12232305055e-11
2852	3.99697165085e-11
2853	3.87162025114e-11
2854	3.74626885143e-11
2855	3.62091745172e-11
2856	3.49556605201e-11
2857	3.3702146523e-11
2858	3.2448632526e-11
2859	3.11951185289e-11
2860	2.99416045318e-11
2861	2.86880905347e-11
2862	2.74345765376e-11
2863	2.66263039235e-11
2864	2.6263312185e-11
2865	2.59003204465e-11
2866	2.55373287081e-11
2867	2.51743369696e-11
2868	2.48113452312e-11
2869	2.44483534927e-11
2870	2.40853617543e-11
2871	2.37223700158e-11
2872	2.33593782774e-11
2873	2.29963865389e-11
2874	2.26333948005e-11
2875	2.2270403062e-11
2876	2.19074113236e-11
2877	2.15444195851e-11
2878	2.11814278467e-11
2879	2.08184361082e-11
2880	2.04554443698e-11
2881	2.00924526313e-11
2882	1.97294608929e-11
2883	1.93664691544e-11
2884	1.9003477416e-11
2885	1.86404856775e-11
2886	1.82774939391e-11
2887	1.79145022006e-11
2888	1.79414804813e-11
2889	1.83584636733e-11
2890	1.87754468654e-11
2891	1.91924300575e-11
2892	1.96094132496e-11
2893	2.00263964417e-11
2894	2.04433796338e-11
2895	2.08603628259e-11
2896	2.1277346018e-11
2897	2.16943292101e-11
2898	2.21113124022e-11
2899	2.25282955943e-11
2900	2.29452787864e-11
2901	2.33622619785e-11
2902	2.37792451706e-11
2903	2.41962283627e-11
2904	2.46132115548e-11
2905	2.50301947468e-11
2906	2.54471779389e-11
2907	2.5864161131e-11
2908	2.62811443231e-11
2909	2.66981275152e-11
2910	2.71151107073e-11
2911	2.75320938994e-11
2912	2.79490770915e-11
2913	2.80037635868e-11
2914	2.76961206884e-11
2915	2.738847779e-11
2916	2.70808348916e-11
2917	2.67731919932e-11
2918	2.64655490948e-11
2919	2.61579061964e-11
2920	2.58502632979e-11
2921	2.55426203995e-11
2922	2.52349775011e-11
2923	2.49273346027e-11
2924	2.46196917043e-11
2925	2.43120488059e-11
2926	2.40044059075e-11
2927	2.3696763009e-11
2928	2.33891201106e-11
2929	2.30814772122e-11
2930	2.27738343138e-11
2931	2.24661914154e-11
2932	2.2158548517e-11
2933	2.18509056186e-11
2934	2.15432627202e-11
2935	2.12356198217e-11
2936	2.09279769233e-11
2937	2.06203340249e-11
2938	2.0311790519e-11
2939	2.00023463236e-11
2940	1.96929021282e-11
2941	1.93834579329e-11
2942	1.90740137375e-11
2943	1.87645695421e-11
2944	1.84551253467e-11
2945	1.81456811513e-11
2946	1.7836236956e-11
2947	1.75267927606e-11
2948	1.72173485652e-11
2949	1.69079043698e-11
2950	1.65984601744e-11
2951	1.62890159791e-11
2952	1.59795717837e-11
2953	1.56701275883e-11
2954	1.53606833929e-11
2955	1.50512391975e-11
2956	1.47417950022e-11
2957	1.44323508068e-11
2958	1.41229066114e-11
2959	1.3813462416e-11
2960	1.35040182206e-11
2961	1.31945740253e-11
2962	1.28851298299e-11
2963	1.25725901885e-11
2964	1.2256954817e-11
2965	1.19413194454e-11
2966	1.16256840739e-11
2967	1.13100487023e-11
2968	1.09944133308e-11
2969	1.06787779592e-11
2970	1.03631425877e-11
2971	1.00475072162e-11
2972	9.73187184461e-12
2973	9.41623647306e-12
2974	9.10060110152e-12
2975	8.78496572998e-12
2976	8.46933035843e-12
2977	8.15369498689e-12
2978	7.83805961534e-12
2979	7.5224242438e-12
2980	7.20678887226e-12
2981	6.89115350071e-12
2982	6.57551812917e-12
2983	6.25988275762e-12
2984	5.94424738608e-12
2985	5.62861201454e-12
2986	5.31297664299e-12
2987	4.99734127145e-12
2988	4.89470016844e-12
2989	5.00507305157e-12
2990	5.11544593469e-12
2991	5.22581881782e-12
2992	5.33619170094e-12
2993	5.44656458407e-12
2994	5.55693746719e-12
2995	5.66731035032e-12
2996	5.77768323344e-12
2997	5.88805611657e-12
2998	5.99842899969e-12
2999	6.10880188282e-12
3000	6.21917476594e-12
3001	6.32954764907e-12
3002	6.4399205322e-12
3003	6.55029341532e-12
3004	6.66066629845e-12
3005	6.77103918157e-12
3006	6.8814120647e-12
3007	6.99178494782e-12
3008	7.10215783095e-12
3009	7.21253071407e-12
3010	7.3229035972e-12
3011	7.43327648032e-12
3012	7.54364936345e-12
3013	7.52238914696e-12
3014	7.36948354315e-12
3015	7.21657793935e-12
3016	7.06367233554e-12
3017	6.91076673173e-12
3018	6.75786112793e-12
3019	6.60495552412e-12
3020	6.45204992032e-12
3021	6.29914431651e-12
3022	6.14623871271e-12
3023	5.9933331089e-12
3024	5.8404275051e-12
3025	5.68752190129e-12
3026	5.53461629748e-12
3027	5.38171069368e-12
3028	5.22880508987e-12
3029	5.07589948607e-12
3030	4.92299388226e-12
3031	4.77008827846e-12
3032	4.61718267465e-12
3033	4.46427707084e-12
3034	4.31137146704e-12
3035	4.15846586323e-12
3036	4.00556025943e-12
3037	3.85265465562e-12
3038	3.81600098989e-12
3039	3.89561020419e-12
3040	3.97521941849e-12
3041	4.0548286328e-12
3042	4.1344378471e-12
3043	4.2140470614e-12
3044	4.2936562757e-12
3045	4.37326549e-12
3046	4.4528747043e-12
3047	4.5324839186e-12
3048	4.6120931329e-12
3049	4.69170234721e-12
3050	4.77131156151e-12
3051	4.85092077581e-12
3052	4.93052999011e-12
3053	5.01013920441e-12
3054	5.08974841871e-12
3055	5.16935763301e-12
3056	5.24896684731e-12
3057	5.32857606161e-12
3058	5.40818527592e-12
3059	5.48779449022e-12
3060	5.56740370452e-12
3061	5.64701291882e-12
3062	5.72662213312e-12
3063	5.79476375914e-12
3064	5.85143670864e-12
3065	5.90810965813e-12
3066	5.96478260763e-12
3067	6.02145555712e-12
3068	6.07812850662e-12
3069	6.13480145611e-12
3070	6.19147440561e-12
3071	6.2481473551e-12
3072	6.3048203046e-12
3073	6.36149325409e-12
3074	6.41816620359e-12
3075	6.47483915308e-12
3076	6.53151210258e-12
3077	6.58818505207e-12
3078	6.64485800157e-12
3079	6.70153095106e-12
3080	6.75820390056e-12
3081	6.81487685005e-12
3082	6.87154979955e-12
3083	6.92822274904e-12
3084	6.98489569854e-12
3085	7.04156864803e-12
3086	7.09824159753e-12
3087	7.15491454702e-12
3088	7.06451047162e-12
3089	6.82701530014e-12
3090	6.58952012865e-12
3091	6.35202495717e-12
3092	6.11452978568e-12
3093	5.8770346142e-12
3094	5.63953944271e-12
3095	5.40204427123e-12
3096	5.16454909974e-12
3097	4.92705392826e-12
3098	4.68955875677e-12
3099	4.45206358529e-12
3100	4.2145684138e-12
3101	3.97707324232e-12
3102	3.73957807083e-12
3103	3.50208289935e-12
3104	3.26458772786e-12
3105	3.02709255638e-12
3106	2.78959738489e-12
3107	2.55210221341e-12
3108	2.31460704192e-12
3109	2.07711187044e-12
3110	1.83961669895e-12
3111	1.60212152747e-12
3112	1.36462635598e-12
3113	1.34420476111e-12
3114	1.54087767891e-12
3115	1.73755059672e-12
3116	1.93422351453e-12
3117	2.13089643234e-12
3118	2.32756935015e-12
3119	2.52424226795e-12
3120	2.72091518576e-12
3121	2.91758810357e-12
3122	3.11426102138e-12
3123	3.31093393918e-12
3124	3.50760685699e-12
3125	3.7042797748e-12
3126	3.90095269261e-12
3127	4.09762561042e-12
3128	4.29429852822e-12
3129	4.49097144603e-12
3130	4.68764436384e-12
3131	4.88431728165e-12
3132	5.08099019946e-12
3133	5.27766311726e-12
3134	5.47433603507e-12
3135	5.67100895288e-12
3136	5.86768187069e-12
3137	6.06435478849e-12
3138	6.04293744269e-12
3139	5.80340863017e-12
3140	5.56387981766e-12
3141	5.32435100514e-12
3142	5.08482219263e-12
3143	4.84529338011e-12
3144	4.6057645676e-12
3145	4.36623575508e-12
3146	4.12670694257e-12
3147	3.88717813006e-12
3148	3.64764931754e-12
3149	3.40812050503e-12
3150	3.16859169251e-12
3151	2.92906288e-12
3152	2.68953406748e-12
3153	2.45000525497e-12
3154	2.21047644245e-12
3155	1.97094762994e-12
3156	1.73141881742e-12
3157	1.49189000491e-12
3158	1.25236119239e-12
3159	1.01283237988e-12
3160	7.73303567365e-13
3161	5.33774754851e-13
3162	2.94245942336e-13
3163	2.17817568451e-13
3164	3.04505616441e-13
3165	3.91193664431e-13
3166	4.77881712421e-13
3167	5.64569760411e-13
3168	6.51257808401e-13
3169	7.37945856391e-13
3170	8.24633904381e-13
3171	9.11321952371e-13
3172	9.98010000361e-13
3173	1.08469804835e-12
3174	1.17138609634e-12
3175	1.25807414433e-12
3176	1.34476219232e-12
3177	1.43145024031e-12
3178	1.5181382883e-12
3179	1.60482633629e-12
3180	1.69151438428e-12
3181	1.77820243227e-12
3182	1.86489048026e-12
3183	1.95157852825e-12
3184	2.03826657624e-12
3185	2.12495462423e-12
3186	2.21164267222e-12
3187	2.29833072021e-12
3188	2.33433483971e-12
3189	2.31965002461e-12
3190	2.30496520951e-12
3191	2.29028039441e-12
3192	2.27559557931e-12
3193	2.26091076421e-12
3194	2.24622594911e-12
3195	2.23154113401e-12
3196	2.21685631891e-12
3197	2.20217150382e-12
3198	2.18748668872e-12
3199	2.17280187362e-12
3200	2.15811705852e-12
3201	2.14343224342e-12
3202	2.12874742832e-12
3203	2.11406261322e-12
3204	2.09937779812e-12
3205	2.08469298302e-12
3206	2.07000816792e-12
3207	2.05532335282e-12
3208	2.04063853772e-12
3209	2.02595372262e-12
3210	2.01126890752e-12
3211	1.99658409242e-12
3212	1.98189927732e-12
3213	1.93889583844e-12
3214	1.86757095677e-12
3215	1.79624607511e-12
3216	1.72492119344e-12
3217	1.65359631177e-12
3218	1.5822714301e-12
3219	1.51094654843e-12
3220	1.43962166677e-12
3221	1.3682967851e-12
3222	1.29697190343e-12
3223	1.22564702176e-12
3224	1.1543221401e-12
3225	1.08299725843e-12
3226	1.01167237676e-12
3227	9.40347495093e-13
3228	8.69022613425e-13
3229	7.97697731758e-13
3230	7.2637285009e-13
3231	6.55047968422e-13
3232	5.83723086755e-13
3233	5.12398205087e-13
3234	4.41073323419e-13
3235	3.69748441752e-13
3236	2.98423560084e-13
3237	2.27098678416e-13
3238	1.94846381789e-13
3239	2.01670589983e-13
3240	2.08494798176e-13
3241	2.1531900637e-13
3242	2.22143214564e-13
3243	2.28967422758e-13
3244	2.35791630951e-13
3245	2.42615839145e-13
3246	2.49440047339e-13
3247	2.56264255533e-13
3248	2.63088463726e-13
3249	2.6991267192e-13
3250	2.76736880114e-13
3251	2.83561088308e-13
3252	2.90385296501e-13
3253	2.97209504695e-13
3254	3.04033712889e-13
3255	3.10857921083e-13
3256	3.17682129276e-13
3257	3.2450633747e-13
3258	3.31330545664e-13
3259	3.38154753858e-13
3260	3.44978962051e-13
3261	3.51803170245e-13
3262	3.58627378439e-13
3263	3.6882042383e-13
3264	3.82382646991e-13
3265	3.95944870153e-13
3266	4.09507093314e-13
3267	4.23069316476e-13
3268	4.36631539637e-13
3269	4.50193762798e-13
3270	4.6375598596e-13
3271	4.77318209121e-13
3272	4.90880432283e-13
3273	5.04442655444e-13
3274	5.18004878606e-13
3275	5.31567101767e-13
3276	5.45129324928e-13
3277	5.5869154809e-13
3278	5.72253771251e-13
3279	5.85815994413e-13
3280	5.99378217574e-13
3281	6.12940440736e-13
3282	6.26502663897e-13
3283	6.40064887058e-13
3284	6.5362711022e-13
3285	6.67189333381e-13
3286	6.80751556543e-13
3287	6.94313779704e-13
3288	6.82048503357e-13
3289	6.43953096456e-13
3290	6.05857689555e-13
3291	5.67762282654e-13
3292	5.29666875753e-13
3293	4.91571468852e-13
3294	4.5347606195e-13
3295	4.15380655049e-13
3296	3.77285248148e-13
3297	3.39189841247e-13
3298	3.01094434346e-13
3299	2.62999027445e-13
3300	2.24903620544e-13
3301	1.86808213643e-13
3302	1.48712806742e-13
3303	1.10617399841e-13
3304	7.25219929396e-14
3305	3.44265860385e-14
3306	-3.66882086253e-15
3307	-4.17642277636e-14
3308	-7.98596346647e-14
3309	-1.17955041566e-13
3310	-1.56050448467e-13
3311	-1.94145855368e-13
3312	-2.32241262269e-13
3313	-2.51289943242e-13
3314	-2.51289943242e-13
3315	-2.51289943242e-13
3316	-2.51289943242e-13
3317	-2.51289943242e-13
3318	-2.51289943242e-13
3319	-2.51289943242e-13
3320	-2.51289943242e-13
3321	-2.51289943242e-13
3322	-2.51289943242e-13
3323	-2.51289943242e-13
3324	-2.51289943242e-13
