50	-1.53498241182e-13
51	-1.56390965122e-13
52	-1.59283689061e-13
53	-1.62176413e-13
54	-1.6506913694e-13
55	-1.67961860879e-13
56	-1.70854584819e-13
57	-1.73747308758e-13
58	-1.76640032698e-13
59	-1.79532756637e-13
60	-1.82425480577e-13
61	-1.85318204516e-13
62	-1.88210928455e-13
63	-1.92409290026e-13
64	-1.97913291756e-13
65	-2.03417293486e-13
66	-2.08921295217e-13
67	-2.14425296947e-13
68	-2.19929298677e-13
69	-2.25433300407e-13
70	-2.30937302137e-13
71	-2.36441303868e-13
72	-2.41945305598e-13
73	-2.47449307328e-13
74	-2.52953309058e-13
75	-2.58457310789e-13
76	-2.63961312519e-13
77	-2.69465314249e-13
78	-2.74969315979e-13
79	-2.80473317709e-13
80	-2.8597731944e-13
81	-2.9148132117e-13
82	-2.969853229e-13
83	-3.0248932463e-13
84	-3.0799332636e-13
85	-3.13497328091e-13
86	-3.19001329821e-13
87	-3.24505331551e-13
88	-3.31482315001e-13
89	-3.39932284164e-13
90	-3.48382253327e-13
91	-3.5683222249e-13
92	-3.65282191653e-13
93	-3.73732160816e-13
94	-3.82182129979e-13
95	-3.90632099142e-13
96	-3.99082068305e-13
97	-4.07532037468e-13
98	-4.15982006631e-13
99	-4.24431975794e-13
100	-4.32881944957e-13
101	-4.4133191412e-13
102	-4.49781883283e-13
103	-4.58231852446e-13
104	-4.66681821609e-13
105	-4.75131790772e-13
106	-4.83581759935e-13
107	-4.92031729098e-13
108	-5.00481698261e-13
109	-5.08931667424e-13
110	-5.17381636587e-13
111	-5.2583160575e-13
112	-5.34281574913e-13
113	-5.47602159211e-13
114	-5.6579337562e-13
115	-5.8398459203e-13
116	-6.0217580844e-13
117	-6.2036702485e-13
118	-6.3855824126e-13
119	-6.56749457669e-13
120	-6.74940674079e-13
121	-6.93131890489e-13
122	-7.11323106899e-13
123	-7.29514323308e-13
124	-7.47705539718e-13
125	-7.65896756128e-13
126	-7.84087972538e-13
127	-8.02279188948e-13
128	-8.20470405357e-13
129	-8.38661621767e-13
130	-8.56852838177e-13
131	-8.75044054587e-13
132	-8.93235270997e-13
133	-9.11426487406e-13
134	-9.29617703816e-13
135	-9.47808920226e-13
136	-9.66000136636e-13
137	-9.84191353045e-13
138	-1.01503703527e-12
139	-1.05853723722e-12
140	-1.10203743917e-12
141	-1.14553764112e-12
142	-1.18903784308e-12
143	-1.23253804503e-12
144	-1.27603824698e-12
145	-1.31953844893e-12
146	-1.36303865088e-12
147	-1.40653885284e-12
148	-1.45003905479e-12
149	-1.49353925674e-12
150	-1.53703945869e-12
151	-1.58053966064e-12
152	-1.6240398626e-12
153	-1.66754006455e-12
154	-1.7110402665e-12
155	-1.75454046845e-12
156	-1.7980406704e-12
157	-1.84154087236e-12
158	-1.88504107431e-12
159	-1.92854127626e-12
160	-1.97204147821e-12
161	-2.01554168016e-12
162	-2.05904188212e-12
163	-2.12610802427e-12
164	-2.21674022528e-12
165	-2.3073724263e-12
166	-2.39800462731e-12
167	-2.48863682833e-12
168	-2.57926902934e-12
169	-2.66990123035e-12
170	-2.76053343137e-12
171	-2.85116563238e-12
172	-2.9417978334e-12
173	-3.03243003441e-12
174	-3.12306223542e-12
175	-3.21369443644e-12
176	-3.30432663745e-12
177	-3.39495883847e-12
178	-3.48559103948e-12
179	-3.57622324049e-12
180	-3.66685544151e-12
181	-3.75748764252e-12
182	-3.84811984353e-12
183	-3.93875204455e-12
184	-4.02938424556e-12
185	-4.12001644658e-12
186	-4.21064864759e-12
187	-4.3012808486e-12
188	-4.44988737947e-12
189	-4.65646857702e-12
190	-4.86304977456e-12
191	-5.06963097211e-12
192	-5.27621216966e-12
193	-5.4827933672e-12
194	-5.68937456475e-12
195	-5.89595576229e-12
196	-6.10253695984e-12
197	-6.30911815738e-12
198	-6.51569935493e-12
199	-6.72228055247e-12
200	-6.92886175002e-12
201	-7.13544294756e-12
202	-7.34202414511e-12
203	-7.54860534265e-12
204	-7.7551865402e-12
205	-7.96176773774e-12
206	-8.16834893529e-12
207	-8.37493013283e-12
208	-8.58151133038e-12
209	-8.78809252792e-12
210	-8.99467372547e-12
211	-9.20125492302e-12
212	-9.40783612056e-12
213	-9.82291413899e-12
214	-1.04464903511e-11
215	-1.10700665633e-11
216	-1.16936427754e-11
217	-1.23172189875e-11
218	-1.29407951997e-11
219	-1.35643714118e-11
220	-1.41879476239e-11
221	-1.48115238361e-11
222	-1.54351000482e-11
223	-1.60586762604e-11
224	-1.66822524725e-11
225	-1.73058286846e-11
226	-1.79294048968e-11
227	-1.85529811089e-11
228	-1.9176557321e-11
229	-1.98001335332e-11
230	-2.04237097453e-11
231	-2.10472859575e-11
232	-2.16708621696e-11
233	-2.22944383817e-11
234	-2.29180145939e-11
235	-2.3541590806e-11
236	-2.41651670181e-11
237	-2.47887432303e-11
238	-2.6673796464e-11
239	-2.98203360026e-11
240	-3.29668755412e-11
241	-3.61134150798e-11
242	-3.92599546184e-11
243	-4.2406494157e-11
244	-4.55530336955e-11
245	-4.86995732341e-11
246	-5.18461127727e-11
247	-5.49926523113e-11
248	-5.81391918499e-11
249	-6.12857313885e-11
250	-6.44322709271e-11
251	-6.75788104657e-11
252	-7.07253500043e-11
253	-7.38718895429e-11
254	-7.70184290815e-11
255	-8.01649686201e-11
256	-8.33115081587e-11
257	-8.64580476972e-11
258	-8.96045872358e-11
259	-9.27511267744e-11
260	-9.5897666313e-11
261	-9.90442058516e-11
262	-1.0219074539e-10
263	-1.16782443371e-10
264	-1.42819392885e-10
265	-1.68856342399e-10
266	-1.94893291913e-10
267	-2.20930241427e-10
268	-2.46967190941e-10
269	-2.73004140456e-10
270	-2.9904108997e-10
271	-3.25078039484e-10
272	-3.51114988998e-10
273	-3.77151938512e-10
274	-4.03188888026e-10
275	-4.2922583754e-10
276	-4.55262787055e-10
277	-4.81299736569e-10
278	-5.07336686083e-10
279	-5.33373635597e-10
280	-5.59410585111e-10
281	-5.85447534625e-10
282	-6.11484484139e-10
283	-6.37521433654e-10
284	-6.63558383168e-10
285	-6.89595332682e-10
286	-7.15632282196e-10
287	-7.4166923171e-10
288	-8.64806631229e-10
289	-1.08504534576e-09
290	-1.30528406029e-09
291	-1.52552277481e-09
292	-1.74576148934e-09
293	-1.96600020387e-09
294	-2.1862389184e-09
295	-2.40647763293e-09
296	-2.62671634746e-09
297	-2.84695506198e-09
298	-3.06719377651e-09
299	-3.28743249104e-09
300	-3.50767120557e-09
301	-3.7279099201e-09
302	-3.94814863463e-09
303	-4.16838734916e-09
304	-4.38862606368e-09
305	-4.60886477821e-09
306	-4.82910349274e-09
307	-5.04934220727e-09
308	-5.2695809218e-09
309	-5.48981963633e-09
310	-5.71005835085e-09
311	-5.93029706538e-09
312	-6.15053577991e-09
313	-5.31460050349e-09
314	-3.42248100919e-09
315	-1.53036151488e-09
316	3.61757979428e-10
317	2.25387747373e-09
318	4.14599696804e-09
319	6.03811646235e-09
320	7.93023595665e-09
321	9.82235545096e-09
322	1.17144749453e-08
323	1.36065944396e-08
324	1.54987139339e-08
325	1.73908334282e-08
326	1.92829529225e-08
327	2.11750724168e-08
328	2.30671919111e-08
329	2.49593114054e-08
330	2.68514308997e-08
331	2.8743550394e-08
332	3.06356698883e-08
333	3.25277893826e-08
334	3.44199088769e-08
335	3.63120283713e-08
336	3.82041478656e-08
337	4.00962673599e-08
338	4.15174809517e-08
339	4.24677837164e-08
340	4.34180864811e-08
341	4.43683892457e-08
342	4.53186920104e-08
343	4.62689947751e-08
344	4.72192975398e-08
345	4.81696003045e-08
346	4.91199030692e-08
347	5.00702058339e-08
348	5.10205085986e-08
349	5.19708113633e-08
350	5.2921114128e-08
351	5.38714168927e-08
352	5.48217196574e-08
353	5.57720224221e-08
354	5.67223251868e-08
355	5.76726279515e-08
356	5.86229307162e-08
357	5.95732334809e-08
358	6.05235362456e-08
359	6.14738390103e-08
360	6.2424141775e-08
361	6.33744445397e-08
362	6.43247473044e-08
363	6.601329964e-08
364	6.84401098387e-08
365	7.08669200374e-08
366	7.32937302361e-08
367	7.57205404348e-08
368	7.81473506334e-08
369	8.05741608321e-08
370	8.30009710308e-08
371	8.54277812295e-08
372	8.78545914282e-08
373	9.02814016269e-08
374	9.27082118256e-08
375	9.51350220243e-08
376	9.7561832223e-08
377	9.99886424216e-08
378	1.0241545262e-07
379	1.04842262819e-07
380	1.07269073018e-07
381	1.09695883216e-07
382	1.12122693415e-07
383	1.14549503614e-07
384	1.16976313812e-07
385	1.19403124011e-07
386	1.2182993421e-07
387	1.24256744409e-07
388	1.28313399613e-07
389	1.33999919394e-07
390	1.39686439175e-07
391	1.45372958955e-07
392	1.51059478736e-07
393	1.56745998516e-07
394	1.62432518297e-07
395	1.68119038077e-07
396	1.73805557858e-07
397	1.79492077639e-07
398	1.85178597419e-07
399	1.908651172e-07
400	1.9655163698e-07
401	2.02238156761e-07
402	2.07924676541e-07
403	2.13611196322e-07
404	2.19297716103e-07
405	2.24984235883e-07
406	2.30670755664e-07
407	2.36357275444e-07
408	2.42043795225e-07
409	2.47730315005e-07
410	2.53416834786e-07
411	2.59103354567e-07
412	2.64789874347e-07
413	2.68083458335e-07
414	2.68984075944e-07
415	2.69884693553e-07
416	2.70785311162e-07
417	2.71685928771e-07
418	2.7258654638e-07
419	2.73487163989e-07
420	2.74387781598e-07
421	2.75288399207e-07
422	2.76189016816e-07
423	2.77089634425e-07
424	2.77990252034e-07
425	2.78890869643e-07
426	2.79791487252e-07
427	2.80692104861e-07
428	2.8159272247e-07
429	2.82493340079e-07
430	2.83393957688e-07
431	2.84294575298e-07
432	2.85195192907e-07
433	2.86095810516e-07
434	2.86996428125e-07
435	2.87897045734e-07
436	2.88797663343e-07
437	2.89698280952e-07
438	2.90400479923e-07
439	2.90904257567e-07
440	2.91408035211e-07
441	2.91911812855e-07
442	2.92415590499e-07
443	2.92919368143e-07
444	2.93423145787e-07
445	2.93926923431e-07
446	2.94430701075e-07
447	2.94934478719e-07
448	2.95438256363e-07
449	2.95942034008e-07
450	2.96445811652e-07
451	2.96949589296e-07
452	2.9745336694e-07
453	2.97957144584e-07
454	2.98460922228e-07
455	2.98964699872e-07
456	2.99468477516e-07
457	2.9997225516e-07
458	3.00476032804e-07
459	3.00979810448e-07
460	3.01483588092e-07
461	3.01987365736e-07
462	3.0249114338e-07
463	3.09196368804e-07
464	3.22103130881e-07
465	3.35009892958e-07
466	3.47916655035e-07
467	3.60823417111e-07
468	3.73730179188e-07
469	3.86636941265e-07
470	3.99543703342e-07
471	4.12450465419e-07
472	4.25357227496e-07
473	4.38263989572e-07
474	4.51170751649e-07
475	4.64077513726e-07
476	4.76984275803e-07
477	4.8989103788e-07
478	5.02797799957e-07
479	5.15704562033e-07
480	5.2861132411e-07
481	5.41518086187e-07
482	5.54424848264e-07
483	5.67331610341e-07
484	5.80238372417e-07
485	5.93145134494e-07
486	6.06051896571e-07
487	6.18958658648e-07
488	6.25920460776e-07
489	6.26937213154e-07
490	6.27953965531e-07
491	6.28970717909e-07
492	6.29987470286e-07
493	6.31004222664e-07
494	6.32020975042e-07
495	6.33037727419e-07
496	6.34054479797e-07
497	6.35071232174e-07
498	6.36087984552e-07
499	6.3710473693e-07
500	6.38121489307e-07
501	6.39138241685e-07
502	6.40154994062e-07
503	6.4117174644e-07
504	6.42188498818e-07
505	6.43205251195e-07
506	6.44222003573e-07
507	6.4523875595e-07
508	6.46255508328e-07
509	6.47272260706e-07
510	6.48289013083e-07
511	6.49305765461e-07
512	6.50322517838e-07
513	6.55032752147e-07
514	6.6343652704e-07
515	6.71840301933e-07
516	6.80244076826e-07
517	6.88647851719e-07
518	6.97051626612e-07
519	7.05455401505e-07
520	7.13859176398e-07
521	7.22262951291e-07
522	7.30666726184e-07
523	7.39070501077e-07
524	7.4747427597e-07
525	7.55878050863e-07
526	7.64281825756e-07
527	7.72685600649e-07
528	7.81089375542e-07
529	7.89493150435e-07
530	7.97896925328e-07
531	8.06300700221e-07
532	8.14704475114e-07
533	8.23108250007e-07
534	8.315120249e-07
535	8.39915799793e-07
536	8.48319574686e-07
537	8.56723349579e-07
538	8.57711064098e-07
539	8.51282594731e-07
540	8.44854125364e-07
541	8.38425655997e-07
542	8.3199718663e-07
543	8.25568717263e-07
544	8.19140247896e-07
545	8.12711778529e-07
546	8.06283309162e-07
547	7.99854839795e-07
548	7.93426370427e-07
549	7.8699790106e-07
550	7.80569431693e-07
551	7.74140962326e-07
552	7.67712492959e-07
553	7.61284023592e-07
554	7.54855554225e-07
555	7.48427084858e-07
556	7.41998615491e-07
557	7.35570146124e-07
558	7.29141676757e-07
559	7.22713207389e-07
560	7.16284738022e-07
561	7.09856268655e-07
562	7.03427799288e-07
563	7.00751635457e-07
564	7.01827842563e-07
565	7.02904049669e-07
566	7.03980256774e-07
567	7.0505646388e-07
568	7.06132670986e-07
569	7.07208878092e-07
570	7.08285085198e-07
571	7.09361292303e-07
572	7.10437499409e-07
573	7.11513706515e-07
574	7.12589913621e-07
575	7.13666120726e-07
576	7.14742327832e-07
577	7.15818534938e-07
578	7.16894742044e-07
579	7.17970949149e-07
580	7.19047156255e-07
581	7.20123363361e-07
582	7.21199570467e-07
583	7.22275777572e-07
584	7.23351984678e-07
585	7.24428191784e-07
586	7.2550439889e-07
587	7.26580605995e-07
588	7.26666516349e-07
589	7.25762111922e-07
590	7.24857707495e-07
591	7.23953303068e-07
592	7.23048898641e-07
593	7.22144494215e-07
594	7.21240089788e-07
595	7.20335685361e-07
596	7.19431280934e-07
597	7.18526876508e-07
598	7.17622472081e-07
599	7.16718067654e-07
600	7.15813663227e-07
601	7.149092588e-07
602	7.14004854374e-07
603	7.13100449947e-07
604	7.1219604552e-07
605	7.11291641093e-07
606	7.10387236666e-07
607	7.0948283224e-07
608	7.08578427813e-07
609	7.07674023386e-07
610	7.06769618959e-07
611	7.05865214532e-07
612	7.04960810106e-07
613	7.01444524645e-07
614	6.9531630858e-07
615	6.89188092515e-07
616	6.83059876449e-07
617	6.76931660384e-07
618	6.70803444319e-07
619	6.64675228254e-07
620	6.58547012189e-07
621	6.52418796124e-07
622	6.46290580059e-07
623	6.40162363993e-07
624	6.34034147928e-07
625	6.27905931863e-07
626	6.21777715798e-07
627	6.15649499733e-07
628	6.09521283668e-07
629	6.03393067603e-07
630	5.97264851537e-07
631	5.91136635472e-07
632	5.85008419407e-07
633	5.78880203342e-07
634	5.72751987277e-07
635	5.66623771212e-07
636	5.60495555147e-07
637	5.54367339081e-07
638	5.25421565172e-07
639	4.73657782693e-07
640	4.21894000215e-07
641	3.70130217736e-07
642	3.18366435257e-07
643	2.66602652779e-07
644	2.148388703e-07
645	1.63075087821e-07
646	1.11311305343e-07
647	5.95475228641e-08
648	7.78374038547e-09
649	-4.39800420932e-08
650	-9.57438245718e-08
651	-1.47507607051e-07
652	-1.99271389529e-07
653	-2.51035172008e-07
654	-3.02798954486e-07
655	-3.54562736965e-07
656	-4.06326519444e-07
657	-4.58090301922e-07
658	-5.09854084401e-07
659	-5.6161786688e-07
660	-6.13381649358e-07
661	-6.65145431837e-07
662	-7.16909214316e-07
663	-8.31172144106e-07
664	-1.0079355042e-06
665	-1.18469886429e-06
666	-1.36146222438e-06
667	-1.53822558447e-06
668	-1.71498894456e-06
669	-1.89175230465e-06
670	-2.06851566474e-06
671	-2.24527902483e-06
672	-2.42204238492e-06
673	-2.59880574501e-06
674	-2.7755691051e-06
675	-2.95233246519e-06
676	-3.12909582528e-06
677	-3.30585918537e-06
678	-3.48262254546e-06
679	-3.65938590555e-06
680	-3.83614926564e-06
681	-4.01291262573e-06
682	-4.18967598582e-06
683	-4.36643934591e-06
684	-4.543202706e-06
685	-4.71996606609e-06
686	-4.89672942618e-06
687	-5.07349278627e-06
688	-5.88728304355e-06
689	-7.33811376843e-06
690	-8.78894449331e-06
691	-1.02397752182e-05
692	-1.16906059431e-05
693	-1.3141436668e-05
694	-1.45922673928e-05
695	-1.60430981177e-05
696	-1.74939288426e-05
697	-1.89447595675e-05
698	-2.03955902924e-05
699	-2.18464210172e-05
700	-2.32972517421e-05
701	-2.4748082467e-05
702	-2.61989131919e-05
703	-2.76497439168e-05
704	-2.91005746416e-05
705	-3.05514053665e-05
706	-3.20022360914e-05
707	-3.34530668163e-05
708	-3.49038975412e-05
709	-3.6354728266e-05
710	-3.78055589909e-05
711	-3.92563897158e-05
712	-4.07072204407e-05
713	-4.18165390906e-05
714	-4.25843381257e-05
715	-4.33521371609e-05
716	-4.4119936196e-05
717	-4.48877352312e-05
718	-4.56555342663e-05
719	-4.64233333015e-05
720	-4.71911323366e-05
721	-4.79589313718e-05
722	-4.87267304069e-05
723	-4.94945294421e-05
724	-5.02623284772e-05
725	-5.10301275124e-05
726	-5.17979265475e-05
727	-5.25657255827e-05
728	-5.33335246178e-05
729	-5.4101323653e-05
730	-5.48691226881e-05
731	-5.56369217233e-05
732	-5.64047207584e-05
733	-5.71725197936e-05
734	-5.79403188288e-05
735	-5.87081178639e-05
736	-5.94759168991e-05
737	-6.02437159342e-05
738	-6.04967768103e-05
739	-6.02350877646e-05
740	-5.99733987189e-05
741	-5.97117096732e-05
742	-5.94500206275e-05
743	-5.91883315818e-05
744	-5.8926642536e-05
745	-5.86649534903e-05
746	-5.84032644446e-05
747	-5.81415753989e-05
748	-5.78798863532e-05
749	-5.76181973075e-05
750	-5.73565082618e-05
751	-5.7094819216e-05
752	-5.68331301703e-05
753	-5.65714411246e-05
754	-5.63097520789e-05
755	-5.60480630332e-05
756	-5.57863739875e-05
757	-5.55246849418e-05
758	-5.5262995896e-05
759	-5.50013068503e-05
760	-5.47396178046e-05
761	-5.44779287589e-05
762	-5.42162397132e-05
763	-5.42761005861e-05
764	-5.46575189747e-05
765	-5.50389373633e-05
766	-5.54203557519e-05
767	-5.58017741406e-05
768	-5.61831925292e-05
769	-5.65646109178e-05
770	-5.69460293064e-05
771	-5.7327447695e-05
772	-5.77088660837e-05
773	-5.80902844723e-05
774	-5.84717028609e-05
775	-5.88531212495e-05
776	-5.92345396382e-05
777	-5.96159580268e-05
778	-5.99973764154e-05
779	-6.0378794804e-05
780	-6.07602131927e-05
781	-6.11416315813e-05
782	-6.15230499699e-05
783	-6.19044683585e-05
784	-6.22858867472e-05
785	-6.26673051358e-05
786	-6.30487235244e-05
787	-6.3430141913e-05
788	-6.3289069171e-05
789	-6.26254925489e-05
790	-6.19619159269e-05
791	-6.12983393048e-05
792	-6.06347626827e-05
793	-5.99711860606e-05
794	-5.93076094385e-05
795	-5.86440328164e-05
796	-5.79804561943e-05
797	-5.73168795722e-05
798	-5.66533029501e-05
799	-5.5989726328e-05
800	-5.53261497059e-05
801	-5.46625730838e-05
802	-5.39989964617e-05
803	-5.33354198396e-05
804	-5.26718432175e-05
805	-5.20082665954e-05
806	-5.13446899733e-05
807	-5.06811133512e-05
808	-5.00175367291e-05
809	-4.9353960107e-05
810	-4.86903834849e-05
811	-4.80268068628e-05
812	-4.73632302407e-05
813	-4.74683065111e-05
814	-4.83420550257e-05
815	-4.92158035403e-05
816	-5.00895520549e-05
817	-5.09633005695e-05
818	-5.18370490841e-05
819	-5.27107975987e-05
820	-5.35845461133e-05
821	-5.44582946278e-05
822	-5.53320431424e-05
823	-5.6205791657e-05
824	-5.70795401716e-05
825	-5.79532886862e-05
826	-5.88270372008e-05
827	-5.97007857154e-05
828	-6.057453423e-05
829	-6.14482827446e-05
830	-6.23220312591e-05
831	-6.31957797737e-05
832	-6.40695282883e-05
833	-6.49432768029e-05
834	-6.58170253175e-05
835	-6.66907738321e-05
836	-6.75645223467e-05
837	-6.84382708613e-05
838	-6.88472512891e-05
839	-6.87914515691e-05
840	-6.87356518492e-05
841	-6.86798521292e-05
842	-6.86240524093e-05
843	-6.85682526893e-05
844	-6.85124529694e-05
845	-6.84566532494e-05
846	-6.84008535295e-05
847	-6.83450538095e-05
848	-6.82892540896e-05
849	-6.82334543696e-05
850	-6.81776546496e-05
851	-6.81218549297e-05
852	-6.80660552097e-05
853	-6.80102554898e-05
854	-6.79544557698e-05
855	-6.78986560499e-05
856	-6.78428563299e-05
857	-6.778705661e-05
858	-6.773125689e-05
859	-6.76754571701e-05
860	-6.76196574501e-05
861	-6.75638577301e-05
862	-6.75080580102e-05
863	-6.70375292218e-05
864	-6.61522602812e-05
865	-6.52669913407e-05
866	-6.43817224001e-05
867	-6.34964534595e-05
868	-6.26111845189e-05
869	-6.17259155784e-05
870	-6.08406466378e-05
871	-5.99553776972e-05
872	-5.90701087566e-05
873	-5.8184839816e-05
874	-5.72995708755e-05
875	-5.64143019349e-05
876	-5.55290329943e-05
877	-5.46437640537e-05
878	-5.37584951132e-05
879	-5.28732261726e-05
880	-5.1987957232e-05
881	-5.11026882914e-05
882	-5.02174193509e-05
883	-4.93321504103e-05
884	-4.84468814697e-05
885	-4.75616125291e-05
886	-4.66763435886e-05
887	-4.5791074648e-05
888	-4.55746645415e-05
889	-4.60271316627e-05
890	-4.64795987839e-05
891	-4.69320659051e-05
892	-4.73845330263e-05
893	-4.78370001475e-05
894	-4.82894672687e-05
895	-4.874193439e-05
896	-4.91944015112e-05
897	-4.96468686324e-05
898	-5.00993357536e-05
899	-5.05518028748e-05
900	-5.1004269996e-05
901	-5.14567371172e-05
902	-5.19092042384e-05
903	-5.23616713596e-05
904	-5.28141384808e-05
905	-5.3266605602e-05
906	-5.37190727232e-05
907	-5.41715398444e-05
908	-5.46240069656e-05
909	-5.50764740868e-05
910	-5.55289412081e-05
911	-5.59814083293e-05
912	-5.64338754505e-05
913	-5.64593096413e-05
914	-5.60576988276e-05
915	-5.56560880139e-05
916	-5.52544772002e-05
917	-5.48528663865e-05
918	-5.44512555728e-05
919	-5.40496447591e-05
920	-5.36480339454e-05
921	-5.32464231317e-05
922	-5.2844812318e-05
923	-5.24432015043e-05
924	-5.20415906906e-05
925	-5.16399798769e-05
926	-5.12383690632e-05
927	-5.08367582496e-05
928	-5.04351474359e-05
929	-5.00335366222e-05
930	-4.96319258085e-05
931	-4.92303149948e-05
932	-4.88287041811e-05
933	-4.84270933674e-05
934	-4.80254825537e-05
935	-4.762387174e-05
936	-4.72222609263e-05
937	-4.68206501126e-05
938	-4.6650162368e-05
939	-4.67108044066e-05
940	-4.67714464452e-05
941	-4.68320884838e-05
942	-4.68927305224e-05
943	-4.6953372561e-05
944	-4.70140145996e-05
945	-4.70746566382e-05
946	-4.71352986768e-05
947	-4.71959407154e-05
948	-4.7256582754e-05
949	-4.73172247926e-05
950	-4.73778668312e-05
951	-4.74385088698e-05
952	-4.74991509084e-05
953	-4.7559792947e-05
954	-4.76204349856e-05
955	-4.76810770242e-05
956	-4.77417190628e-05
957	-4.78023611014e-05
958	-4.786300314e-05
959	-4.79236451786e-05
960	-4.79842872172e-05
961	-4.80449292558e-05
962	-4.81055712944e-05
963	-4.78118804653e-05
964	-4.71638462008e-05
965	-4.65158119364e-05
966	-4.58677776719e-05
967	-4.52197434075e-05
968	-4.45717091431e-05
969	-4.39236748786e-05
970	-4.32756406142e-05
971	-4.26276063497e-05
972	-4.19795720853e-05
973	-4.13315378208e-05
974	-4.06835035564e-05
975	-4.0035469292e-05
976	-3.93874350275e-05
977	-3.87394007631e-05
978	-3.80913664986e-05
979	-3.74433322342e-05
980	-3.67952979697e-05
981	-3.61472637053e-05
982	-3.54992294409e-05
983	-3.48511951764e-05
984	-3.4203160912e-05
985	-3.35551266475e-05
986	-3.29070923831e-05
987	-3.22590581186e-05
988	-3.16290343917e-05
989	-3.10170217533e-05
990	-3.04050091149e-05
991	-2.97929964765e-05
992	-2.91809838382e-05
993	-2.85689711998e-05
994	-2.79569585614e-05
995	-2.7344945923e-05
996	-2.67329332846e-05
997	-2.61209206463e-05
998	-2.55089080079e-05
999	-2.48968953695e-05
1000	-2.42848827311e-05
1001	-2.36728700927e-05
1002	-2.30608574543e-05
1003	-2.2448844816e-05
1004	-2.18368321776e-05
1005	-2.12248195392e-05
1006	-2.06128069008e-05
1007	-2.00007942624e-05
1008	-1.93887816241e-05
1009	-1.87767689857e-05
1010	-1.81647563473e-05
1011	-1.75527437089e-05
1012	-1.69407310705e-05
1013	-1.61450864177e-05
1014	-1.51658039894e-05
1015	-1.4186521561e-05
1016	-1.32072391326e-05
1017	-1.22279567042e-05
1018	-1.12486742759e-05
1019	-1.02693918475e-05
1020	-9.2901094191e-06
1021	-8.31082699072e-06
1022	-7.33154456235e-06
1023	-6.35226213397e-06
1024	-5.3729797056e-06
1025	-4.39369727722e-06
1026	-3.41441484885e-06
1027	-2.43513242047e-06
1028	-1.4558499921e-06
1029	-4.7656756372e-07
1030	5.02714864656e-07
1031	1.48199729303e-06
1032	2.46127972141e-06
1033	3.44056214978e-06
1034	4.41984457816e-06
1035	5.39912700653e-06
1036	6.37840943491e-06
1037	7.35769186329e-06
1038	9.83008545389e-06
1039	1.37956382072e-05
1040	1.77611909605e-05
1041	2.17267437137e-05
1042	2.5692296467e-05
1043	2.96578492203e-05
1044	3.36234019736e-05
1045	3.75889547269e-05
1046	4.15545074801e-05
1047	4.55200602334e-05
1048	4.94856129867e-05
1049	5.345116574e-05
1050	5.74167184933e-05
1051	6.13822712465e-05
1052	6.53478239998e-05
1053	6.93133767531e-05
1054	7.32789295064e-05
1055	7.72444822597e-05
1056	8.12100350129e-05
1057	8.51755877662e-05
1058	8.91411405195e-05
1059	9.31066932728e-05
1060	9.70722460261e-05
1061	0.000101037798779
1062	0.000105003351533
1063	0.00011551937421
1064	0.00013258608247
1065	0.000149652790729
1066	0.000166719498989
1067	0.000183786207249
1068	0.000200852915508
1069	0.000217919623768
1070	0.000234986332028
1071	0.000252053040288
1072	0.000269119748547
1073	0.000286186456807
1074	0.000303253165067
1075	0.000320319873326
1076	0.000337386581586
1077	0.000354453289846
1078	0.000371519998105
1079	0.000388586706365
1080	0.000405653414625
1081	0.000422720122885
1082	0.000439786831144
1083	0.000456853539404
1084	0.000473920247664
1085	0.000490986955923
1086	0.000508053664183
1087	0.000525120372443
1088	0.000579151407726
1089	0.000670148015629
1090	0.000761144623533
1091	0.000852141231436
1092	0.000943137839339
1093	0.00103413444724
1094	0.00112513105515
1095	0.00121612766305
1096	0.00130712427095
1097	0.00139812087886
1098	0.00148911748676
1099	0.00158011409466
1100	0.00167111070257
1101	0.00176210731047
1102	0.00185310391837
1103	0.00194410052628
1104	0.00203509713418
1105	0.00212609374208
1106	0.00221709034999
1107	0.00230808695789
1108	0.00239908356579
1109	0.0024900801737
1110	0.0025810767816
1111	0.0026720733895
1112	0.00276306999741
1113	0.00280464274919
1114	0.00279678994112
1115	0.00278893713306
1116	0.00278108432499
1117	0.00277323151692
1118	0.00276537870886
1119	0.00275752590079
1120	0.00274967309272
1121	0.00274182028465
1122	0.00273396747659
1123	0.00272611466852
1124	0.00271826186045
1125	0.00271040905238
1126	0.00270255624432
1127	0.00269470343625
1128	0.00268685062818
1129	0.00267899782012
1130	0.00267114501205
1131	0.00266329220398
1132	0.00265543939591
1133	0.00264758658785
1134	0.00263973377978
1135	0.00263188097171
1136	0.00262402816365
1137	0.00261617535558
1138	0.00262217850609
1139	0.00264203810357
1140	0.00266189770105
1141	0.00268175729852
1142	0.002701616896
1143	0.00272147649347
1144	0.00274133609095
1145	0.00276119568843
1146	0.0027810552859
1147	0.00280091488338
1148	0.00282077448086
1149	0.00284063407833
1150	0.00286049367581
1151	0.00288035327328
1152	0.00290021287076
1153	0.00292007246824
1154	0.00293993206571
1155	0.00295979166319
1156	0.00297965126066
1157	0.00299951085814
1158	0.00301937045562
1159	0.00303923005309
1160	0.00305908965057
1161	0.00307894924804
1162	0.00309880884552
1163	0.00309731062009
1164	0.0030744538024
1165	0.00305159698472
1166	0.00302874016704
1167	0.00300588334935
1168	0.00298302653167
1169	0.00296016971399
1170	0.0029373128963
1171	0.00291445607862
1172	0.00289159926094
1173	0.00286874244326
1174	0.00284588562557
1175	0.00282302880789
1176	0.00280017199021
1177	0.00277731517252
1178	0.00275445835484
1179	0.00273160153716
1180	0.00270874471947
1181	0.00268588790179
1182	0.00266303108411
1183	0.00264017426643
1184	0.00261731744874
1185	0.00259446063106
1186	0.00257160381338
1187	0.00254874699569
1188	0.00254589779732
1189	0.00256305695446
1190	0.00258021611161
1191	0.00259737526875
1192	0.00261453442589
1193	0.00263169358303
1194	0.00264885274017
1195	0.00266601189731
1196	0.00268317105445
1197	0.00270033021159
1198	0.00271748936873
1199	0.00273464852587
1200	0.00275180768302
1201	0.00276896684016
1202	0.0027861259973
1203	0.00280328515444
1204	0.00282044431158
1205	0.00283760346872
1206	0.00285476262586
1207	0.002871921783
1208	0.00288908094014
1209	0.00290624009728
1210	0.00292339925443
1211	0.00294055841157
1212	0.00295771756871
1213	0.0029511337731
1214	0.00292080613272
1215	0.00289047849233
1216	0.00286015085195
1217	0.00282982321157
1218	0.00279949557118
1219	0.0027691679308
1220	0.00273884029041
1221	0.00270851265003
1222	0.00267818500964
1223	0.00264785736926
1224	0.00261752972887
1225	0.00258720208849
1226	0.0025568744481
1227	0.00252654680772
1228	0.00249621916733
1229	0.00246589152695
1230	0.00243556388657
1231	0.00240523624618
1232	0.0023749086058
1233	0.00234458096541
1234	0.00231425332503
1235	0.00228392568464
1236	0.00225359804426
1237	0.00222327040387
1238	0.00223134973629
1239	0.00227783751423
1240	0.00232432529216
1241	0.0023708130701
1242	0.00241730084804
1243	0.00246378862598
1244	0.00251027640392
1245	0.00255676418185
1246	0.00260325195979
1247	0.00264973973773
1248	0.00269622751567
1249	0.00274271529361
1250	0.00278920307154
1251	0.00283569084948
1252	0.00288217862742
1253	0.00292866640536
1254	0.0029751541833
1255	0.00302164196123
1256	0.00306812973917
1257	0.00311461751711
1258	0.00316110529505
1259	0.00320759307299
1260	0.00325408085092
1261	0.00330056862886
1262	0.0033470564068
1263	0.00334485979896
1264	0.00329397690082
1265	0.00324309400268
1266	0.00319221110454
1267	0.0031413282064
1268	0.00309044530826
1269	0.00303956241012
1270	0.00298867951197
1271	0.00293779661383
1272	0.00288691371569
1273	0.00283603081755
1274	0.00278514791941
1275	0.00273426502127
1276	0.00268338212313
1277	0.00263249922499
1278	0.00258161632684
1279	0.0025307334287
1280	0.00247985053056
1281	0.00242896763242
1282	0.00237808473428
1283	0.00232720183614
1284	0.002276318938
1285	0.00222543603985
1286	0.00217455314171
1287	0.00212367024357
1288	0.00211119986094
1289	0.00213714352627
1290	0.0021630871916
1291	0.00218903085693
1292	0.00221497452226
1293	0.0022409181876
1294	0.00226686185293
1295	0.00229280551826
1296	0.00231874918359
1297	0.00234469284892
1298	0.00237063651425
1299	0.00239658017958
1300	0.00242252384491
1301	0.00244846751024
1302	0.00247441117557
1303	0.0025003548409
1304	0.00252629850624
1305	0.00255224217157
1306	0.0025781858369
1307	0.00260412950223
1308	0.00263007316756
1309	0.00265601683289
1310	0.00268196049822
1311	0.00270790416355
1312	0.00273384782888
1313	0.00274556835362
1314	0.00274306515933
1315	0.00274056196504
1316	0.00273805877075
1317	0.00273555557646
1318	0.00273305238217
1319	0.00273054918787
1320	0.00272804599358
1321	0.00272554279929
1322	0.002723039605
1323	0.00272053641071
1324	0.00271803321641
1325	0.00271553002212
1326	0.00271302682783
1327	0.00271052363354
1328	0.00270802043925
1329	0.00270551724496
1330	0.00270301405066
1331	0.00270051085637
1332	0.00269800766208
1333	0.00269550446779
1334	0.0026930012735
1335	0.0026904980792
1336	0.00268799488491
1337	0.00268549169062
1338	0.00266889324833
1339	0.00263819897387
1340	0.00260750469941
1341	0.00257681042495
1342	0.00254611615049
1343	0.00251542187603
1344	0.00248472760158
1345	0.00245403332712
1346	0.00242333905266
1347	0.0023926447782
1348	0.00236195050374
1349	0.00233125622928
1350	0.00230056195482
1351	0.00226986768037
1352	0.00223917340591
1353	0.00220847913145
1354	0.00217778485699
1355	0.00214709058253
1356	0.00211639630807
1357	0.00208570203361
1358	0.00205500775916
1359	0.0020243134847
1360	0.00199361921024
1361	0.00196292493578
1362	0.00193223066132
1363	0.00193283309983
1364	0.0019647335726
1365	0.00199663404537
1366	0.00202853451814
1367	0.00206043499091
1368	0.00209233546368
1369	0.00212423593644
1370	0.00215613640921
1371	0.00218803688198
1372	0.00221993735475
1373	0.00225183782752
1374	0.00228373830029
1375	0.00231563877306
1376	0.00234753924583
1377	0.0023794397186
1378	0.00241134019137
1379	0.00244324066414
1380	0.00247514113691
1381	0.00250704160968
1382	0.00253894208245
1383	0.00257084255522
1384	0.00260274302799
1385	0.00263464350076
1386	0.00266654397353
1387	0.0026984444463
1388	0.00270458880081
1389	0.00268497592972
1390	0.00266536305863
1391	0.00264575018754
1392	0.00262613731644
1393	0.00260652444535
1394	0.00258691157426
1395	0.00256729870317
1396	0.00254768583208
1397	0.00252807296099
1398	0.0025084600899
1399	0.0024888472188
1400	0.00246923434771
1401	0.00244962147662
1402	0.00243000860553
1403	0.00241039573444
1404	0.00239078286335
1405	0.00237116999226
1406	0.00235155712116
1407	0.00233194425007
1408	0.00231233137898
1409	0.00229271850789
1410	0.0022731056368
1411	0.00225349276571
1412	0.00223387989462
1413	0.00222006245459
1414	0.00221204069929
1415	0.00220401894399
1416	0.00219599718869
1417	0.00218797543338
1418	0.00217995367808
1419	0.00217193192278
1420	0.00216391016748
1421	0.00215588841218
1422	0.00214786665688
1423	0.00213984490157
1424	0.00213182314627
1425	0.00212380139097
1426	0.00211577963567
1427	0.00210775788037
1428	0.00209973612507
1429	0.00209171436976
1430	0.00208369261446
1431	0.00207567085916
1432	0.00206764910386
1433	0.00205962734856
1434	0.00205160559325
1435	0.00204358383795
1436	0.00203556208265
1437	0.00202754032735
1438	0.00202804027128
1439	0.00203706229403
1440	0.00204608431678
1441	0.00205510633953
1442	0.00206412836227
1443	0.00207315038502
1444	0.00208217240777
1445	0.00209119443052
1446	0.00210021645327
1447	0.00210923847601
1448	0.00211826049876
1449	0.00212728252151
1450	0.00213630454426
1451	0.002145326567
1452	0.00215434858975
1453	0.0021633706125
1454	0.00217239263525
1455	0.002181414658
1456	0.00219043668074
1457	0.00219945870349
1458	0.00220848072624
1459	0.00221750274899
1460	0.00222652477173
1461	0.00223554679448
1462	0.00224456881723
1463	0.00223872199579
1464	0.00221800565635
1465	0.00219728931691
1466	0.00217657297747
1467	0.00215585663803
1468	0.0021351402986
1469	0.00211442395916
1470	0.00209370761972
1471	0.00207299128028
1472	0.00205227494084
1473	0.0020315586014
1474	0.00201084226196
1475	0.00199012592252
1476	0.00196940958308
1477	0.00194869324364
1478	0.0019279769042
1479	0.00190726056476
1480	0.00188654422533
1481	0.00186582788589
1482	0.00184511154645
1483	0.00182439520701
1484	0.00180367886757
1485	0.00178296252813
1486	0.00176224618869
1487	0.00174152984925
1488	0.00170246211013
1489	0.00164504212547
1490	0.00158762214082
1491	0.00153020215616
1492	0.0014727821715
1493	0.00141536218685
1494	0.00135794220219
1495	0.00130052221754
1496	0.00124310223288
1497	0.00118568224822
1498	0.00112826226357
1499	0.00107084227891
1500	0.00101342229425
1501	0.000956002309598
1502	0.000898582324942
1503	0.000841162340285
1504	0.000783742355629
1505	0.000726322370973
1506	0.000668902386317
1507	0.000611482401661
1508	0.000554062417004
1509	0.000496642432348
1510	0.000439222447692
1511	0.000381802463036
1512	0.000324382478379
1513	0.000290777397844
1514	0.000280988337554
1515	0.000271199277263
1516	0.000261410216973
1517	0.000251621156682
1518	0.000241832096392
1519	0.000232043036101
1520	0.000222253975811
1521	0.00021246491552
1522	0.00020267585523
1523	0.000192886794939
1524	0.000183097734649
1525	0.000173308674359
1526	0.000163519614068
1527	0.000153730553778
1528	0.000143941493487
1529	0.000134152433197
1530	0.000124363372906
1531	0.000114574312616
1532	0.000104785252325
1533	9.49961920348e-05
1534	8.52071317444e-05
1535	7.54180714539e-05
1536	6.56290111635e-05
1537	5.5839950873e-05
1538	5.00025824863e-05
1539	4.8117094267e-05
1540	4.62316060477e-05
1541	4.43461178284e-05
1542	4.24606296092e-05
1543	4.05751413899e-05
1544	3.86896531706e-05
1545	3.68041649514e-05
1546	3.49186767321e-05
1547	3.30331885128e-05
1548	3.11477002935e-05
1549	2.92622120743e-05
1550	2.7376723855e-05
1551	2.54912356357e-05
1552	2.36057474164e-05
1553	2.17202591972e-05
1554	1.98347709779e-05
1555	1.79492827586e-05
1556	1.60637945394e-05
1557	1.41783063201e-05
1558	1.22928181008e-05
1559	1.04073298815e-05
1560	8.52184166227e-06
1561	6.63635344299e-06
1562	4.75086522372e-06
1563	3.47488223379e-06
1564	2.80843398298e-06
1565	2.14198573218e-06
1566	1.47553748137e-06
1567	8.09089230563e-07
1568	1.42640979756e-07
1569	-5.23807271051e-07
1570	-1.19025552186e-06
1571	-1.85670377266e-06
1572	-2.52315202347e-06
1573	-3.18960027428e-06
1574	-3.85604852508e-06
1575	-4.52249677589e-06
1576	-5.1889450267e-06
1577	-5.8553932775e-06
1578	-6.52184152831e-06
1579	-7.18828977912e-06
1580	-7.85473802992e-06
1581	-8.52118628073e-06
1582	-9.18763453154e-06
1583	-9.85408278234e-06
1584	-1.05205310332e-05
1585	-1.1186979284e-05
1586	-1.18534275348e-05
1587	-1.25198757856e-05
1588	-1.30537910775e-05
1589	-1.34551668912e-05
1590	-1.38565427049e-05
1591	-1.42579185187e-05
1592	-1.46592943324e-05
1593	-1.50606701461e-05
1594	-1.54620459598e-05
1595	-1.58634217735e-05
1596	-1.62647975872e-05
1597	-1.66661734009e-05
1598	-1.70675492146e-05
1599	-1.74689250283e-05
1600	-1.78703008421e-05
1601	-1.82716766558e-05
1602	-1.86730524695e-05
1603	-1.90744282832e-05
1604	-1.94758040969e-05
1605	-1.98771799106e-05
1606	-2.02785557243e-05
1607	-2.0679931538e-05
1608	-2.10813073518e-05
1609	-2.14826831655e-05
1610	-2.18840589792e-05
1611	-2.22854347929e-05
1612	-2.26868106066e-05
1613	-2.3120644737e-05
1614	-2.35869388059e-05
1615	-2.40532328748e-05
1616	-2.45195269437e-05
1617	-2.49858210126e-05
1618	-2.54521150815e-05
1619	-2.59184091503e-05
1620	-2.63847032192e-05
1621	-2.68509972881e-05
1622	-2.7317291357e-05
1623	-2.77835854259e-05
1624	-2.82498794948e-05
1625	-2.87161735637e-05
1626	-2.91824676326e-05
1627	-2.96487617015e-05
1628	-3.01150557703e-05
1629	-3.05813498392e-05
1630	-3.10476439081e-05
1631	-3.1513937977e-05
1632	-3.19802320459e-05
1633	-3.24465261148e-05
1634	-3.29128201837e-05
1635	-3.33791142526e-05
1636	-3.38454083215e-05
1637	-3.43117023903e-05
1638	-3.43773108558e-05
1639	-3.4042213387e-05
1640	-3.37071159183e-05
1641	-3.33720184495e-05
1642	-3.30369209807e-05
1643	-3.27018235119e-05
1644	-3.23667260432e-05
1645	-3.20316285744e-05
1646	-3.16965311056e-05
1647	-3.13614336368e-05
1648	-3.10263361681e-05
1649	-3.06912386993e-05
1650	-3.03561412305e-05
1651	-3.00210437618e-05
1652	-2.9685946293e-05
1653	-2.93508488242e-05
1654	-2.90157513554e-05
1655	-2.86806538867e-05
1656	-2.83455564179e-05
1657	-2.80104589491e-05
1658	-2.76753614803e-05
1659	-2.73402640116e-05
1660	-2.70051665428e-05
1661	-2.6670069074e-05
1662	-2.63349716053e-05
1663	-2.62982530017e-05
1664	-2.65599286342e-05
1665	-2.68216042667e-05
1666	-2.70832798992e-05
1667	-2.73449555317e-05
1668	-2.76066311642e-05
1669	-2.78683067967e-05
1670	-2.81299824292e-05
1671	-2.83916580617e-05
1672	-2.86533336942e-05
1673	-2.89150093267e-05
1674	-2.91766849592e-05
1675	-2.94383605917e-05
1676	-2.97000362242e-05
1677	-2.99617118567e-05
1678	-3.02233874892e-05
1679	-3.04850631217e-05
1680	-3.07467387542e-05
1681	-3.10084143867e-05
1682	-3.12700900192e-05
1683	-3.15317656517e-05
1684	-3.17934412842e-05
1685	-3.20551169167e-05
1686	-3.23167925492e-05
1687	-3.25784681817e-05
1688	-3.25696051913e-05
1689	-3.22901894317e-05
1690	-3.20107736721e-05
1691	-3.17313579125e-05
1692	-3.14519421529e-05
1693	-3.11725263932e-05
1694	-3.08931106336e-05
1695	-3.0613694874e-05
1696	-3.03342791144e-05
1697	-3.00548633548e-05
1698	-2.97754475952e-05
1699	-2.94960318355e-05
1700	-2.92166160759e-05
1701	-2.89372003163e-05
1702	-2.86577845567e-05
1703	-2.83783687971e-05
1704	-2.80989530375e-05
1705	-2.78195372779e-05
1706	-2.75401215182e-05
1707	-2.72607057586e-05
1708	-2.6981289999e-05
1709	-2.67018742394e-05
1710	-2.64224584798e-05
1711	-2.61430427202e-05
1712	-2.58636269605e-05
1713	-2.58532517723e-05
1714	-2.61119314318e-05
1715	-2.63706110913e-05
1716	-2.66292907508e-05
1717	-2.68879704103e-05
1718	-2.71466500698e-05
1719	-2.74053297293e-05
1720	-2.76640093888e-05
1721	-2.79226890483e-05
1722	-2.81813687078e-05
1723	-2.84400483673e-05
1724	-2.86987280268e-05
1725	-2.89574076863e-05
1726	-2.92160873458e-05
1727	-2.94747670053e-05
1728	-2.97334466647e-05
1729	-2.99921263242e-05
1730	-3.02508059837e-05
1731	-3.05094856432e-05
1732	-3.07681653027e-05
1733	-3.10268449622e-05
1734	-3.12855246217e-05
1735	-3.15442042812e-05
1736	-3.18028839407e-05
1737	-3.20615636002e-05
1738	-3.2204945183e-05
1739	-3.22330224817e-05
1740	-3.22610997803e-05
1741	-3.22891770789e-05
1742	-3.23172543776e-05
1743	-3.23453316762e-05
1744	-3.23734089748e-05
1745	-3.24014862735e-05
1746	-3.24295635721e-05
1747	-3.24576408707e-05
1748	-3.24857181694e-05
1749	-3.2513795468e-05
1750	-3.25418727666e-05
1751	-3.25699500653e-05
1752	-3.25980273639e-05
1753	-3.26261046625e-05
1754	-3.26541819612e-05
1755	-3.26822592598e-05
1756	-3.27103365584e-05
1757	-3.27384138571e-05
1758	-3.27664911557e-05
1759	-3.27945684543e-05
1760	-3.2822645753e-05
1761	-3.28507230516e-05
1762	-3.28788003502e-05
1763	-3.28205133448e-05
1764	-3.26758573188e-05
1765	-3.25312012928e-05
1766	-3.23865452668e-05
1767	-3.22418892407e-05
1768	-3.20972332147e-05
1769	-3.19525771887e-05
1770	-3.18079211627e-05
1771	-3.16632651366e-05
1772	-3.15186091106e-05
1773	-3.13739530846e-05
1774	-3.12292970585e-05
1775	-3.10846410325e-05
1776	-3.09399850065e-05
1777	-3.07953289805e-05
1778	-3.06506729544e-05
1779	-3.05060169284e-05
1780	-3.03613609024e-05
1781	-3.02167048764e-05
1782	-3.00720488503e-05
1783	-2.99273928243e-05
1784	-2.97827367983e-05
1785	-2.96380807723e-05
1786	-2.94934247462e-05
1787	-2.93487687202e-05
1788	-2.93167459166e-05
1789	-2.93973625739e-05
1790	-2.94779792313e-05
1791	-2.95585958886e-05
1792	-2.96392125459e-05
1793	-2.97198292033e-05
1794	-2.98004458606e-05
1795	-2.98810625179e-05
1796	-2.99616791753e-05
1797	-3.00422958326e-05
1798	-3.012291249e-05
1799	-3.02035291473e-05
1800	-3.02841458046e-05
1801	-3.0364762462e-05
1802	-3.04453791193e-05
1803	-3.05259957766e-05
1804	-3.0606612434e-05
1805	-3.06872290913e-05
1806	-3.07678457486e-05
1807	-3.0848462406e-05
1808	-3.09290790633e-05
1809	-3.10096957207e-05
1810	-3.1090312378e-05
1811	-3.11709290353e-05
1812	-3.12515456927e-05
1813	-3.11281235361e-05
1814	-3.08006511061e-05
1815	-3.04731786762e-05
1816	-3.01457062462e-05
1817	-2.98182338163e-05
1818	-2.94907613864e-05
1819	-2.91632889564e-05
1820	-2.88358165265e-05
1821	-2.85083440965e-05
1822	-2.81808716666e-05
1823	-2.78533992367e-05
1824	-2.75259268067e-05
1825	-2.71984543768e-05
1826	-2.68709819468e-05
1827	-2.65435095169e-05
1828	-2.6216037087e-05
1829	-2.5888564657e-05
1830	-2.55610922271e-05
1831	-2.52336197971e-05
1832	-2.49061473672e-05
1833	-2.45786749373e-05
1834	-2.42512025073e-05
1835	-2.39237300774e-05
1836	-2.35962576474e-05
1837	-2.32687852175e-05
1838	-2.31666630439e-05
1839	-2.32899039576e-05
1840	-2.34131448712e-05
1841	-2.35363857848e-05
1842	-2.36596266985e-05
1843	-2.37828676121e-05
1844	-2.39061085258e-05
1845	-2.40293494394e-05
1846	-2.4152590353e-05
1847	-2.42758312667e-05
1848	-2.43990721803e-05
1849	-2.4522313094e-05
1850	-2.46455540076e-05
1851	-2.47687949213e-05
1852	-2.48920358349e-05
1853	-2.50152767485e-05
1854	-2.51385176622e-05
1855	-2.52617585758e-05
1856	-2.53849994895e-05
1857	-2.55082404031e-05
1858	-2.56314813167e-05
1859	-2.57547222304e-05
1860	-2.5877963144e-05
1861	-2.60012040577e-05
1862	-2.61244449713e-05
1863	-2.60742681516e-05
1864	-2.58506635903e-05
1865	-2.5627059029e-05
1866	-2.54034544678e-05
1867	-2.51798499065e-05
1868	-2.49562453452e-05
1869	-2.47326407839e-05
1870	-2.45090362226e-05
1871	-2.42854316613e-05
1872	-2.40618271e-05
1873	-2.38382225387e-05
1874	-2.36146179774e-05
1875	-2.33910134161e-05
1876	-2.31674088548e-05
1877	-2.29438042935e-05
1878	-2.27201997322e-05
1879	-2.24965951709e-05
1880	-2.22729906096e-05
1881	-2.20493860483e-05
1882	-2.18257814871e-05
1883	-2.16021769258e-05
1884	-2.13785723645e-05
1885	-2.11549678032e-05
1886	-2.09313632419e-05
1887	-2.07077586806e-05
1888	-2.02377596032e-05
1889	-1.9521351599e-05
1890	-1.88049435948e-05
1891	-1.80885355905e-05
1892	-1.73721275863e-05
1893	-1.66557195821e-05
1894	-1.59393115778e-05
1895	-1.52229035736e-05
1896	-1.45064955694e-05
1897	-1.37900875651e-05
1898	-1.30736795609e-05
1899	-1.23572715567e-05
1900	-1.16408635525e-05
1901	-1.09244555482e-05
1902	-1.0208047544e-05
1903	-9.49163953976e-06
1904	-8.77523153552e-06
1905	-8.05882353129e-06
1906	-7.34241552706e-06
1907	-6.62600752283e-06
1908	-5.9095995186e-06
1909	-5.19319151437e-06
1910	-4.47678351013e-06
1911	-3.7603755059e-06
1912	-3.04396750167e-06
1913	-2.6470285777e-06
1914	-2.56957766621e-06
1915	-2.49212675471e-06
1916	-2.41467584321e-06
1917	-2.33722493171e-06
1918	-2.25977402022e-06
1919	-2.18232310872e-06
1920	-2.10487219722e-06
1921	-2.02742128572e-06
1922	-1.94997037423e-06
1923	-1.87251946273e-06
1924	-1.79506855123e-06
1925	-1.71761763973e-06
1926	-1.64016672823e-06
1927	-1.56271581674e-06
1928	-1.48526490524e-06
1929	-1.40781399374e-06
1930	-1.33036308224e-06
1931	-1.25291217075e-06
1932	-1.17546125925e-06
1933	-1.09801034775e-06
1934	-1.02055943625e-06
1935	-9.43108524756e-07
1936	-8.65657613259e-07
1937	-7.88206701761e-07
1938	-7.35044570014e-07
1939	-7.06172676221e-07
1940	-6.77300782429e-07
1941	-6.48428888637e-07
1942	-6.19556994845e-07
1943	-5.90685101053e-07
1944	-5.6181320726e-07
1945	-5.32941313468e-07
1946	-5.04069419676e-07
1947	-4.75197525884e-07
1948	-4.46325632091e-07
1949	-4.17453738299e-07
1950	-3.88581844507e-07
1951	-3.59709950715e-07
1952	-3.30838056923e-07
1953	-3.0196616313e-07
1954	-2.73094269338e-07
1955	-2.44222375546e-07
1956	-2.15350481754e-07
1957	-1.86478587962e-07
1958	-1.57606694169e-07
1959	-1.28734800377e-07
1960	-9.98629065849e-08
1961	-7.09910127927e-08
1962	-4.21191190005e-08
1963	-2.49453387399e-08
1964	-1.94703833829e-08
1965	-1.39954280259e-08
1966	-8.52047266895e-09
1967	-3.04551731197e-09
1968	2.42943804501e-09
1969	7.90439340199e-09
1970	1.3379348759e-08
1971	1.88543041159e-08
1972	2.43292594729e-08
1973	2.98042148299e-08
1974	3.52791701869e-08
1975	4.07541255439e-08
1976	4.62290809008e-08
1977	5.17040362578e-08
1978	5.71789916148e-08
1979	6.26539469718e-08
1980	6.81289023288e-08
1981	7.36038576857e-08
1982	7.90788130427e-08
1983	8.45537683997e-08
1984	9.00287237567e-08
1985	9.55036791137e-08
1986	1.00978634471e-07
1987	1.06453589828e-07
1988	1.11862945921e-07
1989	1.1720669871e-07
1990	1.22550451499e-07
1991	1.27894204288e-07
1992	1.33237957077e-07
1993	1.38581709867e-07
1994	1.43925462656e-07
1995	1.49269215445e-07
1996	1.54612968234e-07
1997	1.59956721023e-07
1998	1.65300473813e-07
1999	1.70644226602e-07
2000	1.75987979391e-07
2001	1.8133173218e-07
2002	1.86675484969e-07
2003	1.92019237759e-07
2004	1.97362990548e-07
2005	2.02706743337e-07
2006	2.08050496126e-07
2007	2.13394248915e-07
2008	2.18738001704e-07
2009	2.24081754494e-07
2010	2.29425507283e-07
2011	2.34769260072e-07
2012	2.40113012861e-07
2013	2.42612815541e-07
2014	2.42268490763e-07
2015	2.41924165985e-07
2016	2.41579841207e-07
2017	2.41235516428e-07
2018	2.4089119165e-07
2019	2.40546866872e-07
2020	2.40202542094e-07
2021	2.39858217315e-07
2022	2.39513892537e-07
2023	2.39169567759e-07
2024	2.38825242981e-07
2025	2.38480918202e-07
2026	2.38136593424e-07
2027	2.37792268646e-07
2028	2.37447943868e-07
2029	2.3710361909e-07
2030	2.36759294311e-07
2031	2.36414969533e-07
2032	2.36070644755e-07
2033	2.35726319977e-07
2034	2.35381995198e-07
2035	2.3503767042e-07
2036	2.34693345642e-07
2037	2.34349020864e-07
2038	2.35503155056e-07
2039	2.38155842825e-07
2040	2.40808530593e-07
2041	2.43461218362e-07
2042	2.4611390613e-07
2043	2.48766593899e-07
2044	2.51419281667e-07
2045	2.54071969436e-07
2046	2.56724657205e-07
2047	2.59377344973e-07
2048	2.62030032742e-07
2049	2.6468272051e-07
2050	2.67335408279e-07
2051	2.69988096047e-07
2052	2.72640783816e-07
2053	2.75293471584e-07
2054	2.77946159353e-07
2055	2.80598847121e-07
2056	2.8325153489e-07
2057	2.85904222658e-07
2058	2.88556910427e-07
2059	2.91209598195e-07
2060	2.93862285964e-07
2061	2.96514973733e-07
2062	2.99167661501e-07
2063	2.9915902426e-07
2064	2.96488891924e-07
2065	2.93818759589e-07
2066	2.91148627254e-07
2067	2.88478494918e-07
2068	2.85808362583e-07
2069	2.83138230248e-07
2070	2.80468097912e-07
2071	2.77797965577e-07
2072	2.75127833242e-07
2073	2.72457700906e-07
2074	2.69787568571e-07
2075	2.67117436235e-07
2076	2.644473039e-07
2077	2.61777171565e-07
2078	2.59107039229e-07
2079	2.56436906894e-07
2080	2.53766774559e-07
2081	2.51096642223e-07
2082	2.48426509888e-07
2083	2.45756377553e-07
2084	2.43086245217e-07
2085	2.40416112882e-07
2086	2.37745980546e-07
2087	2.35075848211e-07
2088	2.34301219058e-07
2089	2.35422215695e-07
2090	2.36543212332e-07
2091	2.3766420897e-07
2092	2.38785205607e-07
2093	2.39906202245e-07
2094	2.41027198882e-07
2095	2.4214819552e-07
2096	2.43269192157e-07
2097	2.44390188794e-07
2098	2.45511185432e-07
2099	2.46632182069e-07
2100	2.47753178707e-07
2101	2.48874175344e-07
2102	2.49995171982e-07
2103	2.51116168619e-07
2104	2.52237165256e-07
2105	2.53358161894e-07
2106	2.54479158531e-07
2107	2.55600155169e-07
2108	2.56721151806e-07
2109	2.57842148444e-07
2110	2.58963145081e-07
2111	2.60084141718e-07
2112	2.61205138356e-07
2113	2.63690459092e-07
2114	2.67540193235e-07
2115	2.71389927378e-07
2116	2.7523966152e-07
2117	2.79089395663e-07
2118	2.82939129806e-07
2119	2.86788863948e-07
2120	2.90638598091e-07
2121	2.94488332234e-07
2122	2.98338066376e-07
2123	3.02187800519e-07
2124	3.06037534662e-07
2125	3.09887268804e-07
2126	3.13737002947e-07
2127	3.1758673709e-07
2128	3.21436471232e-07
2129	3.25286205375e-07
2130	3.29135939518e-07
2131	3.3298567366e-07
2132	3.36835407803e-07
2133	3.40685141946e-07
2134	3.44534876088e-07
2135	3.48384610231e-07
2136	3.52234344374e-07
2137	3.56084078516e-07
2138	3.55716573309e-07
2139	3.51131549427e-07
2140	3.46546525546e-07
2141	3.41961501665e-07
2142	3.37376477784e-07
2143	3.32791453902e-07
2144	3.28206430021e-07
2145	3.2362140614e-07
2146	3.19036382259e-07
2147	3.14451358378e-07
2148	3.09866334496e-07
2149	3.05281310615e-07
2150	3.00696286734e-07
2151	2.96111262853e-07
2152	2.91526238971e-07
2153	2.8694121509e-07
2154	2.82356191209e-07
2155	2.77771167328e-07
2156	2.73186143446e-07
2157	2.68601119565e-07
2158	2.64016095684e-07
2159	2.59431071803e-07
2160	2.54846047922e-07
2161	2.5026102404e-07
2162	2.45676000159e-07
2163	2.45140814957e-07
2164	2.48655739806e-07
2165	2.52170664655e-07
2166	2.55685589505e-07
2167	2.59200514354e-07
2168	2.62715439204e-07
2169	2.66230364053e-07
2170	2.69745288902e-07
2171	2.73260213752e-07
2172	2.76775138601e-07
2173	2.8029006345e-07
2174	2.838049883e-07
2175	2.87319913149e-07
2176	2.90834837999e-07
2177	2.94349762848e-07
2178	2.97864687697e-07
2179	3.01379612547e-07
2180	3.04894537396e-07
2181	3.08409462245e-07
2182	3.11924387095e-07
2183	3.15439311944e-07
2184	3.18954236794e-07
2185	3.22469161643e-07
2186	3.25984086492e-07
2187	3.29499011342e-07
2188	3.30360717643e-07
2189	3.28569025555e-07
2190	3.26777333466e-07
2191	3.24985641377e-07
2192	3.23193949288e-07
2193	3.21402257199e-07
2194	3.1961056511e-07
2195	3.17818873021e-07
2196	3.16027180933e-07
2197	3.14235488844e-07
2198	3.12443796755e-07
2199	3.10652104666e-07
2200	3.08860412577e-07
2201	3.07068720488e-07
2202	3.05277028399e-07
2203	3.03485336311e-07
2204	3.01693644222e-07
2205	2.99901952133e-07
2206	2.98110260044e-07
2207	2.96318567955e-07
2208	2.94526875866e-07
2209	2.92735183777e-07
2210	2.90943491688e-07
2211	2.891517996e-07
2212	2.87360107511e-07
2213	2.8761467446e-07
2214	2.89915640734e-07
2215	2.92216607009e-07
2216	2.94517573283e-07
2217	2.96818539557e-07
2218	2.99119505832e-07
2219	3.01420472106e-07
2220	3.03721438381e-07
2221	3.06022404655e-07
2222	3.08323370929e-07
2223	3.10624337204e-07
2224	3.12925303478e-07
2225	3.15226269752e-07
2226	3.17527236027e-07
2227	3.19828202301e-07
2228	3.22129168575e-07
2229	3.2443013485e-07
2230	3.26731101124e-07
2231	3.29032067398e-07
2232	3.31333033673e-07
2233	3.33633999947e-07
2234	3.35934966221e-07
2235	3.38235932496e-07
2236	3.4053689877e-07
2237	3.42837865044e-07
2238	3.42586492723e-07
2239	3.39782604845e-07
2240	3.36978716967e-07
2241	3.34174829089e-07
2242	3.31370941212e-07
2243	3.28567053334e-07
2244	3.25763165456e-07
2245	3.22959277579e-07
2246	3.20155389701e-07
2247	3.17351501823e-07
2248	3.14547613945e-07
2249	3.11743726068e-07
2250	3.0893983819e-07
2251	3.06135950312e-07
2252	3.03332062435e-07
2253	3.00528174557e-07
2254	2.97724286679e-07
2255	2.94920398801e-07
2256	2.92116510924e-07
2257	2.89312623046e-07
2258	2.86508735168e-07
2259	2.8370484729e-07
2260	2.80900959413e-07
2261	2.78097071535e-07
2262	2.75293183657e-07
2263	2.73288782209e-07
2264	2.72083923241e-07
2265	2.70879064272e-07
2266	2.69674205303e-07
2267	2.68469346335e-07
2268	2.67264487366e-07
2269	2.66059628397e-07
2270	2.64854769429e-07
2271	2.6364991046e-07
2272	2.62445051491e-07
2273	2.61240192523e-07
2274	2.60035333554e-07
2275	2.58830474586e-07
2276	2.57625615617e-07
2277	2.56420756648e-07
2278	2.5521589768e-07
2279	2.54011038711e-07
2280	2.52806179742e-07
2281	2.51601320774e-07
2282	2.50396461805e-07
2283	2.49191602836e-07
2284	2.47986743868e-07
2285	2.46781884899e-07
2286	2.4557702593e-07
2287	2.44372166962e-07
2288	2.39776873939e-07
2289	2.31790906541e-07
2290	2.23804939144e-07
2291	2.15818971747e-07
2292	2.0783300435e-07
2293	1.99847036952e-07
2294	1.91861069555e-07
2295	1.83875102158e-07
2296	1.75889134761e-07
2297	1.67903167363e-07
2298	1.59917199966e-07
2299	1.51931232569e-07
2300	1.43945265172e-07
2301	1.35959297774e-07
2302	1.27973330377e-07
2303	1.1998736298e-07
2304	1.12001395583e-07
2305	1.04015428185e-07
2306	9.60294607882e-08
2307	8.80434933909e-08
2308	8.00575259937e-08
2309	7.20715585964e-08
2310	6.40855911992e-08
2311	5.60996238019e-08
2312	4.81136564046e-08
2313	4.34885645921e-08
2314	4.22245891927e-08
2315	4.09606137932e-08
2316	3.96966383938e-08
2317	3.84326629944e-08
2318	3.7168687595e-08
2319	3.59047121955e-08
2320	3.46407367961e-08
2321	3.33767613967e-08
2322	3.21127859973e-08
2323	3.08488105978e-08
2324	2.95848351984e-08
2325	2.8320859799e-08
2326	2.70568843996e-08
2327	2.57929090001e-08
2328	2.45289336007e-08
2329	2.32649582013e-08
2330	2.20009828019e-08
2331	2.07370074024e-08
2332	1.9473032003e-08
2333	1.82090566036e-08
2334	1.69450812042e-08
2335	1.56811058047e-08
2336	1.44171304053e-08
2337	1.31531550059e-08
2338	1.23856518606e-08
2339	1.21146569295e-08
2340	1.18436619984e-08
2341	1.15726670673e-08
2342	1.13016721362e-08
2343	1.10306772051e-08
2344	1.0759682274e-08
2345	1.04886873429e-08
2346	1.02176924117e-08
2347	9.94669748064e-09
2348	9.67570254953e-09
2349	9.40470761843e-09
2350	9.13371268732e-09
2351	8.86271775622e-09
2352	8.59172282511e-09
2353	8.32072789401e-09
2354	8.0497329629e-09
2355	7.77873803179e-09
2356	7.50774310069e-09
2357	7.23674816958e-09
2358	6.96575323848e-09
2359	6.69475830737e-09
2360	6.42376337626e-09
2361	6.15276844516e-09
2362	5.88177351405e-09
2363	5.69463885263e-09
2364	5.59137059995e-09
2365	5.48810234727e-09
2366	5.38483409459e-09
2367	5.28156584192e-09
2368	5.17829758924e-09
2369	5.07502933656e-09
2370	4.97176108388e-09
2371	4.8684928312e-09
2372	4.76522457852e-09
2373	4.66195632585e-09
2374	4.55868807317e-09
2375	4.45541982049e-09
2376	4.35215156781e-09
2377	4.24888331513e-09
2378	4.14561506246e-09
2379	4.04234680978e-09
2380	3.9390785571e-09
2381	3.83581030442e-09
2382	3.73254205174e-09
2383	3.62927379906e-09
2384	3.52600554639e-09
2385	3.42273729371e-09
2386	3.31946904103e-09
2387	3.21620078835e-09
2388	3.14446384207e-09
2389	3.10426053489e-09
2390	3.0640572277e-09
2391	3.02385392052e-09
2392	2.98365061334e-09
2393	2.94344730616e-09
2394	2.90324399898e-09
2395	2.8630406918e-09
2396	2.82283738461e-09
2397	2.78263407743e-09
2398	2.74243077025e-09
2399	2.70222746307e-09
2400	2.66202415589e-09
2401	2.6218208487e-09
2402	2.58161754152e-09
2403	2.54141423434e-09
2404	2.50121092716e-09
2405	2.46100761998e-09
2406	2.42080431279e-09
2407	2.38060100561e-09
2408	2.34039769843e-09
2409	2.30019439125e-09
2410	2.25999108407e-09
2411	2.21978777688e-09
2412	2.1795844697e-09
2413	2.14273359681e-09
2414	2.10923540882e-09
2415	2.07573722083e-09
2416	2.04223903285e-09
2417	2.00874084486e-09
2418	1.97524265687e-09
2419	1.94174446888e-09
2420	1.90824628089e-09
2421	1.87474809291e-09
2422	1.84124990492e-09
2423	1.80775171693e-09
2424	1.77425352894e-09
2425	1.74075534095e-09
2426	1.70725715297e-09
2427	1.67375896498e-09
2428	1.64026077699e-09
2429	1.606762589e-09
2430	1.57326440101e-09
2431	1.53976621302e-09
2432	1.50626802504e-09
2433	1.47276983705e-09
2434	1.43927164906e-09
2435	1.40577346107e-09
2436	1.37227527308e-09
2437	1.3387770851e-09
2438	1.31352187621e-09
2439	1.29651026901e-09
2440	1.27949866181e-09
2441	1.26248705461e-09
2442	1.24547544742e-09
2443	1.22846384022e-09
2444	1.21145223302e-09
2445	1.19444062582e-09
2446	1.17742901862e-09
2447	1.16041741142e-09
2448	1.14340580423e-09
2449	1.12639419703e-09
2450	1.10938258983e-09
2451	1.09237098263e-09
2452	1.07535937543e-09
2453	1.05834776824e-09
2454	1.04133616104e-09
2455	1.02432455384e-09
2456	1.00731294664e-09
2457	9.90301339444e-10
2458	9.73289732246e-10
2459	9.56278125048e-10
2460	9.3926651785e-10
2461	9.22254910652e-10
2462	9.05243303454e-10
2463	8.93728232723e-10
2464	8.8771011787e-10
2465	8.81692003017e-10
2466	8.75673888164e-10
2467	8.69655773311e-10
2468	8.63637658458e-10
2469	8.57619543605e-10
2470	8.51601428752e-10
2471	8.45583313899e-10
2472	8.39565199046e-10
2473	8.33547084193e-10
2474	8.2752896934e-10
2475	8.21510854487e-10
2476	8.15492739634e-10
2477	8.09474624781e-10
2478	8.03456509928e-10
2479	7.97438395075e-10
2480	7.91420280222e-10
2481	7.85402165369e-10
2482	7.79384050516e-10
2483	7.73365935663e-10
2484	7.6734782081e-10
2485	7.61329705957e-10
2486	7.55311591104e-10
2487	7.49293476251e-10
2488	7.36506028636e-10
2489	7.16948726482e-10
2490	6.97391424329e-10
2491	6.77834122176e-10
2492	6.58276820023e-10
2493	6.3871951787e-10
2494	6.19162215717e-10
2495	5.99604913564e-10
2496	5.80047611411e-10
2497	5.60490309258e-10
2498	5.40933007105e-10
2499	5.21375704951e-10
2500	5.01818402798e-10
2501	4.82261100645e-10
2502	4.62703798492e-10
2503	4.43146496339e-10
2504	4.23589194186e-10
2505	4.04031892033e-10
2506	3.8447458988e-10
2507	3.64917287727e-10
2508	3.45359985574e-10
2509	3.2580268342e-10
2510	3.06245381267e-10
2511	2.86688079114e-10
2512	2.67130776961e-10
2513	2.58915559842e-10
2514	2.62043310784e-10
2515	2.65171061726e-10
2516	2.68298812668e-10
2517	2.7142656361e-10
2518	2.74554314552e-10
2519	2.77682065494e-10
2520	2.80809816435e-10
2521	2.83937567377e-10
2522	2.87065318319e-10
2523	2.90193069261e-10
2524	2.93320820203e-10
2525	2.96448571145e-10
2526	2.99576322087e-10
2527	3.02704073029e-10
2528	3.05831823971e-10
2529	3.08959574913e-10
2530	3.12087325854e-10
2531	3.15215076796e-10
2532	3.18342827738e-10
2533	3.2147057868e-10
2534	3.24598329622e-10
2535	3.27726080564e-10
2536	3.30853831506e-10
2537	3.33981582448e-10
2538	3.33846852097e-10
2539	3.30449383929e-10
2540	3.27051915761e-10
2541	3.23654447593e-10
2542	3.20256979425e-10
2543	3.16859511257e-10
2544	3.13462043089e-10
2545	3.10064574921e-10
2546	3.06667106752e-10
2547	3.03269638584e-10
2548	2.99872170416e-10
2549	2.96474702248e-10
2550	2.9307723408e-10
2551	2.89679765912e-10
2552	2.86282297744e-10
2553	2.82884829576e-10
2554	2.79487361408e-10
2555	2.7608989324e-10
2556	2.72692425072e-10
2557	2.69294956904e-10
2558	2.65897488736e-10
2559	2.62500020568e-10
2560	2.591025524e-10
2561	2.55705084232e-10
2562	2.52307616063e-10
2563	2.49485537101e-10
2564	2.47238893031e-10
2565	2.44992248961e-10
2566	2.42745604891e-10
2567	2.40498960822e-10
2568	2.38252316752e-10
2569	2.36005672682e-10
2570	2.33759028612e-10
2571	2.31512384543e-10
2572	2.29265740473e-10
2573	2.27019096403e-10
2574	2.24772452334e-10
2575	2.22525808264e-10
2576	2.20279164194e-10
2577	2.18032520124e-10
2578	2.15785876055e-10
2579	2.13539231985e-10
2580	2.11292587915e-10
2581	2.09045943845e-10
2582	2.06799299776e-10
2583	2.04552655706e-10
2584	2.02306011636e-10
2585	2.00059367566e-10
2586	1.97812723497e-10
2587	1.95566079427e-10
2588	1.93932904569e-10
2589	1.9291324811e-10
2590	1.9189359165e-10
2591	1.90873935191e-10
2592	1.89854278732e-10
2593	1.88834622272e-10
2594	1.87814965813e-10
2595	1.86795309354e-10
2596	1.85775652894e-10
2597	1.84755996435e-10
2598	1.83736339976e-10
2599	1.82716683516e-10
2600	1.81697027057e-10
2601	1.80677370597e-10
2602	1.79657714138e-10
2603	1.78638057679e-10
2604	1.77618401219e-10
2605	1.7659874476e-10
2606	1.75579088301e-10
2607	1.74559431841e-10
2608	1.73539775382e-10
2609	1.72520118923e-10
2610	1.71500462463e-10
2611	1.70480806004e-10
2612	1.69461149545e-10
2613	1.67705359551e-10
2614	1.65213376432e-10
2615	1.62721393312e-10
2616	1.60229410193e-10
2617	1.57737427073e-10
2618	1.55245443953e-10
2619	1.52753460834e-10
2620	1.50261477714e-10
2621	1.47769494595e-10
2622	1.45277511475e-10
2623	1.42785528356e-10
2624	1.40293545236e-10
2625	1.37801562116e-10
2626	1.35309578997e-10
2627	1.32817595877e-10
2628	1.30325612758e-10
2629	1.27833629638e-10
2630	1.25341646519e-10
2631	1.22849663399e-10
2632	1.20357680279e-10
2633	1.1786569716e-10
2634	1.1537371404e-10
2635	1.12881730921e-10
2636	1.10389747801e-10
2637	1.07897764682e-10
2638	1.07657308305e-10
2639	1.09668562684e-10
2640	1.11679817063e-10
2641	1.13691071442e-10
2642	1.15702325821e-10
2643	1.177135802e-10
2644	1.19724834579e-10
2645	1.21736088958e-10
2646	1.23747343337e-10
2647	1.25758597716e-10
2648	1.27769852095e-10
2649	1.29781106474e-10
2650	1.31792360852e-10
2651	1.33803615231e-10
2652	1.3581486961e-10
2653	1.37826123989e-10
2654	1.39837378368e-10
2655	1.41848632747e-10
2656	1.43859887126e-10
2657	1.45871141505e-10
2658	1.47882395884e-10
2659	1.49893650263e-10
2660	1.51904904642e-10
2661	1.53916159021e-10
2662	1.559274134e-10
2663	1.56371952602e-10
2664	1.5524964737e-10
2665	1.54127342139e-10
2666	1.53005036907e-10
2667	1.51882731675e-10
2668	1.50760426444e-10
2669	1.49638121212e-10
2670	1.48515815981e-10
2671	1.47393510749e-10
2672	1.46271205517e-10
2673	1.45148900286e-10
2674	1.44026595054e-10
2675	1.42904289823e-10
2676	1.41781984591e-10
2677	1.40659679359e-10
2678	1.39537374128e-10
2679	1.38415068896e-10
2680	1.37292763664e-10
2681	1.36170458433e-10
2682	1.35048153201e-10
2683	1.3392584797e-10
2684	1.32803542738e-10
2685	1.31681237506e-10
2686	1.30558932275e-10
2687	1.29436627043e-10
2688	1.28299554287e-10
2689	1.27147712775e-10
2690	1.25995871264e-10
2691	1.24844029753e-10
2692	1.23692188242e-10
2693	1.22540346731e-10
2694	1.21388505219e-10
2695	1.20236663708e-10
2696	1.19084822197e-10
2697	1.17932980686e-10
2698	1.16781139175e-10
2699	1.15629297663e-10
2700	1.14477456152e-10
2701	1.13325614641e-10
2702	1.1217377313e-10
2703	1.11021931619e-10
2704	1.09870090107e-10
2705	1.08718248596e-10
2706	1.07566407085e-10
2707	1.06414565574e-10
2708	1.05262724063e-10
2709	1.04110882551e-10
2710	1.0295904104e-10
2711	1.01807199529e-10
2712	1.00655358018e-10
2713	9.94957285945e-11
2714	9.83283106048e-11
2715	9.71608926151e-11
2716	9.59934746253e-11
2717	9.48260566356e-11
2718	9.36586386458e-11
2719	9.24912206561e-11
2720	9.13238026664e-11
2721	9.01563846766e-11
2722	8.89889666869e-11
2723	8.78215486971e-11
2724	8.66541307074e-11
2725	8.54867127176e-11
2726	8.43192947279e-11
2727	8.31518767382e-11
2728	8.19844587484e-11
2729	8.08170407587e-11
2730	7.96496227689e-11
2731	7.84822047792e-11
2732	7.73147867895e-11
2733	7.61473687997e-11
2734	7.497995081e-11
2735	7.38125328202e-11
2736	7.26451148305e-11
2737	7.14776968408e-11
2738	7.13515201761e-11
2739	7.22666731612e-11
2740	7.31818261463e-11
2741	7.40969791314e-11
2742	7.50121321165e-11
2743	7.59272851015e-11
2744	7.68424380866e-11
2745	7.77575910717e-11
2746	7.86727440568e-11
2747	7.95878970419e-11
2748	8.0503050027e-11
2749	8.14182030121e-11
2750	8.23333559972e-11
2751	8.32485089823e-11
2752	8.41636619674e-11
2753	8.50788149525e-11
2754	8.59939679375e-11
2755	8.69091209226e-11
2756	8.78242739077e-11
2757	8.87394268928e-11
2758	8.96545798779e-11
2759	9.0569732863e-11
2760	9.14848858481e-11
2761	9.24000388332e-11
2762	9.33151918183e-11
2763	9.40995245581e-11
2764	9.47530258544e-11
2765	9.54065271506e-11
2766	9.60600284469e-11
2767	9.67135297432e-11
2768	9.73670310394e-11
2769	9.80205323357e-11
2770	9.86740336319e-11
2771	9.93275349282e-11
2772	9.99810362245e-11
2773	1.00634537521e-10
2774	1.01288038817e-10
2775	1.01941540113e-10
2776	1.0259504141e-10
2777	1.03248542706e-10
2778	1.03902044002e-10
2779	1.04555545298e-10
2780	1.05209046595e-10
2781	1.05862547891e-10
2782	1.06516049187e-10
2783	1.07169550483e-10
2784	1.0782305178e-10
2785	1.08476553076e-10
2786	1.09130054372e-10
2787	1.09783555668e-10
2788	1.09942649223e-10
2789	1.0960729233e-10
2790	1.09271935437e-10
2791	1.08936578545e-10
2792	1.08601221652e-10
2793	1.0826586476e-10
2794	1.07930507867e-10
2795	1.07595150975e-10
2796	1.07259794082e-10
2797	1.06924437189e-10
2798	1.06589080297e-10
2799	1.06253723404e-10
2800	1.05918366512e-10
2801	1.05583009619e-10
2802	1.05247652726e-10
2803	1.04912295834e-10
2804	1.04576938941e-10
2805	1.04241582049e-10
2806	1.03906225156e-10
2807	1.03570868263e-10
2808	1.03235511371e-10
2809	1.02900154478e-10
2810	1.02564797586e-10
2811	1.02229440693e-10
2812	1.01894083801e-10
2813	1.01773241357e-10
2814	1.01866932058e-10
2815	1.01960622759e-10
2816	1.02054313461e-10
2817	1.02148004162e-10
2818	1.02241694863e-10
2819	1.02335385564e-10
2820	1.02429076265e-10
2821	1.02522766966e-10
2822	1.02616457667e-10
2823	1.02710148368e-10
2824	1.02803839069e-10
2825	1.0289752977e-10
2826	1.02991220472e-10
2827	1.03084911173e-10
2828	1.03178601874e-10
2829	1.03272292575e-10
2830	1.03365983276e-10
2831	1.03459673977e-10
2832	1.03553364678e-10
2833	1.03647055379e-10
2834	1.0374074608e-10
2835	1.03834436781e-10
2836	1.03928127483e-10
2837	1.04021818184e-10
2838	1.02934234498e-10
2839	1.00665272561e-10
2840	9.83963106248e-11
2841	9.61273486883e-11
2842	9.38583867519e-11
2843	9.15894248154e-11
2844	8.93204628789e-11
2845	8.70515009424e-11
2846	8.4782539006e-11
2847	8.25135770695e-11
2848	8.0244615133e-11
2849	7.79756531965e-11
2850	7.57066912601e-11
2851	7.34377293236e-11
2852	7.11687673871e-11
2853	6.88998054506e-11
2854	6.66308435141e-11
2855	6.43618815777e-11
2856	6.20929196412e-11
2857	5.98239577047e-11
2858	5.75549957682e-11
2859	5.52860338318e-11
2860	5.30170718953e-11
2861	5.07481099588e-11
2862	4.84791480223e-11
2863	4.70168974821e-11
2864	4.63614298934e-11
2865	4.57059623046e-11
2866	4.50504947159e-11
2867	4.43950271271e-11
2868	4.37395595384e-11
2869	4.30840919496e-11
2870	4.24286243609e-11
2871	4.17731567721e-11
2872	4.11176891834e-11
2873	4.04622215946e-11
2874	3.98067540058e-11
2875	3.91512864171e-11
2876	3.84958188283e-11
2877	3.78403512396e-11
2878	3.71848836508e-11
2879	3.65294160621e-11
2880	3.58739484733e-11
2881	3.52184808846e-11
2882	3.45630132958e-11
2883	3.39075457071e-11
2884	3.32520781183e-11
2885	3.25966105296e-11
2886	3.19411429408e-11
2887	3.1285675352e-11
2888	3.13115339163e-11
2889	3.20187795949e-11
2890	3.27260252736e-11
2891	3.34332709522e-11
2892	3.41405166308e-11
2893	3.48477623094e-11
2894	3.55550079881e-11
2895	3.62622536667e-11
2896	3.69694993453e-11
2897	3.76767450239e-11
2898	3.83839907025e-11
2899	3.90912363812e-11
2900	3.97984820598e-11
2901	4.05057277384e-11
2902	4.1212973417e-11
2903	4.19202190957e-11
2904	4.26274647743e-11
2905	4.33347104529e-11
2906	4.40419561315e-11
2907	4.47492018102e-11
2908	4.54564474888e-11
2909	4.61636931674e-11
2910	4.6870938846e-11
2911	4.75781845246e-11
2912	4.82854302033e-11
2913	4.8365986937e-11
2914	4.78197981677e-11
2915	4.72736093983e-11
2916	4.67274206289e-11
2917	4.61812318596e-11
2918	4.56350430902e-11
2919	4.50888543209e-11
2920	4.45426655515e-11
2921	4.39964767822e-11
2922	4.34502880128e-11
2923	4.29040992435e-11
2924	4.23579104741e-11
2925	4.18117217048e-11
2926	4.12655329354e-11
2927	4.0719344166e-11
2928	4.01731553967e-11
2929	3.96269666273e-11
2930	3.9080777858e-11
2931	3.85345890886e-11
2932	3.79884003193e-11
2933	3.74422115499e-11
2934	3.68960227806e-11
2935	3.63498340112e-11
2936	3.58036452419e-11
2937	3.52574564725e-11
2938	3.4715519948e-11
2939	3.41778360553e-11
2940	3.36401521627e-11
2941	3.310246827e-11
2942	3.25647843773e-11
2943	3.20271004847e-11
2944	3.1489416592e-11
2945	3.09517326994e-11
2946	3.04140488067e-11
2947	2.98763649141e-11
2948	2.93386810214e-11
2949	2.88009971288e-11
2950	2.82633132361e-11
2951	2.77256293434e-11
2952	2.71879454508e-11
2953	2.66502615581e-11
2954	2.61125776655e-11
2955	2.55748937728e-11
2956	2.50372098802e-11
2957	2.44995259875e-11
2958	2.39618420949e-11
2959	2.34241582022e-11
2960	2.28864743095e-11
2961	2.23487904169e-11
2962	2.18111065242e-11
2963	2.12736761059e-11
2964	2.07364991851e-11
2965	2.01993222644e-11
2966	1.96621453436e-11
2967	1.91249684229e-11
2968	1.85877915021e-11
2969	1.80506145813e-11
2970	1.75134376606e-11
2971	1.69762607398e-11
2972	1.64390838191e-11
2973	1.59019068983e-11
2974	1.53647299775e-11
2975	1.48275530568e-11
2976	1.4290376136e-11
2977	1.37531992153e-11
2978	1.32160222945e-11
2979	1.26788453737e-11
2980	1.2141668453e-11
2981	1.16044915322e-11
2982	1.10673146115e-11
2983	1.05301376907e-11
2984	9.99296076995e-12
2985	9.4557838492e-12
2986	8.91860692844e-12
2987	8.38143000768e-12
2988	8.20313601489e-12
2989	8.38375817307e-12
2990	8.56438033125e-12
2991	8.74500248943e-12
2992	8.92562464761e-12
2993	9.10624680579e-12
2994	9.28686896397e-12
2995	9.46749112216e-12
2996	9.64811328034e-12
2997	9.82873543852e-12
2998	1.00093575967e-11
2999	1.01899797549e-11
3000	1.03706019131e-11
3001	1.05512240712e-11
3002	1.07318462294e-11
3003	1.09124683876e-11
3004	1.10930905458e-11
3005	1.1273712704e-11
3006	1.14543348621e-11
3007	1.16349570203e-11
3008	1.18155791785e-11
3009	1.19962013367e-11
3010	1.21768234949e-11
3011	1.23574456531e-11
3012	1.25380678112e-11
3013	1.25003008682e-11
3014	1.22441244378e-11
3015	1.19879480073e-11
3016	1.17317715769e-11
3017	1.14755951465e-11
3018	1.1219418716e-11
3019	1.09632422856e-11
3020	1.07070658551e-11
3021	1.04508894247e-11
3022	1.01947129943e-11
3023	9.93853656382e-12
3024	9.68236013338e-12
3025	9.42618370294e-12
3026	9.1700072725e-12
3027	8.91383084207e-12
3028	8.65765441163e-12
3029	8.40147798119e-12
3030	8.14530155075e-12
3031	7.88912512031e-12
3032	7.63294868987e-12
3033	7.37677225943e-12
3034	7.120595829e-12
3035	6.86441939856e-12
3036	6.60824296812e-12
3037	6.35206653768e-12
3038	6.28807394364e-12
3039	6.41628327487e-12
3040	6.54449260611e-12
3041	6.67270193734e-12
3042	6.80091126858e-12
3043	6.92912059981e-12
3044	7.05732993104e-12
3045	7.18553926228e-12
3046	7.31374859351e-12
3047	7.44195792475e-12
3048	7.57016725598e-12
3049	7.69837658721e-12
3050	7.82658591845e-12
3051	7.95479524968e-12
3052	8.08300458092e-12
3053	8.21121391215e-12
3054	8.33942324338e-12
3055	8.46763257462e-12
3056	8.59584190585e-12
3057	8.72405123709e-12
3058	8.85226056832e-12
3059	8.98046989956e-12
3060	9.10867923079e-12
3061	9.23688856202e-12
3062	9.36509789326e-12
3063	9.47379518374e-12
3064	9.56297858183e-12
3065	9.65216197991e-12
3066	9.741345378e-12
3067	9.83052877609e-12
3068	9.91971217418e-12
3069	1.00088955723e-11
3070	1.00980789704e-11
3071	1.01872623684e-11
3072	1.02764457665e-11
3073	1.03656291646e-11
3074	1.04548125627e-11
3075	1.05439959608e-11
3076	1.06331793589e-11
3077	1.0722362757e-11
3078	1.08115461551e-11
3079	1.09007295531e-11
3080	1.09899129512e-11
3081	1.10790963493e-11
3082	1.11682797474e-11
3083	1.12574631455e-11
3084	1.13466465436e-11
3085	1.14358299417e-11
3086	1.15250133397e-11
3087	1.16141967378e-11
3088	1.14657828856e-11
3089	1.10797490516e-11
3090	1.06937152177e-11
3091	1.03076813837e-11
3092	9.92164754972e-12
3093	9.53561371575e-12
3094	9.14957988177e-12
3095	8.7635460478e-12
3096	8.37751221382e-12
3097	7.99147837985e-12
3098	7.60544454587e-12
3099	7.2194107119e-12
3100	6.83337687793e-12
3101	6.44734304395e-12
3102	6.06130920998e-12
3103	5.675275376e-12
3104	5.28924154203e-12
3105	4.90320770805e-12
3106	4.51717387408e-12
3107	4.1311400401e-12
3108	3.74510620613e-12
3109	3.35907237215e-12
3110	2.97303853818e-12
3111	2.58700470421e-12
3112	2.20097087023e-12
3113	2.16506547324e-12
3114	2.47932228205e-12
3115	2.79357909085e-12
3116	3.10783589965e-12
3117	3.42209270846e-12
3118	3.73634951726e-12
3119	4.05060632606e-12
3120	4.36486313487e-12
3121	4.67911994367e-12
3122	4.99337675248e-12
3123	5.30763356128e-12
3124	5.62189037008e-12
3125	5.93614717889e-12
3126	6.25040398769e-12
3127	6.5646607965e-12
3128	6.8789176053e-12
3129	7.1931744141e-12
3130	7.50743122291e-12
3131	7.82168803171e-12
3132	8.13594484051e-12
3133	8.45020164932e-12
3134	8.76445845812e-12
3135	9.07871526693e-12
3136	9.39297207573e-12
3137	9.70722888453e-12
3138	9.67263411238e-12
3139	9.28915384336e-12
3140	8.90567357434e-12
3141	8.52219330532e-12
3142	8.13871303629e-12
3143	7.75523276727e-12
3144	7.37175249825e-12
3145	6.98827222923e-12
3146	6.6047919602e-12
3147	6.22131169118e-12
3148	5.83783142216e-12
3149	5.45435115314e-12
3150	5.07087088411e-12
3151	4.68739061509e-12
3152	4.30391034607e-12
3153	3.92043007704e-12
3154	3.53694980802e-12
3155	3.153469539e-12
3156	2.76998926998e-12
3157	2.38650900095e-12
3158	2.00302873193e-12
3159	1.61954846291e-12
3160	1.23606819389e-12
3161	8.52587924864e-13
3162	4.69107655841e-13
3163	3.45739515259e-13
3164	4.82508993154e-13
3165	6.19278471049e-13
3166	7.56047948944e-13
3167	8.92817426839e-13
3168	1.02958690473e-12
3169	1.16635638263e-12
3170	1.30312586052e-12
3171	1.43989533842e-12
3172	1.57666481631e-12
3173	1.71343429421e-12
3174	1.8502037721e-12
3175	1.98697325e-12
3176	2.12374272789e-12
3177	2.26051220579e-12
3178	2.39728168368e-12
3179	2.53405116158e-12
3180	2.67082063947e-12
3181	2.80759011737e-12
3182	2.94435959526e-12
3183	3.08112907316e-12
3184	3.21789855105e-12
3185	3.35466802895e-12
3186	3.49143750684e-12
3187	3.62820698474e-12
3188	3.68455640852e-12
3189	3.66047783503e-12
3190	3.63639926154e-12
3191	3.61232068804e-12
3192	3.58824211455e-12
3193	3.56416354105e-12
3194	3.54008496756e-12
3195	3.51600639406e-12
3196	3.49192782057e-12
3197	3.46784924708e-12
3198	3.44377067358e-12
3199	3.41969210009e-12
3200	3.39561352659e-12
3201	3.3715349531e-12
3202	3.3474563796e-12
3203	3.32337780611e-12
3204	3.29929923262e-12
3205	3.27522065912e-12
3206	3.25114208563e-12
3207	3.22706351213e-12
3208	3.20298493864e-12
3209	3.17890636514e-12
3210	3.15482779165e-12
3211	3.13074921815e-12
3212	3.10667064466e-12
3213	3.03869542558e-12
3214	2.92681919118e-12
3215	2.81494295678e-12
3216	2.70306672238e-12
3217	2.59119048798e-12
3218	2.47931425358e-12
3219	2.36743801918e-12
3220	2.25556178478e-12
3221	2.14368555038e-12
3222	2.03180931598e-12
3223	1.91993308158e-12
3224	1.80805684718e-12
3225	1.69618061279e-12
3226	1.58430437839e-12
3227	1.47242814399e-12
3228	1.36055190959e-12
3229	1.24867567519e-12
3230	1.13679944079e-12
3231	1.02492320639e-12
3232	9.13046971991e-13
3233	8.01170737592e-13
3234	6.89294503193e-13
3235	5.77418268793e-13
3236	4.65542034394e-13
3237	3.53665799995e-13
3238	3.02939026697e-13
3239	3.13367849043e-13
3240	3.23796671389e-13
3241	3.34225493734e-13
3242	3.4465431608e-13
3243	3.55083138426e-13
3244	3.65511960772e-13
3245	3.75940783118e-13
3246	3.86369605464e-13
3247	3.9679842781e-13
3248	4.07227250156e-13
3249	4.17656072502e-13
3250	4.28084894848e-13
3251	4.38513717194e-13
3252	4.48942539539e-13
3253	4.59371361885e-13
3254	4.69800184231e-13
3255	4.80229006577e-13
3256	4.90657828923e-13
3257	5.01086651269e-13
3258	5.11515473615e-13
3259	5.21944295961e-13
3260	5.32373118307e-13
3261	5.42801940653e-13
3262	5.53230762999e-13
3263	5.68725554612e-13
3264	5.89286827637e-13
3265	6.09848100662e-13
3266	6.30409373688e-13
3267	6.50970646713e-13
3268	6.71531919738e-13
3269	6.92093192763e-13
3270	7.12654465789e-13
3271	7.33215738814e-13
3272	7.53777011839e-13
3273	7.74338284865e-13
3274	7.9489955789e-13
3275	8.15460830915e-13
3276	8.36022103941e-13
3277	8.56583376966e-13
3278	8.77144649991e-13
3279	8.97705923017e-13
3280	9.18267196042e-13
3281	9.38828469067e-13
3282	9.59389742093e-13
3283	9.79951015118e-13
3284	1.00051228814e-12
3285	1.02107356117e-12
3286	1.04163483419e-12
3287	1.06219610722e-12
3288	1.04340215191e-12
3289	9.85248959146e-13
3290	9.27095766384e-13
3291	8.68942573622e-13
3292	8.10789380861e-13
3293	7.52636188099e-13
3294	6.94482995337e-13
3295	6.36329802575e-13
3296	5.78176609814e-13
3297	5.20023417052e-13
3298	4.6187022429e-13
3299	4.03717031528e-13
3300	3.45563838767e-13
3301	2.87410646005e-13
3302	2.29257453243e-13
3303	1.71104260481e-13
3304	1.1295106772e-13
3305	5.47978749578e-14
3306	-3.35531780393e-15
3307	-6.15085105657e-14
3308	-1.19661703327e-13
3309	-1.77814896089e-13
3310	-2.35968088851e-13
3311	-2.94121281613e-13
3312	-3.52274474374e-13
3313	-3.81352562957e-13
3314	-3.81352562957e-13
3315	-3.81352562957e-13
3316	-3.81352562957e-13
3317	-3.81352562957e-13
3318	-3.81352562957e-13
3319	-3.81352562957e-13
3320	-3.81352562957e-13
3321	-3.81352562957e-13
3322	-3.81352562957e-13
3323	-3.81352562957e-13
3324	-3.81352562957e-13
