50	-1.33482551256e-13
51	-1.36070088896e-13
52	-1.38657626537e-13
53	-1.41245164177e-13
54	-1.43832701818e-13
55	-1.46420239459e-13
56	-1.49007777099e-13
57	-1.5159531474e-13
58	-1.54182852381e-13
59	-1.56770390021e-13
60	-1.59357927662e-13
61	-1.61945465303e-13
62	-1.64533002943e-13
63	-1.68256671311e-13
64	-1.73116472607e-13
65	-1.77976273904e-13
66	-1.828360752e-13
67	-1.87695876496e-13
68	-1.92555677792e-13
69	-1.97415479088e-13
70	-2.02275280384e-13
71	-2.0713508168e-13
72	-2.11994882976e-13
73	-2.16854684272e-13
74	-2.21714485568e-13
75	-2.26574286864e-13
76	-2.3143408816e-13
77	-2.36293889456e-13
78	-2.41153690752e-13
79	-2.46013492048e-13
80	-2.50873293344e-13
81	-2.5573309464e-13
82	-2.60592895936e-13
83	-2.65452697232e-13
84	-2.70312498528e-13
85	-2.75172299825e-13
86	-2.80032101121e-13
87	-2.84891902417e-13
88	-2.90938286179e-13
89	-2.98171255625e-13
90	-3.05404225071e-13
91	-3.12637194517e-13
92	-3.19870163963e-13
93	-3.27103133408e-13
94	-3.34336102854e-13
95	-3.415690723e-13
96	-3.48802041746e-13
97	-3.56035011192e-13
98	-3.63267980638e-13
99	-3.70500950084e-13
100	-3.7773391953e-13
101	-3.84966888976e-13
102	-3.92199858422e-13
103	-3.99432827867e-13
104	-4.06665797313e-13
105	-4.13898766759e-13
106	-4.21131736205e-13
107	-4.28364705651e-13
108	-4.35597675097e-13
109	-4.42830644543e-13
110	-4.50063613989e-13
111	-4.57296583435e-13
112	-4.6452955288e-13
113	-4.76191744308e-13
114	-4.92283173157e-13
115	-5.08374602006e-13
116	-5.24466030855e-13
117	-5.40557459704e-13
118	-5.56648888553e-13
119	-5.72740317402e-13
120	-5.88831746251e-13
121	-6.049231751e-13
122	-6.21014603949e-13
123	-6.37106032798e-13
124	-6.53197461647e-13
125	-6.69288890496e-13
126	-6.85380319345e-13
127	-7.01471748194e-13
128	-7.17563177043e-13
129	-7.33654605892e-13
130	-7.49746034741e-13
131	-7.6583746359e-13
132	-7.81928892439e-13
133	-7.98020321288e-13
134	-8.14111750137e-13
135	-8.30203178986e-13
136	-8.46294607835e-13
137	-8.62386036684e-13
138	-8.90011632255e-13
139	-9.29171443688e-13
140	-9.68331255121e-13
141	-1.00749106655e-12
142	-1.04665087799e-12
143	-1.08581068942e-12
144	-1.12497050085e-12
145	-1.16413031229e-12
146	-1.20329012372e-12
147	-1.24244993515e-12
148	-1.28160974659e-12
149	-1.32076955802e-12
150	-1.35992936945e-12
151	-1.39908918089e-12
152	-1.43824899232e-12
153	-1.47740880375e-12
154	-1.51656861518e-12
155	-1.55572842662e-12
156	-1.59488823805e-12
157	-1.63404804948e-12
158	-1.67320786092e-12
159	-1.71236767235e-12
160	-1.75152748378e-12
161	-1.79068729522e-12
162	-1.82984710665e-12
163	-1.88940312585e-12
164	-1.96935545551e-12
165	-2.04930778518e-12
166	-2.12926011484e-12
167	-2.20921244451e-12
168	-2.28916477417e-12
169	-2.36911710383e-12
170	-2.4490694335e-12
171	-2.52902176316e-12
172	-2.60897409283e-12
173	-2.68892642249e-12
174	-2.76887875215e-12
175	-2.84883108182e-12
176	-2.92878341148e-12
177	-3.00873574115e-12
178	-3.08868807081e-12
179	-3.16864040048e-12
180	-3.24859273014e-12
181	-3.3285450598e-12
182	-3.40849738947e-12
183	-3.48844971913e-12
184	-3.5684020488e-12
185	-3.64835437846e-12
186	-3.72830670812e-12
187	-3.80825903779e-12
188	-3.93729982551e-12
189	-4.11542935647e-12
190	-4.29355888744e-12
191	-4.4716884184e-12
192	-4.64981794937e-12
193	-4.82794748033e-12
194	-5.0060770113e-12
195	-5.18420654227e-12
196	-5.36233607323e-12
197	-5.5404656042e-12
198	-5.71859513516e-12
199	-5.89672466613e-12
200	-6.07485419709e-12
201	-6.25298372806e-12
202	-6.43111325902e-12
203	-6.60924278999e-12
204	-6.78737232095e-12
205	-6.96550185192e-12
206	-7.14363138288e-12
207	-7.32176091385e-12
208	-7.49989044482e-12
209	-7.67801997578e-12
210	-7.85614950675e-12
211	-8.03427903771e-12
212	-8.21240856868e-12
213	-8.57277971644e-12
214	-9.11539368095e-12
215	-9.65800764546e-12
216	-1.020062161e-11
217	-1.07432355745e-11
218	-1.1285849539e-11
219	-1.18284635035e-11
220	-1.2371077468e-11
221	-1.29136914325e-11
222	-1.3456305397e-11
223	-1.39989193615e-11
224	-1.45415333261e-11
225	-1.50841472906e-11
226	-1.56267612551e-11
227	-1.61693752196e-11
228	-1.67119891841e-11
229	-1.72546031486e-11
230	-1.77972171131e-11
231	-1.83398310776e-11
232	-1.88824450421e-11
233	-1.94250590067e-11
234	-1.99676729712e-11
235	-2.05102869357e-11
236	-2.10529009002e-11
237	-2.15955148647e-11
238	-2.32426850698e-11
239	-2.5994419644e-11
240	-2.87461542182e-11
241	-3.14978887924e-11
242	-3.42496233665e-11
243	-3.70013579407e-11
244	-3.97530925149e-11
245	-4.25048270891e-11
246	-4.52565616633e-11
247	-4.80082962375e-11
248	-5.07600308117e-11
249	-5.35117653859e-11
250	-5.626349996e-11
251	-5.90152345342e-11
252	-6.17669691084e-11
253	-6.45187036826e-11
254	-6.72704382568e-11
255	-7.0022172831e-11
256	-7.27739074052e-11
257	-7.55256419793e-11
258	-7.82773765535e-11
259	-8.10291111277e-11
260	-8.37808457019e-11
261	-8.65325802761e-11
262	-8.92843148503e-11
263	-1.01354553661e-10
264	-1.22743372503e-10
265	-1.44132191346e-10
266	-1.65521010188e-10
267	-1.8690982903e-10
268	-2.08298647872e-10
269	-2.29687466714e-10
270	-2.51076285556e-10
271	-2.72465104398e-10
272	-2.9385392324e-10
273	-3.15242742082e-10
274	-3.36631560924e-10
275	-3.58020379766e-10
276	-3.79409198609e-10
277	-4.00798017451e-10
278	-4.22186836293e-10
279	-4.43575655135e-10
280	-4.64964473977e-10
281	-4.86353292819e-10
282	-5.07742111661e-10
283	-5.29130930503e-10
284	-5.50519749345e-10
285	-5.71908568187e-10
286	-5.93297387029e-10
287	-6.14686205872e-10
288	-7.20156320285e-10
289	-9.09708479296e-10
290	-1.09926063831e-09
291	-1.28881279732e-09
292	-1.47836495633e-09
293	-1.66791711534e-09
294	-1.85746927435e-09
295	-2.04702143336e-09
296	-2.23657359237e-09
297	-2.42612575139e-09
298	-2.6156779104e-09
299	-2.80523006941e-09
300	-2.99478222842e-09
301	-3.18433438743e-09
302	-3.37388654644e-09
303	-3.56343870545e-09
304	-3.75299086446e-09
305	-3.94254302348e-09
306	-4.13209518249e-09
307	-4.3216473415e-09
308	-4.51119950051e-09
309	-4.70075165952e-09
310	-4.89030381853e-09
311	-5.07985597754e-09
312	-5.26940813655e-09
313	-4.5744069515e-09
314	-2.99484385725e-09
315	-1.41528076299e-09
316	1.64282331264e-10
317	1.74384542552e-09
318	3.32340851977e-09
319	4.90297161403e-09
320	6.48253470828e-09
321	8.06209780254e-09
322	9.64166089679e-09
323	1.1221223991e-08
324	1.28007870853e-08
325	1.43803501796e-08
326	1.59599132738e-08
327	1.75394763681e-08
328	1.91190394623e-08
329	2.06986025566e-08
330	2.22781656508e-08
331	2.38577287451e-08
332	2.54372918393e-08
333	2.70168549336e-08
334	2.85964180278e-08
335	3.01759811221e-08
336	3.17555442164e-08
337	3.33351073106e-08
338	3.44583652671e-08
339	3.51253133141e-08
340	3.5792261361e-08
341	3.64592094079e-08
342	3.71261574549e-08
343	3.77931055018e-08
344	3.84600535487e-08
345	3.91270015957e-08
346	3.97939496426e-08
347	4.04608976895e-08
348	4.11278457365e-08
349	4.17947937834e-08
350	4.24617418303e-08
351	4.31286898773e-08
352	4.37956379242e-08
353	4.44625859711e-08
354	4.51295340181e-08
355	4.5796482065e-08
356	4.64634301119e-08
357	4.71303781589e-08
358	4.77973262058e-08
359	4.84642742528e-08
360	4.91312222997e-08
361	4.97981703466e-08
362	5.04651183936e-08
363	5.0936229093e-08
364	5.12115002453e-08
365	5.14867713977e-08
366	5.176204255e-08
367	5.20373137023e-08
368	5.23125848546e-08
369	5.25878560069e-08
370	5.28631271592e-08
371	5.31383983115e-08
372	5.34136694638e-08
373	5.36889406162e-08
374	5.39642117685e-08
375	5.42394829208e-08
376	5.45147540731e-08
377	5.47900252254e-08
378	5.50652963777e-08
379	5.534056753e-08
380	5.56158386824e-08
381	5.58911098347e-08
382	5.6166380987e-08
383	5.64416521393e-08
384	5.67169232916e-08
385	5.69921944439e-08
386	5.72674655962e-08
387	5.75427367485e-08
388	6.10771732985e-08
389	6.78708143787e-08
390	7.46644554589e-08
391	8.14580965391e-08
392	8.82517376193e-08
393	9.50453786995e-08
394	1.0183901978e-07
395	1.0863266086e-07
396	1.1542630194e-07
397	1.2221994302e-07
398	1.290135841e-07
399	1.35807225181e-07
400	1.42600866261e-07
401	1.49394507341e-07
402	1.56188148421e-07
403	1.62981789501e-07
404	1.69775430582e-07
405	1.76569071662e-07
406	1.83362712742e-07
407	1.90156353822e-07
408	1.96949994902e-07
409	2.03743635983e-07
410	2.10537277063e-07
411	2.17330918143e-07
412	2.24124559223e-07
413	2.27775635299e-07
414	2.28284106202e-07
415	2.28792577106e-07
416	2.2930104801e-07
417	2.29809518914e-07
418	2.30317989818e-07
419	2.30826460721e-07
420	2.31334931625e-07
421	2.31843402529e-07
422	2.32351873433e-07
423	2.32860344336e-07
424	2.3336881524e-07
425	2.33877286144e-07
426	2.34385757048e-07
427	2.34894227951e-07
428	2.35402698855e-07
429	2.35911169759e-07
430	2.36419640663e-07
431	2.36928111566e-07
432	2.3743658247e-07
433	2.37945053374e-07
434	2.38453524278e-07
435	2.38961995181e-07
436	2.39470466085e-07
437	2.39978936989e-07
438	2.39393115935e-07
439	2.37712988088e-07
440	2.36032860241e-07
441	2.34352732394e-07
442	2.32672604548e-07
443	2.30992476701e-07
444	2.29312348854e-07
445	2.27632221007e-07
446	2.25952093161e-07
447	2.24271965314e-07
448	2.22591837467e-07
449	2.2091170962e-07
450	2.19231581773e-07
451	2.17551453927e-07
452	2.1587132608e-07
453	2.14191198233e-07
454	2.12511070386e-07
455	2.1083094254e-07
456	2.09150814693e-07
457	2.07470686846e-07
458	2.05790558999e-07
459	2.04110431153e-07
460	2.02430303306e-07
461	2.00750175459e-07
462	1.99070047612e-07
463	2.07230247951e-07
464	2.25230917497e-07
465	2.43231587043e-07
466	2.61232256589e-07
467	2.79232926135e-07
468	2.9723359568e-07
469	3.15234265226e-07
470	3.33234934772e-07
471	3.51235604318e-07
472	3.69236273864e-07
473	3.87236943409e-07
474	4.05237612955e-07
475	4.23238282501e-07
476	4.41238952047e-07
477	4.59239621592e-07
478	4.77240291138e-07
479	4.95240960684e-07
480	5.1324163023e-07
481	5.31242299776e-07
482	5.49242969321e-07
483	5.67243638867e-07
484	5.85244308413e-07
485	6.03244977959e-07
486	6.21245647505e-07
487	6.3924631705e-07
488	6.49335058668e-07
489	6.51511752843e-07
490	6.53688447019e-07
491	6.55865141194e-07
492	6.58041835369e-07
493	6.60218529545e-07
494	6.6239522372e-07
495	6.64571917896e-07
496	6.66748612071e-07
497	6.68925306246e-07
498	6.71102000422e-07
499	6.73278694597e-07
500	6.75455388773e-07
501	6.77632082948e-07
502	6.79808777123e-07
503	6.81985471299e-07
504	6.84162165474e-07
505	6.86338859649e-07
506	6.88515553825e-07
507	6.90692248e-07
508	6.92868942176e-07
509	6.95045636351e-07
510	6.97222330526e-07
511	6.99399024702e-07
512	7.01575718877e-07
513	7.04888591268e-07
514	7.09337659916e-07
515	7.13786728564e-07
516	7.18235797212e-07
517	7.2268486586e-07
518	7.27133934509e-07
519	7.31583003157e-07
520	7.36032071805e-07
521	7.40481140453e-07
522	7.44930209102e-07
523	7.4937927775e-07
524	7.53828346398e-07
525	7.58277415046e-07
526	7.62726483694e-07
527	7.67175552343e-07
528	7.71624620991e-07
529	7.76073689639e-07
530	7.80522758287e-07
531	7.84971826935e-07
532	7.89420895584e-07
533	7.93869964232e-07
534	7.9831903288e-07
535	8.02768101528e-07
536	8.07217170177e-07
537	8.11666238825e-07
538	8.13247129632e-07
539	8.1195979483e-07
540	8.10672460028e-07
541	8.09385125225e-07
542	8.08097790423e-07
543	8.06810455621e-07
544	8.05523120818e-07
545	8.04235786016e-07
546	8.02948451214e-07
547	8.01661116411e-07
548	8.00373781609e-07
549	7.99086446807e-07
550	7.97799112004e-07
551	7.96511777202e-07
552	7.952244424e-07
553	7.93937107597e-07
554	7.92649772795e-07
555	7.91362437993e-07
556	7.9007510319e-07
557	7.88787768388e-07
558	7.87500433586e-07
559	7.86213098783e-07
560	7.84925763981e-07
561	7.83638429179e-07
562	7.82351094377e-07
563	7.80763293298e-07
564	7.78875020706e-07
565	7.76986748114e-07
566	7.75098475523e-07
567	7.73210202931e-07
568	7.71321930339e-07
569	7.69433657747e-07
570	7.67545385155e-07
571	7.65657112564e-07
572	7.63768839972e-07
573	7.6188056738e-07
574	7.59992294788e-07
575	7.58104022196e-07
576	7.56215749605e-07
577	7.54327477013e-07
578	7.52439204421e-07
579	7.50550931829e-07
580	7.48662659237e-07
581	7.46774386646e-07
582	7.44886114054e-07
583	7.42997841462e-07
584	7.4110956887e-07
585	7.39221296278e-07
586	7.37333023687e-07
587	7.35444751095e-07
588	7.34930730763e-07
589	7.35790987707e-07
590	7.36651244652e-07
591	7.37511501596e-07
592	7.38371758541e-07
593	7.39232015485e-07
594	7.4009227243e-07
595	7.40952529375e-07
596	7.41812786319e-07
597	7.42673043264e-07
598	7.43533300208e-07
599	7.44393557153e-07
600	7.45253814097e-07
601	7.46114071042e-07
602	7.46974327986e-07
603	7.47834584931e-07
604	7.48694841875e-07
605	7.4955509882e-07
606	7.50415355764e-07
607	7.51275612709e-07
608	7.52135869654e-07
609	7.52996126598e-07
610	7.53856383543e-07
611	7.54716640487e-07
612	7.55576897432e-07
613	7.51367007052e-07
614	7.42086873121e-07
615	7.32806739191e-07
616	7.23526605261e-07
617	7.14246471331e-07
618	7.04966337401e-07
619	6.95686203471e-07
620	6.86406069541e-07
621	6.77125935611e-07
622	6.67845801681e-07
623	6.58565667751e-07
624	6.49285533821e-07
625	6.40005399891e-07
626	6.30725265961e-07
627	6.21445132031e-07
628	6.12164998101e-07
629	6.02884864171e-07
630	5.93604730241e-07
631	5.84324596311e-07
632	5.7504446238e-07
633	5.6576432845e-07
634	5.5648419452e-07
635	5.4720406059e-07
636	5.3792392666e-07
637	5.2864379273e-07
638	4.99488713467e-07
639	4.50458296272e-07
640	4.01427879077e-07
641	3.52397461883e-07
642	3.03367044688e-07
643	2.54336627493e-07
644	2.05306210298e-07
645	1.56275793104e-07
646	1.07245375909e-07
647	5.82149587142e-08
648	9.18454151949e-09
649	-3.98458756753e-08
650	-8.887629287e-08
651	-1.37906710065e-07
652	-1.8693712726e-07
653	-2.35967544454e-07
654	-2.84997961649e-07
655	-3.34028378844e-07
656	-3.83058796038e-07
657	-4.32089213233e-07
658	-4.81119630428e-07
659	-5.30150047623e-07
660	-5.79180464817e-07
661	-6.28210882012e-07
662	-6.77241299207e-07
663	-7.88949780849e-07
664	-9.63337613597e-07
665	-1.13772544635e-06
666	-1.31211327909e-06
667	-1.48650111184e-06
668	-1.66088894459e-06
669	-1.83527677734e-06
670	-2.00966461009e-06
671	-2.18405244284e-06
672	-2.35844027559e-06
673	-2.53282810834e-06
674	-2.70721594109e-06
675	-2.88160377383e-06
676	-3.05599160658e-06
677	-3.23037943933e-06
678	-3.40476727208e-06
679	-3.57915510483e-06
680	-3.75354293758e-06
681	-3.92793077033e-06
682	-4.10231860308e-06
683	-4.27670643582e-06
684	-4.45109426857e-06
685	-4.62548210132e-06
686	-4.79986993407e-06
687	-4.97425776682e-06
688	-5.74716793299e-06
689	-7.11861318274e-06
690	-8.4900584325e-06
691	-9.86150368225e-06
692	-1.1232948932e-05
693	-1.26043941818e-05
694	-1.39758394315e-05
695	-1.53472846813e-05
696	-1.6718729931e-05
697	-1.80901751808e-05
698	-1.94616204305e-05
699	-2.08330656803e-05
700	-2.220451093e-05
701	-2.35759561798e-05
702	-2.49474014295e-05
703	-2.63188466793e-05
704	-2.7690291929e-05
705	-2.90617371788e-05
706	-3.04331824286e-05
707	-3.18046276783e-05
708	-3.31760729281e-05
709	-3.45475181778e-05
710	-3.59189634276e-05
711	-3.72904086773e-05
712	-3.86618539271e-05
713	-3.97908416399e-05
714	-4.06773664629e-05
715	-4.1563891286e-05
716	-4.2450416109e-05
717	-4.33369409321e-05
718	-4.42234657551e-05
719	-4.51099905782e-05
720	-4.59965154012e-05
721	-4.68830402242e-05
722	-4.77695650473e-05
723	-4.86560898703e-05
724	-4.95426146934e-05
725	-5.04291395164e-05
726	-5.13156643395e-05
727	-5.22021891625e-05
728	-5.30887139855e-05
729	-5.39752388086e-05
730	-5.48617636316e-05
731	-5.57482884547e-05
732	-5.66348132777e-05
733	-5.75213381008e-05
734	-5.84078629238e-05
735	-5.92943877468e-05
736	-6.01809125699e-05
737	-6.10674373929e-05
738	-6.13427611608e-05
739	-6.10068699062e-05
740	-6.06709786517e-05
741	-6.03350873971e-05
742	-5.99991961426e-05
743	-5.9663304888e-05
744	-5.93274136335e-05
745	-5.89915223789e-05
746	-5.86556311243e-05
747	-5.83197398698e-05
748	-5.79838486152e-05
749	-5.76479573607e-05
750	-5.73120661061e-05
751	-5.69761748516e-05
752	-5.6640283597e-05
753	-5.63043923425e-05
754	-5.59685010879e-05
755	-5.56326098334e-05
756	-5.52967185788e-05
757	-5.49608273243e-05
758	-5.46249360697e-05
759	-5.42890448152e-05
760	-5.39531535606e-05
761	-5.36172623061e-05
762	-5.32813710515e-05
763	-5.33357130112e-05
764	-5.37802974051e-05
765	-5.42248817989e-05
766	-5.46694661928e-05
767	-5.51140505867e-05
768	-5.55586349806e-05
769	-5.60032193744e-05
770	-5.64478037683e-05
771	-5.68923881622e-05
772	-5.73369725561e-05
773	-5.77815569499e-05
774	-5.82261413438e-05
775	-5.86707257377e-05
776	-5.91153101316e-05
777	-5.95598945254e-05
778	-6.00044789193e-05
779	-6.04490633132e-05
780	-6.0893647707e-05
781	-6.13382321009e-05
782	-6.17828164948e-05
783	-6.22274008887e-05
784	-6.26719852825e-05
785	-6.31165696764e-05
786	-6.35611540703e-05
787	-6.40057384642e-05
788	-6.36933581387e-05
789	-6.2623994623e-05
790	-6.15546311074e-05
791	-6.04852675917e-05
792	-5.9415904076e-05
793	-5.83465405603e-05
794	-5.72771770446e-05
795	-5.62078135289e-05
796	-5.51384500132e-05
797	-5.40690864976e-05
798	-5.29997229819e-05
799	-5.19303594662e-05
800	-5.08609959505e-05
801	-4.97916324348e-05
802	-4.87222689191e-05
803	-4.76529054034e-05
804	-4.65835418878e-05
805	-4.55141783721e-05
806	-4.44448148564e-05
807	-4.33754513407e-05
808	-4.2306087825e-05
809	-4.12367243093e-05
810	-4.01673607936e-05
811	-3.9097997278e-05
812	-3.80286337623e-05
813	-3.82108659747e-05
814	-3.96447254256e-05
815	-4.10785848764e-05
816	-4.25124443272e-05
817	-4.3946303778e-05
818	-4.53801632288e-05
819	-4.68140226796e-05
820	-4.82478821304e-05
821	-4.96817415813e-05
822	-5.11156010321e-05
823	-5.25494604829e-05
824	-5.39833199337e-05
825	-5.54171793845e-05
826	-5.68510388353e-05
827	-5.82848982862e-05
828	-5.9718757737e-05
829	-6.11526171878e-05
830	-6.25864766386e-05
831	-6.40203360894e-05
832	-6.54541955402e-05
833	-6.6888054991e-05
834	-6.83219144419e-05
835	-6.97557738927e-05
836	-7.11896333435e-05
837	-7.26234927943e-05
838	-7.32672957498e-05
839	-7.31210217076e-05
840	-7.29747476653e-05
841	-7.2828473623e-05
842	-7.26821995807e-05
843	-7.25359255385e-05
844	-7.23896514962e-05
845	-7.22433774539e-05
846	-7.20971034117e-05
847	-7.19508293694e-05
848	-7.18045553271e-05
849	-7.16582812849e-05
850	-7.15120072426e-05
851	-7.13657332003e-05
852	-7.1219459158e-05
853	-7.10731851158e-05
854	-7.09269110735e-05
855	-7.07806370312e-05
856	-7.0634362989e-05
857	-7.04880889467e-05
858	-7.03418149044e-05
859	-7.01955408622e-05
860	-7.00492668199e-05
861	-6.99029927776e-05
862	-6.97567187354e-05
863	-6.93007060615e-05
864	-6.85349464782e-05
865	-6.77691868949e-05
866	-6.70034273116e-05
867	-6.62376677283e-05
868	-6.5471908145e-05
869	-6.47061485617e-05
870	-6.39403889784e-05
871	-6.31746293951e-05
872	-6.24088698118e-05
873	-6.16431102285e-05
874	-6.08773506453e-05
875	-6.0111591062e-05
876	-5.93458314787e-05
877	-5.85800718954e-05
878	-5.78143123121e-05
879	-5.70485527288e-05
880	-5.62827931455e-05
881	-5.55170335622e-05
882	-5.47512739789e-05
883	-5.39855143956e-05
884	-5.32197548123e-05
885	-5.2453995229e-05
886	-5.16882356457e-05
887	-5.09224760624e-05
888	-5.06855645997e-05
889	-5.09775158008e-05
890	-5.12694670019e-05
891	-5.1561418203e-05
892	-5.18533694041e-05
893	-5.21453206052e-05
894	-5.24372718063e-05
895	-5.27292230074e-05
896	-5.30211742085e-05
897	-5.33131254096e-05
898	-5.36050766107e-05
899	-5.38970278118e-05
900	-5.41889790129e-05
901	-5.4480930214e-05
902	-5.47728814151e-05
903	-5.50648326162e-05
904	-5.53567838173e-05
905	-5.56487350184e-05
906	-5.59406862195e-05
907	-5.62326374206e-05
908	-5.65245886217e-05
909	-5.68165398228e-05
910	-5.71084910239e-05
911	-5.7400442225e-05
912	-5.76923934261e-05
913	-5.7742074338e-05
914	-5.75494781107e-05
915	-5.73568818834e-05
916	-5.71642856561e-05
917	-5.69716894287e-05
918	-5.67790932014e-05
919	-5.65864969741e-05
920	-5.63939007468e-05
921	-5.62013045195e-05
922	-5.60087082921e-05
923	-5.58161120648e-05
924	-5.56235158375e-05
925	-5.54309196102e-05
926	-5.52383233829e-05
927	-5.50457271556e-05
928	-5.48531309282e-05
929	-5.46605347009e-05
930	-5.44679384736e-05
931	-5.42753422463e-05
932	-5.4082746019e-05
933	-5.38901497916e-05
934	-5.36975535643e-05
935	-5.3504957337e-05
936	-5.33123611097e-05
937	-5.31197648824e-05
938	-5.28925123614e-05
939	-5.263060254e-05
940	-5.23686927186e-05
941	-5.21067828972e-05
942	-5.18448730758e-05
943	-5.15829632544e-05
944	-5.1321053433e-05
945	-5.10591436116e-05
946	-5.07972337902e-05
947	-5.05353239688e-05
948	-5.02734141474e-05
949	-5.0011504326e-05
950	-4.97495945046e-05
951	-4.94876846832e-05
952	-4.92257748618e-05
953	-4.89638650404e-05
954	-4.8701955219e-05
955	-4.84400453976e-05
956	-4.81781355762e-05
957	-4.79162257548e-05
958	-4.76543159334e-05
959	-4.7392406112e-05
960	-4.71304962906e-05
961	-4.68685864692e-05
962	-4.66066766478e-05
963	-4.62362057145e-05
964	-4.57571704317e-05
965	-4.52781351489e-05
966	-4.4799099866e-05
967	-4.43200645832e-05
968	-4.38410293003e-05
969	-4.33619940175e-05
970	-4.28829587347e-05
971	-4.24039234518e-05
972	-4.1924888169e-05
973	-4.14458528861e-05
974	-4.09668176033e-05
975	-4.04877823205e-05
976	-4.00087470376e-05
977	-3.95297117548e-05
978	-3.9050676472e-05
979	-3.85716411891e-05
980	-3.80926059063e-05
981	-3.76135706234e-05
982	-3.71345353406e-05
983	-3.66555000578e-05
984	-3.61764647749e-05
985	-3.56974294921e-05
986	-3.52183942092e-05
987	-3.47393589264e-05
988	-3.42332609699e-05
989	-3.37000995117e-05
990	-3.31669380535e-05
991	-3.26337765953e-05
992	-3.21006151371e-05
993	-3.15674536789e-05
994	-3.10342922206e-05
995	-3.05011307624e-05
996	-2.99679693042e-05
997	-2.9434807846e-05
998	-2.89016463878e-05
999	-2.83684849296e-05
1000	-2.78353234714e-05
1001	-2.73021620131e-05
1002	-2.67690005549e-05
1003	-2.62358390967e-05
1004	-2.57026776385e-05
1005	-2.51695161803e-05
1006	-2.46363547221e-05
1007	-2.41031932639e-05
1008	-2.35700318056e-05
1009	-2.30368703474e-05
1010	-2.25037088892e-05
1011	-2.1970547431e-05
1012	-2.14373859728e-05
1013	-2.07366139379e-05
1014	-1.98682260679e-05
1015	-1.89998381979e-05
1016	-1.8131450328e-05
1017	-1.7263062458e-05
1018	-1.6394674588e-05
1019	-1.5526286718e-05
1020	-1.4657898848e-05
1021	-1.3789510978e-05
1022	-1.2921123108e-05
1023	-1.2052735238e-05
1024	-1.1184347368e-05
1025	-1.0315959498e-05
1026	-9.44757162801e-06
1027	-8.57918375801e-06
1028	-7.71079588802e-06
1029	-6.84240801802e-06
1030	-5.97402014803e-06
1031	-5.10563227803e-06
1032	-4.23724440804e-06
1033	-3.36885653804e-06
1034	-2.50046866805e-06
1035	-1.63208079806e-06
1036	-7.63692928061e-07
1037	1.04694941934e-07
1038	2.41521843541e-06
1039	6.16792391406e-06
1040	9.9206293927e-06
1041	1.36733348713e-05
1042	1.742604035e-05
1043	2.11787458286e-05
1044	2.49314513073e-05
1045	2.86841567859e-05
1046	3.24368622646e-05
1047	3.61895677432e-05
1048	3.99422732219e-05
1049	4.36949787005e-05
1050	4.74476841792e-05
1051	5.12003896578e-05
1052	5.49530951365e-05
1053	5.87058006151e-05
1054	6.24585060937e-05
1055	6.62112115724e-05
1056	6.9963917051e-05
1057	7.37166225297e-05
1058	7.74693280083e-05
1059	8.1222033487e-05
1060	8.49747389656e-05
1061	8.87274444443e-05
1062	9.24801499229e-05
1063	0.000103816649812
1064	0.000122737193791
1065	0.00014165773777
1066	0.000160578281748
1067	0.000179498825727
1068	0.000198419369706
1069	0.000217339913684
1070	0.000236260457663
1071	0.000255181001641
1072	0.00027410154562
1073	0.000293022089599
1074	0.000311942633577
1075	0.000330863177556
1076	0.000349783721535
1077	0.000368704265513
1078	0.000387624809492
1079	0.00040654535347
1080	0.000425465897449
1081	0.000444386441428
1082	0.000463306985406
1083	0.000482227529385
1084	0.000501148073364
1085	0.000520068617342
1086	0.000538989161321
1087	0.0005579097053
1088	0.000615052557633
1089	0.000710419006309
1090	0.000805785454984
1091	0.00090115190366
1092	0.000996518352335
1093	0.00109188480101
1094	0.00118725124969
1095	0.00128261769836
1096	0.00137798414704
1097	0.00147335059571
1098	0.00156871704439
1099	0.00166408349306
1100	0.00175944994174
1101	0.00185481639042
1102	0.00195018283909
1103	0.00204554928777
1104	0.00214091573644
1105	0.00223628218512
1106	0.00233164863379
1107	0.00242701508247
1108	0.00252238153114
1109	0.00261774797982
1110	0.0027131144285
1111	0.00280848087717
1112	0.00290384732585
1113	0.00294026604157
1114	0.00291773499229
1115	0.00289520394301
1116	0.00287267289373
1117	0.00285014184445
1118	0.00282761079517
1119	0.00280507974589
1120	0.00278254869661
1121	0.00276001764733
1122	0.00273748659805
1123	0.00271495554877
1124	0.00269242449949
1125	0.00266989345021
1126	0.00264736240093
1127	0.00262483135165
1128	0.00260230030237
1129	0.00257976925309
1130	0.00255723820381
1131	0.00253470715453
1132	0.00251217610525
1133	0.00248964505597
1134	0.00246711400669
1135	0.00244458295741
1136	0.00242205190813
1137	0.00239952085885
1138	0.00239833374627
1139	0.0024184913227
1140	0.00243864889913
1141	0.00245880647556
1142	0.00247896405199
1143	0.00249912162841
1144	0.00251927920484
1145	0.00253943678127
1146	0.0025595943577
1147	0.00257975193412
1148	0.00259990951055
1149	0.00262006708698
1150	0.00264022466341
1151	0.00266038223984
1152	0.00268053981626
1153	0.00270069739269
1154	0.00272085496912
1155	0.00274101254555
1156	0.00276117012198
1157	0.0027813276984
1158	0.00280148527483
1159	0.00282164285126
1160	0.00284180042769
1161	0.00286195800412
1162	0.00288211558054
1163	0.00288324802967
1164	0.0028653546662
1165	0.00284746130272
1166	0.00282956793925
1167	0.00281167457578
1168	0.0027937812123
1169	0.00277588784883
1170	0.00275799448535
1171	0.00274010112188
1172	0.0027222077584
1173	0.00270431439493
1174	0.00268642103145
1175	0.00266852766798
1176	0.0026506343045
1177	0.00263274094103
1178	0.00261484757755
1179	0.00259695421408
1180	0.0025790608506
1181	0.00256116748713
1182	0.00254327412365
1183	0.00252538076018
1184	0.0025074873967
1185	0.00248959403323
1186	0.00247170066975
1187	0.00245380730628
1188	0.00245237002817
1189	0.00246738944095
1190	0.00248240885372
1191	0.0024974282665
1192	0.00251244767928
1193	0.00252746709205
1194	0.00254248650483
1195	0.00255750591761
1196	0.00257252533038
1197	0.00258754474316
1198	0.00260256415593
1199	0.00261758356871
1200	0.00263260298149
1201	0.00264762239426
1202	0.00266264180704
1203	0.00267766121982
1204	0.00269268063259
1205	0.00270770004537
1206	0.00272271945815
1207	0.00273773887092
1208	0.0027527582837
1209	0.00276777769647
1210	0.00278279710925
1211	0.00279781652203
1212	0.0028128359348
1213	0.00280196045989
1214	0.0027651891244
1215	0.0027284177889
1216	0.00269164645341
1217	0.00265487511792
1218	0.00261810378243
1219	0.00258133244694
1220	0.00254456111144
1221	0.00250778977595
1222	0.00247101844046
1223	0.00243424710497
1224	0.00239747576947
1225	0.00236070443398
1226	0.00232393309849
1227	0.002287161763
1228	0.0022503904275
1229	0.00221361909201
1230	0.00217684775652
1231	0.00214007642103
1232	0.00210330508554
1233	0.00206653375004
1234	0.00202976241455
1235	0.00199299107906
1236	0.00195621974357
1237	0.00191944840807
1238	0.00193728844708
1239	0.00200974195468
1240	0.00208219546228
1241	0.00215464896988
1242	0.00222710247748
1243	0.00229955598507
1244	0.00237200949267
1245	0.00244446300027
1246	0.00251691650787
1247	0.00258937001547
1248	0.00266182352307
1249	0.00273427703066
1250	0.00280673053826
1251	0.00287918404586
1252	0.00295163755346
1253	0.00302409106106
1254	0.00309654456866
1255	0.00316899807625
1256	0.00324145158385
1257	0.00331390509145
1258	0.00338635859905
1259	0.00345881210665
1260	0.00353126561424
1261	0.00360371912184
1262	0.00367617262944
1263	0.00367947716872
1264	0.00361363003458
1265	0.00354778290043
1266	0.00348193576629
1267	0.00341608863215
1268	0.003350241498
1269	0.00328439436386
1270	0.00321854722972
1271	0.00315270009557
1272	0.00308685296143
1273	0.00302100582729
1274	0.00295515869314
1275	0.002889311559
1276	0.00282346442486
1277	0.00275761729071
1278	0.00269177015657
1279	0.00262592302243
1280	0.00256007588828
1281	0.00249422875414
1282	0.00242838162
1283	0.00236253448585
1284	0.00229668735171
1285	0.00223084021757
1286	0.00216499308343
1287	0.00209914594928
1288	0.00208996064907
1289	0.00213743944329
1290	0.00218491823751
1291	0.00223239703173
1292	0.00227987582596
1293	0.00232735462018
1294	0.0023748334144
1295	0.00242231220862
1296	0.00246979100284
1297	0.00251726979706
1298	0.00256474859128
1299	0.00261222738551
1300	0.00265970617973
1301	0.00270718497395
1302	0.00275466376817
1303	0.00280214256239
1304	0.00284962135661
1305	0.00289710015083
1306	0.00294457894506
1307	0.00299205773928
1308	0.0030395365335
1309	0.00308701532772
1310	0.00313449412194
1311	0.00318197291616
1312	0.00322945171038
1313	0.00324181115365
1314	0.00321904981768
1315	0.00319628848172
1316	0.00317352714575
1317	0.00315076580978
1318	0.00312800447382
1319	0.00310524313785
1320	0.00308248180188
1321	0.00305972046592
1322	0.00303695912995
1323	0.00301419779398
1324	0.00299143645802
1325	0.00296867512205
1326	0.00294591378609
1327	0.00292315245012
1328	0.00290039111415
1329	0.00287762977819
1330	0.00285486844222
1331	0.00283210710625
1332	0.00280934577029
1333	0.00278658443432
1334	0.00276382309835
1335	0.00274106176239
1336	0.00271830042642
1337	0.00269553909045
1338	0.0026668753106
1339	0.00263230884223
1340	0.00259774237386
1341	0.00256317590549
1342	0.00252860943713
1343	0.00249404296876
1344	0.00245947650039
1345	0.00242491003202
1346	0.00239034356366
1347	0.00235577709529
1348	0.00232121062692
1349	0.00228664415855
1350	0.00225207769019
1351	0.00221751122182
1352	0.00218294475345
1353	0.00214837828508
1354	0.00211381181672
1355	0.00207924534835
1356	0.00204467887998
1357	0.00201011241161
1358	0.00197554594325
1359	0.00194097947488
1360	0.00190641300651
1361	0.00187184653814
1362	0.00183728006978
1363	0.00183942843589
1364	0.00187829318653
1365	0.00191715793718
1366	0.00195602268782
1367	0.00199488743846
1368	0.00203375218911
1369	0.00207261693975
1370	0.00211148169039
1371	0.00215034644104
1372	0.00218921119168
1373	0.00222807594232
1374	0.00226694069297
1375	0.00230580544361
1376	0.00234467019425
1377	0.0023835349449
1378	0.00242239969554
1379	0.00246126444618
1380	0.00250012919683
1381	0.00253899394747
1382	0.00257785869812
1383	0.00261672344876
1384	0.0026555881994
1385	0.00269445295005
1386	0.00273331770069
1387	0.00277218245133
1388	0.00277783945385
1389	0.00275028728055
1390	0.00272273510724
1391	0.00269518293393
1392	0.00266763076062
1393	0.00264007858731
1394	0.002612526414
1395	0.00258497424069
1396	0.00255742206738
1397	0.00252986989408
1398	0.00250231772077
1399	0.00247476554746
1400	0.00244721337415
1401	0.00241966120084
1402	0.00239210902753
1403	0.00236455685422
1404	0.00233700468092
1405	0.00230945250761
1406	0.0022819003343
1407	0.00225434816099
1408	0.00222679598768
1409	0.00219924381437
1410	0.00217169164106
1411	0.00214413946776
1412	0.00211658729445
1413	0.00210050822416
1414	0.00209590275905
1415	0.00209129729395
1416	0.00208669182884
1417	0.00208208636373
1418	0.00207748089862
1419	0.00207287543351
1420	0.00206826996841
1421	0.0020636645033
1422	0.00205905903819
1423	0.00205445357308
1424	0.00204984810797
1425	0.00204524264287
1426	0.00204063717776
1427	0.00203603171265
1428	0.00203142624754
1429	0.00202682078243
1430	0.00202221531733
1431	0.00201760985222
1432	0.00201300438711
1433	0.002008398922
1434	0.00200379345689
1435	0.00199918799179
1436	0.00199458252668
1437	0.00198997706157
1438	0.00199410335607
1439	0.00200696179911
1440	0.00201982024215
1441	0.00203267868519
1442	0.00204553712823
1443	0.00205839557127
1444	0.00207125401431
1445	0.00208411245735
1446	0.00209697090039
1447	0.00210982934343
1448	0.00212268778647
1449	0.00213554622951
1450	0.00214840467255
1451	0.00216126311559
1452	0.00217412155862
1453	0.00218698000166
1454	0.0021998384447
1455	0.00221269688774
1456	0.00222555533078
1457	0.00223841377382
1458	0.00225127221686
1459	0.0022641306599
1460	0.00227698910294
1461	0.00228984754598
1462	0.00230270598902
1463	0.00230044377538
1464	0.00228306021983
1465	0.00226567666427
1466	0.00224829310872
1467	0.00223090955316
1468	0.00221352599761
1469	0.00219614244206
1470	0.0021787588865
1471	0.00216137533095
1472	0.00214399177539
1473	0.00212660821984
1474	0.00210922466429
1475	0.00209184110873
1476	0.00207445755318
1477	0.00205707399762
1478	0.00203969044207
1479	0.00202230688652
1480	0.00200492333096
1481	0.00198753977541
1482	0.00197015621985
1483	0.0019527726643
1484	0.00193538910875
1485	0.00191800555319
1486	0.00190062199764
1487	0.00188323844208
1488	0.00184280990242
1489	0.00177933531645
1490	0.00171586073048
1491	0.00165238614451
1492	0.00158891155854
1493	0.00152543697257
1494	0.0014619623866
1495	0.00139848780063
1496	0.00133501321466
1497	0.00127153862869
1498	0.00120806404273
1499	0.00114458945676
1500	0.00108111487079
1501	0.00101764028482
1502	0.000954165698849
1503	0.00089069111288
1504	0.000827216526911
1505	0.000763741940942
1506	0.000700267354973
1507	0.000636792769003
1508	0.000573318183034
1509	0.000509843597065
1510	0.000446369011096
1511	0.000382894425127
1512	0.000319419839158
1513	0.000282873157023
1514	0.000273255640742
1515	0.000263638124461
1516	0.00025402060818
1517	0.000244403091899
1518	0.000234785575618
1519	0.000225168059337
1520	0.000215550543056
1521	0.000205933026775
1522	0.000196315510494
1523	0.000186697994213
1524	0.000177080477932
1525	0.000167462961651
1526	0.00015784544537
1527	0.000148227929089
1528	0.000138610412808
1529	0.000128992896527
1530	0.000119375380246
1531	0.000109757863965
1532	0.000100140347684
1533	9.05228314033e-05
1534	8.09053151223e-05
1535	7.12877988413e-05
1536	6.16702825603e-05
1537	5.20527662794e-05
1538	4.64256369675e-05
1539	4.4789084732e-05
1540	4.31525324965e-05
1541	4.1515980261e-05
1542	3.98794280254e-05
1543	3.82428757899e-05
1544	3.66063235544e-05
1545	3.49697713189e-05
1546	3.33332190834e-05
1547	3.16966668478e-05
1548	3.00601146123e-05
1549	2.84235623768e-05
1550	2.67870101413e-05
1551	2.51504579058e-05
1552	2.35139056703e-05
1553	2.18773534347e-05
1554	2.02408011992e-05
1555	1.86042489637e-05
1556	1.69676967282e-05
1557	1.53311444927e-05
1558	1.36945922571e-05
1559	1.20580400216e-05
1560	1.04214877861e-05
1561	8.78493555059e-06
1562	7.14838331508e-06
1563	6.01399699006e-06
1564	5.3818008884e-06
1565	4.74960478673e-06
1566	4.11740868507e-06
1567	3.48521258341e-06
1568	2.85301648174e-06
1569	2.22082038008e-06
1570	1.58862427842e-06
1571	9.56428176754e-07
1572	3.24232075091e-07
1573	-3.07964026573e-07
1574	-9.40160128236e-07
1575	-1.5723562299e-06
1576	-2.20455233156e-06
1577	-2.83674843323e-06
1578	-3.46894453489e-06
1579	-4.10114063655e-06
1580	-4.73333673822e-06
1581	-5.36553283988e-06
1582	-5.99772894154e-06
1583	-6.62992504321e-06
1584	-7.26212114487e-06
1585	-7.89431724653e-06
1586	-8.5265133482e-06
1587	-9.15870944986e-06
1588	-9.69639541545e-06
1589	-1.0139566596e-05
1590	-1.05827377765e-05
1591	-1.1025908957e-05
1592	-1.14690801375e-05
1593	-1.1912251318e-05
1594	-1.23554224985e-05
1595	-1.2798593679e-05
1596	-1.32417648595e-05
1597	-1.368493604e-05
1598	-1.41281072205e-05
1599	-1.4571278401e-05
1600	-1.50144495815e-05
1601	-1.54576207621e-05
1602	-1.59007919426e-05
1603	-1.63439631231e-05
1604	-1.67871343036e-05
1605	-1.72303054841e-05
1606	-1.76734766646e-05
1607	-1.81166478451e-05
1608	-1.85598190256e-05
1609	-1.90029902061e-05
1610	-1.94461613866e-05
1611	-1.98893325671e-05
1612	-2.03325037476e-05
1613	-2.09503119989e-05
1614	-2.17427660468e-05
1615	-2.25352200947e-05
1616	-2.33276741426e-05
1617	-2.41201281905e-05
1618	-2.49125822384e-05
1619	-2.57050362863e-05
1620	-2.64974903341e-05
1621	-2.7289944382e-05
1622	-2.80823984299e-05
1623	-2.88748524778e-05
1624	-2.96673065257e-05
1625	-3.04597605736e-05
1626	-3.12522146215e-05
1627	-3.20446686694e-05
1628	-3.28371227172e-05
1629	-3.36295767651e-05
1630	-3.4422030813e-05
1631	-3.52144848609e-05
1632	-3.60069389088e-05
1633	-3.67993929567e-05
1634	-3.75918470046e-05
1635	-3.83843010525e-05
1636	-3.91767551004e-05
1637	-3.99692091482e-05
1638	-4.01228370833e-05
1639	-3.96376064916e-05
1640	-3.91523758999e-05
1641	-3.86671453082e-05
1642	-3.81819147164e-05
1643	-3.76966841247e-05
1644	-3.7211453533e-05
1645	-3.67262229412e-05
1646	-3.62409923495e-05
1647	-3.57557617578e-05
1648	-3.52705311661e-05
1649	-3.47853005743e-05
1650	-3.43000699826e-05
1651	-3.38148393909e-05
1652	-3.33296087992e-05
1653	-3.28443782074e-05
1654	-3.23591476157e-05
1655	-3.1873917024e-05
1656	-3.13886864323e-05
1657	-3.09034558405e-05
1658	-3.04182252488e-05
1659	-2.99329946571e-05
1660	-2.94477640653e-05
1661	-2.89625334736e-05
1662	-2.84773028819e-05
1663	-2.831871094e-05
1664	-2.84867744746e-05
1665	-2.86548380093e-05
1666	-2.88229015439e-05
1667	-2.89909650785e-05
1668	-2.91590286132e-05
1669	-2.93270921478e-05
1670	-2.94951556824e-05
1671	-2.96632192171e-05
1672	-2.98312827517e-05
1673	-2.99993462863e-05
1674	-3.0167409821e-05
1675	-3.03354733556e-05
1676	-3.05035368902e-05
1677	-3.06716004249e-05
1678	-3.08396639595e-05
1679	-3.10077274941e-05
1680	-3.11757910288e-05
1681	-3.13438545634e-05
1682	-3.1511918098e-05
1683	-3.16799816327e-05
1684	-3.18480451673e-05
1685	-3.20161087019e-05
1686	-3.21841722366e-05
1687	-3.23522357712e-05
1688	-3.22273055643e-05
1689	-3.18093662954e-05
1690	-3.13914270265e-05
1691	-3.09734877577e-05
1692	-3.05555484888e-05
1693	-3.01376092199e-05
1694	-2.9719669951e-05
1695	-2.93017306821e-05
1696	-2.88837914133e-05
1697	-2.84658521444e-05
1698	-2.80479128755e-05
1699	-2.76299736066e-05
1700	-2.72120343378e-05
1701	-2.67940950689e-05
1702	-2.63761558e-05
1703	-2.59582165311e-05
1704	-2.55402772622e-05
1705	-2.51223379934e-05
1706	-2.47043987245e-05
1707	-2.42864594556e-05
1708	-2.38685201867e-05
1709	-2.34505809178e-05
1710	-2.3032641649e-05
1711	-2.26147023801e-05
1712	-2.21967631112e-05
1713	-2.22043167278e-05
1714	-2.26373858083e-05
1715	-2.30704548887e-05
1716	-2.35035239692e-05
1717	-2.39365930496e-05
1718	-2.43696621301e-05
1719	-2.48027312105e-05
1720	-2.5235800291e-05
1721	-2.56688693714e-05
1722	-2.61019384519e-05
1723	-2.65350075323e-05
1724	-2.69680766127e-05
1725	-2.74011456932e-05
1726	-2.78342147736e-05
1727	-2.82672838541e-05
1728	-2.87003529345e-05
1729	-2.9133422015e-05
1730	-2.95664910954e-05
1731	-2.99995601759e-05
1732	-3.04326292563e-05
1733	-3.08656983368e-05
1734	-3.12987674172e-05
1735	-3.17318364977e-05
1736	-3.21649055781e-05
1737	-3.25979746586e-05
1738	-3.28039775405e-05
1739	-3.27829019991e-05
1740	-3.27618264576e-05
1741	-3.27407509161e-05
1742	-3.27196753746e-05
1743	-3.26985998332e-05
1744	-3.26775242917e-05
1745	-3.26564487502e-05
1746	-3.26353732088e-05
1747	-3.26142976673e-05
1748	-3.25932221258e-05
1749	-3.25721465843e-05
1750	-3.25510710429e-05
1751	-3.25299955014e-05
1752	-3.25089199599e-05
1753	-3.24878444185e-05
1754	-3.2466768877e-05
1755	-3.24456933355e-05
1756	-3.2424617794e-05
1757	-3.24035422526e-05
1758	-3.23824667111e-05
1759	-3.23613911696e-05
1760	-3.23403156282e-05
1761	-3.23192400867e-05
1762	-3.22981645452e-05
1763	-3.2202043749e-05
1764	-3.20308735995e-05
1765	-3.185970345e-05
1766	-3.16885333005e-05
1767	-3.1517363151e-05
1768	-3.13461930015e-05
1769	-3.11750228519e-05
1770	-3.10038527024e-05
1771	-3.08326825529e-05
1772	-3.06615124034e-05
1773	-3.04903422539e-05
1774	-3.03191721044e-05
1775	-3.01480019549e-05
1776	-2.99768318054e-05
1777	-2.98056616559e-05
1778	-2.96344915064e-05
1779	-2.94633213569e-05
1780	-2.92921512074e-05
1781	-2.91209810579e-05
1782	-2.89498109084e-05
1783	-2.87786407589e-05
1784	-2.86074706094e-05
1785	-2.84363004599e-05
1786	-2.82651303104e-05
1787	-2.80939601609e-05
1788	-2.7949195381e-05
1789	-2.78308374333e-05
1790	-2.77124794856e-05
1791	-2.75941215379e-05
1792	-2.74757635902e-05
1793	-2.73574056424e-05
1794	-2.72390476947e-05
1795	-2.7120689747e-05
1796	-2.70023317993e-05
1797	-2.68839738516e-05
1798	-2.67656159039e-05
1799	-2.66472579562e-05
1800	-2.65289000084e-05
1801	-2.64105420607e-05
1802	-2.6292184113e-05
1803	-2.61738261653e-05
1804	-2.60554682176e-05
1805	-2.59371102699e-05
1806	-2.58187523222e-05
1807	-2.57003943745e-05
1808	-2.55820364267e-05
1809	-2.5463678479e-05
1810	-2.53453205313e-05
1811	-2.52269625836e-05
1812	-2.51086046359e-05
1813	-2.50206642387e-05
1814	-2.49631431004e-05
1815	-2.49056219621e-05
1816	-2.48481008238e-05
1817	-2.47905796855e-05
1818	-2.47330585472e-05
1819	-2.46755374089e-05
1820	-2.46180162706e-05
1821	-2.45604951323e-05
1822	-2.45029739941e-05
1823	-2.44454528558e-05
1824	-2.43879317175e-05
1825	-2.43304105792e-05
1826	-2.42728894409e-05
1827	-2.42153683026e-05
1828	-2.41578471643e-05
1829	-2.4100326026e-05
1830	-2.40428048877e-05
1831	-2.39852837494e-05
1832	-2.39277626111e-05
1833	-2.38702414728e-05
1834	-2.38127203345e-05
1835	-2.37551991962e-05
1836	-2.36976780579e-05
1837	-2.36401569196e-05
1838	-2.36725686716e-05
1839	-2.37949184345e-05
1840	-2.39172681973e-05
1841	-2.40396179602e-05
1842	-2.4161967723e-05
1843	-2.42843174859e-05
1844	-2.44066672487e-05
1845	-2.45290170116e-05
1846	-2.46513667744e-05
1847	-2.47737165373e-05
1848	-2.48960663001e-05
1849	-2.5018416063e-05
1850	-2.51407658258e-05
1851	-2.52631155887e-05
1852	-2.53854653515e-05
1853	-2.55078151144e-05
1854	-2.56301648772e-05
1855	-2.57525146401e-05
1856	-2.58748644029e-05
1857	-2.59972141658e-05
1858	-2.61195639286e-05
1859	-2.62419136915e-05
1860	-2.63642634543e-05
1861	-2.64866132172e-05
1862	-2.660896298e-05
1863	-2.65319651033e-05
1864	-2.62556080821e-05
1865	-2.59792510609e-05
1866	-2.57028940397e-05
1867	-2.54265370185e-05
1868	-2.51501799973e-05
1869	-2.48738229761e-05
1870	-2.45974659549e-05
1871	-2.43211089337e-05
1872	-2.40447519125e-05
1873	-2.37683948914e-05
1874	-2.34920378702e-05
1875	-2.3215680849e-05
1876	-2.29393238278e-05
1877	-2.26629668066e-05
1878	-2.23866097854e-05
1879	-2.21102527642e-05
1880	-2.1833895743e-05
1881	-2.15575387218e-05
1882	-2.12811817006e-05
1883	-2.10048246794e-05
1884	-2.07284676583e-05
1885	-2.04521106371e-05
1886	-2.01757536159e-05
1887	-1.98993965947e-05
1888	-1.94212814378e-05
1889	-1.8741396345e-05
1890	-1.80615112521e-05
1891	-1.73816261593e-05
1892	-1.67017410665e-05
1893	-1.60218559737e-05
1894	-1.53419708809e-05
1895	-1.46620857881e-05
1896	-1.39822006953e-05
1897	-1.33023156024e-05
1898	-1.26224305096e-05
1899	-1.19425454168e-05
1900	-1.1262660324e-05
1901	-1.05827752312e-05
1902	-9.90289013836e-06
1903	-9.22300504554e-06
1904	-8.54311995273e-06
1905	-7.86323485991e-06
1906	-7.18334976709e-06
1907	-6.50346467428e-06
1908	-5.82357958146e-06
1909	-5.14369448865e-06
1910	-4.46380939583e-06
1911	-3.78392430302e-06
1912	-3.1040392102e-06
1913	-2.72334996603e-06
1914	-2.6418743013e-06
1915	-2.56039863657e-06
1916	-2.47892297184e-06
1917	-2.39744730711e-06
1918	-2.31597164238e-06
1919	-2.23449597764e-06
1920	-2.15302031291e-06
1921	-2.07154464818e-06
1922	-1.99006898345e-06
1923	-1.90859331872e-06
1924	-1.82711765399e-06
1925	-1.74564198925e-06
1926	-1.66416632452e-06
1927	-1.58269065979e-06
1928	-1.50121499506e-06
1929	-1.41973933033e-06
1930	-1.3382636656e-06
1931	-1.25678800086e-06
1932	-1.17531233613e-06
1933	-1.0938366714e-06
1934	-1.01236100667e-06
1935	-9.30885341937e-07
1936	-8.49409677205e-07
1937	-7.67934012474e-07
1938	-7.13138250207e-07
1939	-6.85023992164e-07
1940	-6.56909734121e-07
1941	-6.28795476079e-07
1942	-6.00681218036e-07
1943	-5.72566959993e-07
1944	-5.4445270195e-07
1945	-5.16338443908e-07
1946	-4.88224185865e-07
1947	-4.60109927822e-07
1948	-4.31995669779e-07
1949	-4.03881411737e-07
1950	-3.75767153694e-07
1951	-3.47652895651e-07
1952	-3.19538637608e-07
1953	-2.91424379566e-07
1954	-2.63310121523e-07
1955	-2.3519586348e-07
1956	-2.07081605437e-07
1957	-1.78967347394e-07
1958	-1.50853089352e-07
1959	-1.22738831309e-07
1960	-9.46245732661e-08
1961	-6.65103152234e-08
1962	-3.83960571806e-08
1963	-2.23774039474e-08
1964	-1.84550910676e-08
1965	-1.45327781877e-08
1966	-1.06104653079e-08
1967	-6.68815242803e-09
1968	-2.76583954818e-09
1969	1.15647333166e-09
1970	5.07878621151e-09
1971	9.00109909136e-09
1972	1.29234119712e-08
1973	1.68457248511e-08
1974	2.07680377309e-08
1975	2.46903506108e-08
1976	2.86126634906e-08
1977	3.25349763705e-08
1978	3.64572892503e-08
1979	4.03796021302e-08
1980	4.430191501e-08
1981	4.82242278898e-08
1982	5.21465407697e-08
1983	5.60688536495e-08
1984	5.99911665294e-08
1985	6.39134794092e-08
1986	6.78357922891e-08
1987	7.17581051689e-08
1988	7.58459370073e-08
1989	8.00992979977e-08
1990	8.43526589881e-08
1991	8.86060199786e-08
1992	9.2859380969e-08
1993	9.71127419594e-08
1994	1.0136610295e-07
1995	1.0561946394e-07
1996	1.09872824931e-07
1997	1.14126185921e-07
1998	1.18379546912e-07
1999	1.22632907902e-07
2000	1.26886268892e-07
2001	1.31139629883e-07
2002	1.35392990873e-07
2003	1.39646351864e-07
2004	1.43899712854e-07
2005	1.48153073845e-07
2006	1.52406434835e-07
2007	1.56659795825e-07
2008	1.60913156816e-07
2009	1.65166517806e-07
2010	1.69419878797e-07
2011	1.73673239787e-07
2012	1.77926600777e-07
2013	1.80260247899e-07
2014	1.80674061438e-07
2015	1.81087874976e-07
2016	1.81501688515e-07
2017	1.81915502054e-07
2018	1.82329315592e-07
2019	1.82743129131e-07
2020	1.8315694267e-07
2021	1.83570756209e-07
2022	1.83984569747e-07
2023	1.84398383286e-07
2024	1.84812196825e-07
2025	1.85226010363e-07
2026	1.85639823902e-07
2027	1.86053637441e-07
2028	1.86467450979e-07
2029	1.86881264518e-07
2030	1.87295078057e-07
2031	1.87708891595e-07
2032	1.88122705134e-07
2033	1.88536518673e-07
2034	1.88950332212e-07
2035	1.8936414575e-07
2036	1.89777959289e-07
2037	1.90191772828e-07
2038	1.92406833885e-07
2039	1.96423256181e-07
2040	2.00439678478e-07
2041	2.04456100775e-07
2042	2.08472523071e-07
2043	2.12488945368e-07
2044	2.16505367665e-07
2045	2.20521789961e-07
2046	2.24538212258e-07
2047	2.28554634554e-07
2048	2.32571056851e-07
2049	2.36587479148e-07
2050	2.40603901444e-07
2051	2.44620323741e-07
2052	2.48636746038e-07
2053	2.52653168334e-07
2054	2.56669590631e-07
2055	2.60686012928e-07
2056	2.64702435224e-07
2057	2.68718857521e-07
2058	2.72735279818e-07
2059	2.76751702114e-07
2060	2.80768124411e-07
2061	2.84784546708e-07
2062	2.88800969004e-07
2063	2.88732219899e-07
2064	2.8457803831e-07
2065	2.80423856721e-07
2066	2.76269675132e-07
2067	2.72115493543e-07
2068	2.67961311954e-07
2069	2.63807130365e-07
2070	2.59652948776e-07
2071	2.55498767187e-07
2072	2.51344585597e-07
2073	2.47190404008e-07
2074	2.43036222419e-07
2075	2.3888204083e-07
2076	2.34727859241e-07
2077	2.30573677652e-07
2078	2.26419496063e-07
2079	2.22265314474e-07
2080	2.18111132885e-07
2081	2.13956951296e-07
2082	2.09802769707e-07
2083	2.05648588118e-07
2084	2.01494406529e-07
2085	1.9734022494e-07
2086	1.93186043351e-07
2087	1.89031861762e-07
2088	1.87261916695e-07
2089	1.87876362373e-07
2090	1.88490808051e-07
2091	1.8910525373e-07
2092	1.89719699408e-07
2093	1.90334145086e-07
2094	1.90948590764e-07
2095	1.91563036442e-07
2096	1.92177482121e-07
2097	1.92791927799e-07
2098	1.93406373477e-07
2099	1.94020819155e-07
2100	1.94635264833e-07
2101	1.95249710512e-07
2102	1.9586415619e-07
2103	1.96478601868e-07
2104	1.97093047546e-07
2105	1.97707493224e-07
2106	1.98321938902e-07
2107	1.98936384581e-07
2108	1.99550830259e-07
2109	2.00165275937e-07
2110	2.00779721615e-07
2111	2.01394167293e-07
2112	2.02008612972e-07
2113	2.06013943378e-07
2114	2.13410380477e-07
2115	2.20806817576e-07
2116	2.28203254674e-07
2117	2.35599691773e-07
2118	2.42996128872e-07
2119	2.50392565971e-07
2120	2.57789003069e-07
2121	2.65185440168e-07
2122	2.72581877267e-07
2123	2.79978314366e-07
2124	2.87374751464e-07
2125	2.94771188563e-07
2126	3.02167625662e-07
2127	3.09564062761e-07
2128	3.16960499859e-07
2129	3.24356936958e-07
2130	3.31753374057e-07
2131	3.39149811155e-07
2132	3.46546248254e-07
2133	3.53942685353e-07
2134	3.61339122452e-07
2135	3.6873555955e-07
2136	3.76131996649e-07
2137	3.83528433748e-07
2138	3.84443030545e-07
2139	3.78875357725e-07
2140	3.73307684905e-07
2141	3.67740012085e-07
2142	3.62172339265e-07
2143	3.56604666445e-07
2144	3.51036993625e-07
2145	3.45469320805e-07
2146	3.39901647985e-07
2147	3.34333975165e-07
2148	3.28766302345e-07
2149	3.23198629525e-07
2150	3.17630956705e-07
2151	3.12063283885e-07
2152	3.06495611065e-07
2153	3.00927938245e-07
2154	2.95360265425e-07
2155	2.89792592605e-07
2156	2.84224919785e-07
2157	2.78657246965e-07
2158	2.73089574145e-07
2159	2.67521901325e-07
2160	2.61954228505e-07
2161	2.56386555685e-07
2162	2.50818882865e-07
2163	2.51383612089e-07
2164	2.58081154278e-07
2165	2.64778696467e-07
2166	2.71476238656e-07
2167	2.78173780846e-07
2168	2.84871323035e-07
2169	2.91568865224e-07
2170	2.98266407413e-07
2171	3.04963949602e-07
2172	3.11661491791e-07
2173	3.1835903398e-07
2174	3.2505657617e-07
2175	3.31754118359e-07
2176	3.38451660548e-07
2177	3.45149202737e-07
2178	3.51846744926e-07
2179	3.58544287115e-07
2180	3.65241829305e-07
2181	3.71939371494e-07
2182	3.78636913683e-07
2183	3.85334455872e-07
2184	3.92031998061e-07
2185	3.9872954025e-07
2186	4.0542708244e-07
2187	4.12124624629e-07
2188	4.14604707927e-07
2189	4.12867046462e-07
2190	4.11129384997e-07
2191	4.09391723532e-07
2192	4.07654062067e-07
2193	4.05916400603e-07
2194	4.04178739138e-07
2195	4.02441077673e-07
2196	4.00703416208e-07
2197	3.98965754743e-07
2198	3.97228093278e-07
2199	3.95490431813e-07
2200	3.93752770349e-07
2201	3.92015108884e-07
2202	3.90277447419e-07
2203	3.88539785954e-07
2204	3.86802124489e-07
2205	3.85064463024e-07
2206	3.83326801559e-07
2207	3.81589140095e-07
2208	3.7985147863e-07
2209	3.78113817165e-07
2210	3.763761557e-07
2211	3.74638494235e-07
2212	3.7290083277e-07
2213	3.72398626913e-07
2214	3.73131961364e-07
2215	3.73865295815e-07
2216	3.74598630265e-07
2217	3.75331964716e-07
2218	3.76065299166e-07
2219	3.76798633617e-07
2220	3.77531968068e-07
2221	3.78265302518e-07
2222	3.78998636969e-07
2223	3.7973197142e-07
2224	3.8046530587e-07
2225	3.81198640321e-07
2226	3.81931974771e-07
2227	3.82665309222e-07
2228	3.83398643673e-07
2229	3.84131978123e-07
2230	3.84865312574e-07
2231	3.85598647025e-07
2232	3.86331981475e-07
2233	3.87065315926e-07
2234	3.87798650377e-07
2235	3.88531984827e-07
2236	3.89265319278e-07
2237	3.89998653728e-07
2238	3.8875704198e-07
2239	3.85540347104e-07
2240	3.82323652227e-07
2241	3.79106957351e-07
2242	3.75890262475e-07
2243	3.72673567599e-07
2244	3.69456872723e-07
2245	3.66240177847e-07
2246	3.63023482971e-07
2247	3.59806788095e-07
2248	3.56590093219e-07
2249	3.53373398343e-07
2250	3.50156703467e-07
2251	3.4694000859e-07
2252	3.43723313714e-07
2253	3.40506618838e-07
2254	3.37289923962e-07
2255	3.34073229086e-07
2256	3.3085653421e-07
2257	3.27639839334e-07
2258	3.24423144458e-07
2259	3.21206449582e-07
2260	3.17989754706e-07
2261	3.1477305983e-07
2262	3.11556364953e-07
2263	3.09114803581e-07
2264	3.07448430055e-07
2265	3.05782056529e-07
2266	3.04115683003e-07
2267	3.02449309477e-07
2268	3.00782935951e-07
2269	2.99116562425e-07
2270	2.97450188898e-07
2271	2.95783815372e-07
2272	2.94117441846e-07
2273	2.9245106832e-07
2274	2.90784694794e-07
2275	2.89118321268e-07
2276	2.87451947742e-07
2277	2.85785574216e-07
2278	2.8411920069e-07
2279	2.82452827164e-07
2280	2.80786453637e-07
2281	2.79120080111e-07
2282	2.77453706585e-07
2283	2.75787333059e-07
2284	2.74120959533e-07
2285	2.72454586007e-07
2286	2.70788212481e-07
2287	2.69121838955e-07
2288	2.6395001267e-07
2289	2.55272485153e-07
2290	2.46594957637e-07
2291	2.3791743012e-07
2292	2.29239902604e-07
2293	2.20562375087e-07
2294	2.11884847571e-07
2295	2.03207320054e-07
2296	1.94529792538e-07
2297	1.85852265021e-07
2298	1.77174737505e-07
2299	1.68497209988e-07
2300	1.59819682472e-07
2301	1.51142154955e-07
2302	1.42464627439e-07
2303	1.33787099922e-07
2304	1.25109572406e-07
2305	1.16432044889e-07
2306	1.07754517373e-07
2307	9.9076989856e-08
2308	9.03994623395e-08
2309	8.1721934823e-08
2310	7.30444073065e-08
2311	6.43668797899e-08
2312	5.56893522734e-08
2313	5.05872893095e-08
2314	4.90609471034e-08
2315	4.75346048973e-08
2316	4.60082626911e-08
2317	4.4481920485e-08
2318	4.29555782789e-08
2319	4.14292360727e-08
2320	3.99028938666e-08
2321	3.83765516605e-08
2322	3.68502094544e-08
2323	3.53238672482e-08
2324	3.37975250421e-08
2325	3.2271182836e-08
2326	3.07448406298e-08
2327	2.92184984237e-08
2328	2.76921562176e-08
2329	2.61658140114e-08
2330	2.46394718053e-08
2331	2.31131295992e-08
2332	2.1586787393e-08
2333	2.00604451869e-08
2334	1.85341029808e-08
2335	1.70077607747e-08
2336	1.54814185685e-08
2337	1.39550763624e-08
2338	1.30626288677e-08
2339	1.28041219982e-08
2340	1.25456151287e-08
2341	1.22871082591e-08
2342	1.20286013896e-08
2343	1.17700945201e-08
2344	1.15115876506e-08
2345	1.1253080781e-08
2346	1.09945739115e-08
2347	1.0736067042e-08
2348	1.04775601725e-08
2349	1.0219053303e-08
2350	9.96054643344e-09
2351	9.70203956391e-09
2352	9.44353269439e-09
2353	9.18502582487e-09
2354	8.92651895535e-09
2355	8.66801208582e-09
2356	8.4095052163e-09
2357	8.15099834678e-09
2358	7.89249147726e-09
2359	7.63398460773e-09
2360	7.37547773821e-09
2361	7.11697086869e-09
2362	6.85846399917e-09
2363	6.67609411512e-09
2364	6.56986679021e-09
2365	6.46363946531e-09
2366	6.3574121404e-09
2367	6.2511848155e-09
2368	6.14495749059e-09
2369	6.03873016569e-09
2370	5.93250284078e-09
2371	5.82627551588e-09
2372	5.72004819097e-09
2373	5.61382086607e-09
2374	5.50759354116e-09
2375	5.40136621626e-09
2376	5.29513889135e-09
2377	5.18891156645e-09
2378	5.08268424154e-09
2379	4.97645691664e-09
2380	4.87022959173e-09
2381	4.76400226683e-09
2382	4.65777494192e-09
2383	4.55154761702e-09
2384	4.44532029211e-09
2385	4.33909296721e-09
2386	4.2328656423e-09
2387	4.1266383174e-09
2388	4.05033553741e-09
2389	4.00395951616e-09
2390	3.95758349492e-09
2391	3.91120747367e-09
2392	3.86483145243e-09
2393	3.81845543119e-09
2394	3.77207940994e-09
2395	3.7257033887e-09
2396	3.67932736745e-09
2397	3.63295134621e-09
2398	3.58657532497e-09
2399	3.54019930372e-09
2400	3.49382328248e-09
2401	3.44744726123e-09
2402	3.40107123999e-09
2403	3.35469521875e-09
2404	3.3083191975e-09
2405	3.26194317626e-09
2406	3.21556715501e-09
2407	3.16919113377e-09
2408	3.12281511253e-09
2409	3.07643909128e-09
2410	3.03006307004e-09
2411	2.9836870488e-09
2412	2.93731102755e-09
2413	2.88450933936e-09
2414	2.82528150388e-09
2415	2.76605366839e-09
2416	2.7068258329e-09
2417	2.64759799741e-09
2418	2.58837016193e-09
2419	2.52914232644e-09
2420	2.46991449095e-09
2421	2.41068665547e-09
2422	2.35145881998e-09
2423	2.29223098449e-09
2424	2.23300314901e-09
2425	2.17377531352e-09
2426	2.11454747803e-09
2427	2.05531964255e-09
2428	1.99609180706e-09
2429	1.93686397157e-09
2430	1.87763613609e-09
2431	1.8184083006e-09
2432	1.75918046511e-09
2433	1.69995262963e-09
2434	1.64072479414e-09
2435	1.58149695865e-09
2436	1.52226912317e-09
2437	1.46304128768e-09
2438	1.4243438778e-09
2439	1.40617844418e-09
2440	1.38801301056e-09
2441	1.36984757694e-09
2442	1.35168214333e-09
2443	1.33351670971e-09
2444	1.31535127609e-09
2445	1.29718584247e-09
2446	1.27902040885e-09
2447	1.26085497524e-09
2448	1.24268954162e-09
2449	1.224524108e-09
2450	1.20635867438e-09
2451	1.18819324077e-09
2452	1.17002780715e-09
2453	1.15186237353e-09
2454	1.13369693991e-09
2455	1.1155315063e-09
2456	1.09736607268e-09
2457	1.07920063906e-09
2458	1.06103520544e-09
2459	1.04286977182e-09
2460	1.02470433821e-09
2461	1.00653890459e-09
2462	9.88373470972e-10
2463	9.75030965942e-10
2464	9.66511757512e-10
2465	9.57992549082e-10
2466	9.49473340652e-10
2467	9.40954132222e-10
2468	9.32434923792e-10
2469	9.23915715362e-10
2470	9.15396506932e-10
2471	9.06877298502e-10
2472	8.98358090072e-10
2473	8.89838881642e-10
2474	8.81319673212e-10
2475	8.72800464782e-10
2476	8.64281256352e-10
2477	8.55762047922e-10
2478	8.47242839492e-10
2479	8.38723631062e-10
2480	8.30204422632e-10
2481	8.21685214202e-10
2482	8.13166005772e-10
2483	8.04646797342e-10
2484	7.96127588912e-10
2485	7.87608380482e-10
2486	7.79089172052e-10
2487	7.70569963622e-10
2488	7.55704004518e-10
2489	7.34490805536e-10
2490	7.13277606554e-10
2491	6.92064407572e-10
2492	6.7085120859e-10
2493	6.49638009608e-10
2494	6.28424810626e-10
2495	6.07211611644e-10
2496	5.85998412662e-10
2497	5.6478521368e-10
2498	5.43572014699e-10
2499	5.22358815717e-10
2500	5.01145616735e-10
2501	4.79932417753e-10
2502	4.58719218771e-10
2503	4.37506019789e-10
2504	4.16292820807e-10
2505	3.95079621825e-10
2506	3.73866422843e-10
2507	3.52653223861e-10
2508	3.31440024879e-10
2509	3.10226825897e-10
2510	2.89013626915e-10
2511	2.67800427934e-10
2512	2.46587228952e-10
2513	2.37421798674e-10
2514	2.40305075069e-10
2515	2.43188351463e-10
2516	2.46071627857e-10
2517	2.48954904252e-10
2518	2.51838180646e-10
2519	2.5472145704e-10
2520	2.57604733435e-10
2521	2.60488009829e-10
2522	2.63371286224e-10
2523	2.66254562618e-10
2524	2.69137839012e-10
2525	2.72021115407e-10
2526	2.74904391801e-10
2527	2.77787668195e-10
2528	2.8067094459e-10
2529	2.83554220984e-10
2530	2.86437497378e-10
2531	2.89320773773e-10
2532	2.92204050167e-10
2533	2.95087326562e-10
2534	2.97970602956e-10
2535	3.0085387935e-10
2536	3.03737155745e-10
2537	3.06620432139e-10
2538	3.07520646511e-10
2539	3.06437642934e-10
2540	3.05354639358e-10
2541	3.04271635782e-10
2542	3.03188632205e-10
2543	3.02105628629e-10
2544	3.01022625053e-10
2545	2.99939621476e-10
2546	2.988566179e-10
2547	2.97773614324e-10
2548	2.96690610747e-10
2549	2.95607607171e-10
2550	2.94524603595e-10
2551	2.93441600018e-10
2552	2.92358596442e-10
2553	2.91275592866e-10
2554	2.90192589289e-10
2555	2.89109585713e-10
2556	2.88026582137e-10
2557	2.8694357856e-10
2558	2.85860574984e-10
2559	2.84777571408e-10
2560	2.83694567831e-10
2561	2.82611564255e-10
2562	2.81528560679e-10
2563	2.80957147609e-10
2564	2.80897365667e-10
2565	2.80837583725e-10
2566	2.80777801784e-10
2567	2.80718019842e-10
2568	2.80658237901e-10
2569	2.80598455959e-10
2570	2.80538674017e-10
2571	2.80478892076e-10
2572	2.80419110134e-10
2573	2.80359328192e-10
2574	2.80299546251e-10
2575	2.80239764309e-10
2576	2.80179982368e-10
2577	2.80120200426e-10
2578	2.80060418484e-10
2579	2.80000636543e-10
2580	2.79940854601e-10
2581	2.7988107266e-10
2582	2.79821290718e-10
2583	2.79761508776e-10
2584	2.79701726835e-10
2585	2.79641944893e-10
2586	2.79582162951e-10
2587	2.7952238101e-10
2588	2.78840005931e-10
2589	2.77534987798e-10
2590	2.76229969665e-10
2591	2.74924951531e-10
2592	2.73619933398e-10
2593	2.72314915264e-10
2594	2.71009897131e-10
2595	2.69704878998e-10
2596	2.68399860864e-10
2597	2.67094842731e-10
2598	2.65789824597e-10
2599	2.64484806464e-10
2600	2.6317978833e-10
2601	2.61874770197e-10
2602	2.60569752064e-10
2603	2.5926473393e-10
2604	2.57959715797e-10
2605	2.56654697663e-10
2606	2.5534967953e-10
2607	2.54044661396e-10
2608	2.52739643263e-10
2609	2.5143462513e-10
2610	2.50129606996e-10
2611	2.48824588863e-10
2612	2.47519570729e-10
2613	2.45145911832e-10
2614	2.41703525661e-10
2615	2.3826113949e-10
2616	2.34818753319e-10
2617	2.31376367148e-10
2618	2.27933980977e-10
2619	2.24491594806e-10
2620	2.21049208635e-10
2621	2.17606822464e-10
2622	2.14164436293e-10
2623	2.10722050122e-10
2624	2.0727966395e-10
2625	2.03837277779e-10
2626	2.00394891608e-10
2627	1.96952505437e-10
2628	1.93510119266e-10
2629	1.90067733095e-10
2630	1.86625346924e-10
2631	1.83182960753e-10
2632	1.79740574582e-10
2633	1.76298188411e-10
2634	1.7285580224e-10
2635	1.69413416069e-10
2636	1.65971029898e-10
2637	1.62528643727e-10
2638	1.61860651138e-10
2639	1.63967278875e-10
2640	1.66073906612e-10
2641	1.68180534349e-10
2642	1.70287162086e-10
2643	1.72393789822e-10
2644	1.74500417559e-10
2645	1.76607045296e-10
2646	1.78713673033e-10
2647	1.8082030077e-10
2648	1.82926928507e-10
2649	1.85033556244e-10
2650	1.87140183981e-10
2651	1.89246811718e-10
2652	1.91353439455e-10
2653	1.93460067192e-10
2654	1.95566694929e-10
2655	1.97673322666e-10
2656	1.99779950402e-10
2657	2.01886578139e-10
2658	2.03993205876e-10
2659	2.06099833613e-10
2660	2.0820646135e-10
2661	2.10313089087e-10
2662	2.12419716824e-10
2663	2.1286040704e-10
2664	2.11635022292e-10
2665	2.10409637544e-10
2666	2.09184252796e-10
2667	2.07958868048e-10
2668	2.067334833e-10
2669	2.05508098552e-10
2670	2.04282713804e-10
2671	2.03057329056e-10
2672	2.01831944308e-10
2673	2.00606559559e-10
2674	1.99381174811e-10
2675	1.98155790063e-10
2676	1.96930405315e-10
2677	1.95705020567e-10
2678	1.94479635819e-10
2679	1.93254251071e-10
2680	1.92028866323e-10
2681	1.90803481575e-10
2682	1.89578096827e-10
2683	1.88352712079e-10
2684	1.87127327331e-10
2685	1.85901942583e-10
2686	1.84676557835e-10
2687	1.83451173086e-10
2688	1.81691350286e-10
2689	1.79397044926e-10
2690	1.77102739566e-10
2691	1.74808434205e-10
2692	1.72514128845e-10
2693	1.70219823485e-10
2694	1.67925518125e-10
2695	1.65631212765e-10
2696	1.63336907405e-10
2697	1.61042602045e-10
2698	1.58748296685e-10
2699	1.56453991325e-10
2700	1.54159685965e-10
2701	1.51865380605e-10
2702	1.49571075245e-10
2703	1.47276769885e-10
2704	1.44982464525e-10
2705	1.42688159165e-10
2706	1.40393853805e-10
2707	1.38099548445e-10
2708	1.35805243085e-10
2709	1.33510937725e-10
2710	1.31216632365e-10
2711	1.28922327005e-10
2712	1.26628021645e-10
2713	1.25188374884e-10
2714	1.24603458558e-10
2715	1.24018542232e-10
2716	1.23433625906e-10
2717	1.2284870958e-10
2718	1.22263793254e-10
2719	1.21678876928e-10
2720	1.21093960602e-10
2721	1.20509044276e-10
2722	1.1992412795e-10
2723	1.19339211624e-10
2724	1.18754295298e-10
2725	1.18169378972e-10
2726	1.17584462646e-10
2727	1.1699954632e-10
2728	1.16414629994e-10
2729	1.15829713668e-10
2730	1.15244797342e-10
2731	1.14659881016e-10
2732	1.1407496469e-10
2733	1.13490048364e-10
2734	1.12905132038e-10
2735	1.12320215712e-10
2736	1.11735299386e-10
2737	1.1115038306e-10
2738	1.10650908373e-10
2739	1.10236882573e-10
2740	1.09822856774e-10
2741	1.09408830974e-10
2742	1.08994805174e-10
2743	1.08580779374e-10
2744	1.08166753575e-10
2745	1.07752727775e-10
2746	1.07338701975e-10
2747	1.06924676176e-10
2748	1.06510650376e-10
2749	1.06096624576e-10
2750	1.05682598776e-10
2751	1.05268572977e-10
2752	1.04854547177e-10
2753	1.04440521377e-10
2754	1.04026495578e-10
2755	1.03612469778e-10
2756	1.03198443978e-10
2757	1.02784418179e-10
2758	1.02370392379e-10
2759	1.01956366579e-10
2760	1.01542340779e-10
2761	1.0112831498e-10
2762	1.0071428918e-10
2763	1.00770492833e-10
2764	1.01296966191e-10
2765	1.01823439549e-10
2766	1.02349912907e-10
2767	1.02876386265e-10
2768	1.03402859623e-10
2769	1.0392933298e-10
2770	1.04455806338e-10
2771	1.04982279696e-10
2772	1.05508753054e-10
2773	1.06035226412e-10
2774	1.0656169977e-10
2775	1.07088173128e-10
2776	1.07614646486e-10
2777	1.08141119844e-10
2778	1.08667593202e-10
2779	1.0919406656e-10
2780	1.09720539917e-10
2781	1.10247013275e-10
2782	1.10773486633e-10
2783	1.11299959991e-10
2784	1.11826433349e-10
2785	1.12352906707e-10
2786	1.12879380065e-10
2787	1.13405853423e-10
2788	1.15019920873e-10
2789	1.17721676358e-10
2790	1.20423431843e-10
2791	1.23125187328e-10
2792	1.25826942813e-10
2793	1.28528698297e-10
2794	1.31230453782e-10
2795	1.33932209267e-10
2796	1.36633964752e-10
2797	1.39335720237e-10
2798	1.42037475721e-10
2799	1.44739231206e-10
2800	1.47440986691e-10
2801	1.50142742176e-10
2802	1.52844497661e-10
2803	1.55546253146e-10
2804	1.5824800863e-10
2805	1.60949764115e-10
2806	1.636515196e-10
2807	1.66353275085e-10
2808	1.6905503057e-10
2809	1.71756786054e-10
2810	1.74458541539e-10
2811	1.77160297024e-10
2812	1.79862052509e-10
2813	1.81191967612e-10
2814	1.81149922777e-10
2815	1.81107877941e-10
2816	1.81065833106e-10
2817	1.81023788271e-10
2818	1.80981743436e-10
2819	1.809396986e-10
2820	1.80897653765e-10
2821	1.8085560893e-10
2822	1.80813564095e-10
2823	1.8077151926e-10
2824	1.80729474424e-10
2825	1.80687429589e-10
2826	1.80645384754e-10
2827	1.80603339919e-10
2828	1.80561295083e-10
2829	1.80519250248e-10
2830	1.80477205413e-10
2831	1.80435160578e-10
2832	1.80393115742e-10
2833	1.80351070907e-10
2834	1.80309026072e-10
2835	1.80266981237e-10
2836	1.80224936401e-10
2837	1.80182891566e-10
2838	1.7787218738e-10
2839	1.73292624372e-10
2840	1.68713061363e-10
2841	1.64133498355e-10
2842	1.59553935346e-10
2843	1.54974372338e-10
2844	1.50394809329e-10
2845	1.45815246321e-10
2846	1.41235683312e-10
2847	1.36656120303e-10
2848	1.32076557295e-10
2849	1.27496994286e-10
2850	1.22917431278e-10
2851	1.18337868269e-10
2852	1.13758305261e-10
2853	1.09178742252e-10
2854	1.04599179244e-10
2855	1.00019616235e-10
2856	9.54400532265e-11
2857	9.08604902179e-11
2858	8.62809272094e-11
2859	8.17013642008e-11
2860	7.71218011923e-11
2861	7.25422381837e-11
2862	6.79626751751e-11
2863	6.53971526948e-11
2864	6.48458493878e-11
2865	6.42945460808e-11
2866	6.37432427738e-11
2867	6.31919394667e-11
2868	6.26406361597e-11
2869	6.20893328527e-11
2870	6.15380295457e-11
2871	6.09867262386e-11
2872	6.04354229316e-11
2873	5.98841196246e-11
2874	5.93328163176e-11
2875	5.87815130105e-11
2876	5.82302097035e-11
2877	5.76789063965e-11
2878	5.71276030895e-11
2879	5.65762997824e-11
2880	5.60249964754e-11
2881	5.54736931684e-11
2882	5.49223898614e-11
2883	5.43710865543e-11
2884	5.38197832473e-11
2885	5.32684799403e-11
2886	5.27171766333e-11
2887	5.21658733262e-11
2888	5.25066312401e-11
2889	5.37395301916e-11
2890	5.49724291432e-11
2891	5.62053280947e-11
2892	5.74382270462e-11
2893	5.86711259977e-11
2894	5.99040249493e-11
2895	6.11369239008e-11
2896	6.23698228523e-11
2897	6.36027218038e-11
2898	6.48356207554e-11
2899	6.60685197069e-11
2900	6.73014186584e-11
2901	6.85343176099e-11
2902	6.97672165615e-11
2903	7.1000115513e-11
2904	7.22330144645e-11
2905	7.34659134161e-11
2906	7.46988123676e-11
2907	7.59317113191e-11
2908	7.71646102706e-11
2909	7.83975092222e-11
2910	7.96304081737e-11
2911	8.08633071252e-11
2912	8.20962060767e-11
2913	8.20557127927e-11
2914	8.07417123505e-11
2915	7.94277119083e-11
2916	7.81137114661e-11
2917	7.67997110239e-11
2918	7.54857105817e-11
2919	7.41717101395e-11
2920	7.28577096973e-11
2921	7.15437092551e-11
2922	7.02297088128e-11
2923	6.89157083706e-11
2924	6.76017079284e-11
2925	6.62877074862e-11
2926	6.4973707044e-11
2927	6.36597066018e-11
2928	6.23457061596e-11
2929	6.10317057174e-11
2930	5.97177052752e-11
2931	5.8403704833e-11
2932	5.70897043908e-11
2933	5.57757039485e-11
2934	5.44617035063e-11
2935	5.31477030641e-11
2936	5.18337026219e-11
2937	5.05197021797e-11
2938	4.96351477496e-11
2939	4.91800784216e-11
2940	4.87250090935e-11
2941	4.82699397654e-11
2942	4.78148704374e-11
2943	4.73598011093e-11
2944	4.69047317812e-11
2945	4.64496624532e-11
2946	4.59945931251e-11
2947	4.55395237971e-11
2948	4.5084454469e-11
2949	4.46293851409e-11
2950	4.41743158129e-11
2951	4.37192464848e-11
2952	4.32641771567e-11
2953	4.28091078287e-11
2954	4.23540385006e-11
2955	4.18989691725e-11
2956	4.14438998445e-11
2957	4.09888305164e-11
2958	4.05337611884e-11
2959	4.00786918603e-11
2960	3.96236225322e-11
2961	3.91685532042e-11
2962	3.87134838761e-11
2963	3.81166706919e-11
2964	3.73781006397e-11
2965	3.66395305875e-11
2966	3.59009605353e-11
2967	3.5162390483e-11
2968	3.44238204308e-11
2969	3.36852503786e-11
2970	3.29466803264e-11
2971	3.22081102742e-11
2972	3.1469540222e-11
2973	3.07309701698e-11
2974	2.99924001175e-11
2975	2.92538300653e-11
2976	2.85152600131e-11
2977	2.77766899609e-11
2978	2.70381199087e-11
2979	2.62995498565e-11
2980	2.55609798043e-11
2981	2.4822409752e-11
2982	2.40838396998e-11
2983	2.33452696476e-11
2984	2.26066995954e-11
2985	2.18681295432e-11
2986	2.1129559491e-11
2987	2.03909894388e-11
2988	2.00499652986e-11
2989	2.01065238726e-11
2990	2.01630824466e-11
2991	2.02196410206e-11
2992	2.02761995946e-11
2993	2.03327581686e-11
2994	2.03893167426e-11
2995	2.04458753166e-11
2996	2.05024338906e-11
2997	2.05589924645e-11
2998	2.06155510385e-11
2999	2.06721096125e-11
3000	2.07286681865e-11
3001	2.07852267605e-11
3002	2.08417853345e-11
3003	2.08983439085e-11
3004	2.09549024825e-11
3005	2.10114610565e-11
3006	2.10680196305e-11
3007	2.11245782045e-11
3008	2.11811367785e-11
3009	2.12376953525e-11
3010	2.12942539265e-11
3011	2.13508125005e-11
3012	2.14073710745e-11
3013	2.11752931274e-11
3014	2.06545517155e-11
3015	2.01338103035e-11
3016	1.96130688916e-11
3017	1.90923274797e-11
3018	1.85715860678e-11
3019	1.80508446558e-11
3020	1.75301032439e-11
3021	1.7009361832e-11
3022	1.64886204201e-11
3023	1.59678790081e-11
3024	1.54471375962e-11
3025	1.49263961843e-11
3026	1.44056547723e-11
3027	1.38849133604e-11
3028	1.33641719485e-11
3029	1.28434305366e-11
3030	1.23226891246e-11
3031	1.18019477127e-11
3032	1.12812063008e-11
3033	1.07604648889e-11
3034	1.02397234769e-11
3035	9.71898206501e-12
3036	9.19824065308e-12
3037	8.67749924115e-12
3038	8.68703432848e-12
3039	9.22689582615e-12
3040	9.76675732382e-12
3041	1.03066188215e-11
3042	1.08464803192e-11
3043	1.13863418168e-11
3044	1.19262033145e-11
3045	1.24660648122e-11
3046	1.30059263098e-11
3047	1.35457878075e-11
3048	1.40856493052e-11
3049	1.46255108029e-11
3050	1.51653723005e-11
3051	1.57052337982e-11
3052	1.62450952959e-11
3053	1.67849567935e-11
3054	1.73248182912e-11
3055	1.78646797889e-11
3056	1.84045412866e-11
3057	1.89444027842e-11
3058	1.94842642819e-11
3059	2.00241257796e-11
3060	2.05639872772e-11
3061	2.11038487749e-11
3062	2.16437102726e-11
3063	2.16637425408e-11
3064	2.11638962492e-11
3065	2.06640499575e-11
3066	2.01642036659e-11
3067	1.96643573742e-11
3068	1.91645110826e-11
3069	1.86646647909e-11
3070	1.81648184993e-11
3071	1.76649722076e-11
3072	1.7165125916e-11
3073	1.66652796243e-11
3074	1.61654333327e-11
3075	1.5665587041e-11
3076	1.51657407494e-11
3077	1.46658944577e-11
3078	1.41660481661e-11
3079	1.36662018744e-11
3080	1.31663555828e-11
3081	1.26665092911e-11
3082	1.21666629995e-11
3083	1.16668167078e-11
3084	1.11669704162e-11
3085	1.06671241245e-11
3086	1.01672778329e-11
3087	9.66743154123e-12
3088	9.32107414303e-12
3089	9.1282203229e-12
3090	8.93536650277e-12
3091	8.74251268265e-12
3092	8.54965886252e-12
3093	8.35680504239e-12
3094	8.16395122227e-12
3095	7.97109740214e-12
3096	7.77824358201e-12
3097	7.58538976189e-12
3098	7.39253594176e-12
3099	7.19968212163e-12
3100	7.00682830151e-12
3101	6.81397448138e-12
3102	6.62112066125e-12
3103	6.42826684113e-12
3104	6.235413021e-12
3105	6.04255920088e-12
3106	5.84970538075e-12
3107	5.65685156062e-12
3108	5.4639977405e-12
3109	5.27114392037e-12
3110	5.07829010024e-12
3111	4.88543628012e-12
3112	4.69258245999e-12
3113	4.64908432236e-12
3114	4.75495627213e-12
3115	4.8608282219e-12
3116	4.96670017167e-12
3117	5.07257212144e-12
3118	5.1784440712e-12
3119	5.28431602097e-12
3120	5.39018797074e-12
3121	5.49605992051e-12
3122	5.60193187028e-12
3123	5.70780382004e-12
3124	5.81367576981e-12
3125	5.91954771958e-12
3126	6.02541966935e-12
3127	6.13129161912e-12
3128	6.23716356888e-12
3129	6.34303551865e-12
3130	6.44890746842e-12
3131	6.55477941819e-12
3132	6.66065136796e-12
3133	6.76652331772e-12
3134	6.87239526749e-12
3135	6.97826721726e-12
3136	7.08413916703e-12
3137	7.1900111168e-12
3138	7.04770234223e-12
3139	6.65718871478e-12
3140	6.26667508734e-12
3141	5.87616145989e-12
3142	5.48564783245e-12
3143	5.095134205e-12
3144	4.70462057756e-12
3145	4.31410695011e-12
3146	3.92359332267e-12
3147	3.53307969522e-12
3148	3.14256606778e-12
3149	2.75205244033e-12
3150	2.36153881289e-12
3151	1.97102518544e-12
3152	1.580511558e-12
3153	1.18999793056e-12
3154	7.99484303111e-13
3155	4.08970675666e-13
3156	1.84570482215e-14
3157	-3.72056579223e-13
3158	-7.62570206668e-13
3159	-1.15308383411e-12
3160	-1.54359746156e-12
3161	-1.934111089e-12
3162	-2.32462471645e-12
3163	-2.34323660485e-12
3164	-1.98991030921e-12
3165	-1.63658401356e-12
3166	-1.28325771791e-12
3167	-9.29931422267e-13
3168	-5.76605126621e-13
3169	-2.23278830976e-13
3170	1.3004746467e-13
3171	4.83373760316e-13
3172	8.36700055962e-13
3173	1.19002635161e-12
3174	1.54335264725e-12
3175	1.8966789429e-12
3176	2.25000523855e-12
3177	2.60333153419e-12
3178	2.95665782984e-12
3179	3.30998412548e-12
3180	3.66331042113e-12
3181	4.01663671678e-12
3182	4.36996301242e-12
3183	4.72328930807e-12
3184	5.07661560371e-12
3185	5.42994189936e-12
3186	5.783268195e-12
3187	6.13659449065e-12
3188	6.23955793475e-12
3189	6.0921337987e-12
3190	5.94470966265e-12
3191	5.7972855266e-12
3192	5.64986139055e-12
3193	5.5024372545e-12
3194	5.35501311845e-12
3195	5.2075889824e-12
3196	5.06016484635e-12
3197	4.9127407103e-12
3198	4.76531657425e-12
3199	4.6178924382e-12
3200	4.47046830215e-12
3201	4.3230441661e-12
3202	4.17562003005e-12
3203	4.028195894e-12
3204	3.88077175795e-12
3205	3.7333476219e-12
3206	3.58592348585e-12
3207	3.4384993498e-12
3208	3.29107521375e-12
3209	3.1436510777e-12
3210	2.99622694165e-12
3211	2.8488028056e-12
3212	2.70137866955e-12
3213	2.55527484211e-12
3214	2.4104914547e-12
3215	2.2657080673e-12
3216	2.12092467989e-12
3217	1.97614129248e-12
3218	1.83135790508e-12
3219	1.68657451767e-12
3220	1.54179113026e-12
3221	1.39700774285e-12
3222	1.25222435545e-12
3223	1.10744096804e-12
3224	9.62657580634e-13
3225	8.17874193227e-13
3226	6.7309080582e-13
3227	5.28307418413e-13
3228	3.83524031006e-13
3229	2.38740643599e-13
3230	9.39572561923e-14
3231	-5.08261312147e-14
3232	-1.95609518622e-13
3233	-3.40392906029e-13
3234	-4.85176293436e-13
3235	-6.29959680843e-13
3236	-7.74743068249e-13
3237	-9.19526455656e-13
3238	-9.79159471764e-13
3239	-9.53633574247e-13
3240	-9.28107676729e-13
3241	-9.02581779212e-13
3242	-8.77055881694e-13
3243	-8.51529984177e-13
3244	-8.2600408666e-13
3245	-8.00478189142e-13
3246	-7.74952291625e-13
3247	-7.49426394107e-13
3248	-7.2390049659e-13
3249	-6.98374599072e-13
3250	-6.72848701555e-13
3251	-6.47322804037e-13
3252	-6.2179690652e-13
3253	-5.96271009002e-13
3254	-5.70745111485e-13
3255	-5.45219213968e-13
3256	-5.1969331645e-13
3257	-4.94167418933e-13
3258	-4.68641521415e-13
3259	-4.43115623898e-13
3260	-4.1758972638e-13
3261	-3.92063828863e-13
3262	-3.66537931345e-13
3263	-3.23489838141e-13
3264	-2.62917777841e-13
3265	-2.0234571754e-13
3266	-1.41773657239e-13
3267	-8.12015969389e-14
3268	-2.06295366383e-14
3269	3.99425236623e-14
3270	1.00514583963e-13
3271	1.61086644263e-13
3272	2.21658704564e-13
3273	2.82230764865e-13
3274	3.42802825165e-13
3275	4.03374885466e-13
3276	4.63946945766e-13
3277	5.24519006067e-13
3278	5.85091066368e-13
3279	6.45663126668e-13
3280	7.06235186969e-13
3281	7.66807247269e-13
3282	8.2737930757e-13
3283	8.8795136787e-13
3284	9.48523428171e-13
3285	1.00909548847e-12
3286	1.06966754877e-12
3287	1.13023960907e-12
3288	1.12728982678e-12
3289	1.06081173093e-12
3290	9.94333635084e-13
3291	9.27855539236e-13
3292	8.61377443388e-13
3293	7.9489934754e-13
3294	7.28421251691e-13
3295	6.61943155843e-13
3296	5.95465059995e-13
3297	5.28986964146e-13
3298	4.62508868298e-13
3299	3.9603077245e-13
3300	3.29552676601e-13
3301	2.63074580753e-13
3302	1.96596484905e-13
3303	1.30118389056e-13
3304	6.3640293208e-14
3305	-2.83780264035e-15
3306	-6.93158984887e-14
3307	-1.35793994337e-13
3308	-2.02272090185e-13
3309	-2.68750186034e-13
3310	-3.35228281882e-13
3311	-4.0170637773e-13
3312	-4.68184473579e-13
3313	-5.0142522732e-13
3314	-5.0142522732e-13
3315	-5.0142522732e-13
3316	-5.0142522732e-13
3317	-5.0142522732e-13
3318	-5.0142522732e-13
3319	-5.0142522732e-13
3320	-5.0142522732e-13
3321	-5.0142522732e-13
3322	-5.0142522732e-13
3323	-5.0142522732e-13
3324	-5.0142522732e-13
