50	-2.53360763717e-14
51	-2.56909799865e-14
52	-2.60458836014e-14
53	-2.64007872162e-14
54	-2.67556908311e-14
55	-2.71105944459e-14
56	-2.74654980608e-14
57	-2.78204016756e-14
58	-2.81753052905e-14
59	-2.85302089053e-14
60	-2.88851125202e-14
61	-2.9240016135e-14
62	-2.95949197499e-14
63	-3.00665373628e-14
64	-3.06548691999e-14
65	-3.1243201037e-14
66	-3.1831532874e-14
67	-3.24198647111e-14
68	-3.30081965481e-14
69	-3.35965283852e-14
70	-3.41848602223e-14
71	-3.47731920593e-14
72	-3.53615238964e-14
73	-3.59498557334e-14
74	-3.65381875705e-14
75	-3.71265194076e-14
76	-3.77148512446e-14
77	-3.83031830817e-14
78	-3.88915149187e-14
79	-3.94798467558e-14
80	-4.00681785929e-14
81	-4.06565104299e-14
82	-4.1244842267e-14
83	-4.1833174104e-14
84	-4.24215059411e-14
85	-4.30098377782e-14
86	-4.35981696152e-14
87	-4.41865014523e-14
88	-4.48622901392e-14
89	-4.56255359132e-14
90	-4.63887816872e-14
91	-4.71520274611e-14
92	-4.79152732351e-14
93	-4.8678519009e-14
94	-4.9441764783e-14
95	-5.0205010557e-14
96	-5.09682563309e-14
97	-5.17315021049e-14
98	-5.24947478789e-14
99	-5.32579936528e-14
100	-5.40212394268e-14
101	-5.47844852007e-14
102	-5.55477309747e-14
103	-5.63109767487e-14
104	-5.70742225226e-14
105	-5.78374682966e-14
106	-5.86007140706e-14
107	-5.93639598445e-14
108	-6.01272056185e-14
109	-6.08904513924e-14
110	-6.16536971664e-14
111	-6.24169429404e-14
112	-6.31801887143e-14
113	-6.40560377033e-14
114	-6.50444902997e-14
115	-6.60329428961e-14
116	-6.70213954925e-14
117	-6.80098480889e-14
118	-6.89983006854e-14
119	-6.99867532818e-14
120	-7.09752058782e-14
121	-7.19636584746e-14
122	-7.2952111071e-14
123	-7.39405636674e-14
124	-7.49290162639e-14
125	-7.59174688603e-14
126	-7.69059214567e-14
127	-7.78943740531e-14
128	-7.88828266495e-14
129	-7.98712792459e-14
130	-8.08597318424e-14
131	-8.18481844388e-14
132	-8.28366370352e-14
133	-8.38250896316e-14
134	-8.4813542228e-14
135	-8.58019948245e-14
136	-8.67904474209e-14
137	-8.77789000173e-14
138	-8.88799079985e-14
139	-9.00934718439e-14
140	-9.13070356894e-14
141	-9.25205995349e-14
142	-9.37341633803e-14
143	-9.49477272258e-14
144	-9.61612910713e-14
145	-9.73748549167e-14
146	-9.85884187622e-14
147	-9.98019826077e-14
148	-1.01015546453e-13
149	-1.02229110299e-13
150	-1.03442674144e-13
151	-1.0465623799e-13
152	-1.05869801835e-13
153	-1.0708336568e-13
154	-1.08296929526e-13
155	-1.09510493371e-13
156	-1.10724057217e-13
157	-1.11937621062e-13
158	-1.13151184908e-13
159	-1.14364748753e-13
160	-1.15578312599e-13
161	-1.16791876444e-13
162	-1.1800544029e-13
163	-1.19225193825e-13
164	-1.20451137081e-13
165	-1.21677080336e-13
166	-1.22903023592e-13
167	-1.24128966848e-13
168	-1.25354910104e-13
169	-1.2658085336e-13
170	-1.27806796616e-13
171	-1.29032739871e-13
172	-1.30258683127e-13
173	-1.31484626383e-13
174	-1.32710569639e-13
175	-1.33936512895e-13
176	-1.35162456151e-13
177	-1.36388399407e-13
178	-1.37614342662e-13
179	-1.38840285918e-13
180	-1.40066229174e-13
181	-1.4129217243e-13
182	-1.42518115686e-13
183	-1.43744058942e-13
184	-1.44970002197e-13
185	-1.46195945453e-13
186	-1.47421888709e-13
187	-1.48647831965e-13
188	-1.49411334975e-13
189	-1.49712395051e-13
190	-1.50013455127e-13
191	-1.50314515204e-13
192	-1.5061557528e-13
193	-1.50916635357e-13
194	-1.51217695433e-13
195	-1.5151875551e-13
196	-1.51819815586e-13
197	-1.52120875663e-13
198	-1.52421935739e-13
199	-1.52722995816e-13
200	-1.53024055892e-13
201	-1.53325115969e-13
202	-1.53626176045e-13
203	-1.53927236121e-13
204	-1.54228296198e-13
205	-1.54529356274e-13
206	-1.54830416351e-13
207	-1.55131476427e-13
208	-1.55432536504e-13
209	-1.5573359658e-13
210	-1.56034656657e-13
211	-1.56335716733e-13
212	-1.5663677681e-13
213	-1.54002700083e-13
214	-1.48433467228e-13
215	-1.42864234372e-13
216	-1.37295001517e-13
217	-1.31725768661e-13
218	-1.26156535806e-13
219	-1.2058730295e-13
220	-1.15018070095e-13
221	-1.09448837239e-13
222	-1.03879604384e-13
223	-9.83103715281e-14
224	-9.27411386726e-14
225	-8.71719058171e-14
226	-8.16026729615e-14
227	-7.6033440106e-14
228	-7.04642072505e-14
229	-6.4894974395e-14
230	-5.93257415395e-14
231	-5.3756508684e-14
232	-4.81872758285e-14
233	-4.2618042973e-14
234	-3.70488101174e-14
235	-3.14795772619e-14
236	-2.59103444064e-14
237	-2.03411115509e-14
238	1.0554246628e-14
239	6.67759165073e-14
240	1.22997586387e-13
241	1.79219256266e-13
242	2.35440926145e-13
243	2.91662596024e-13
244	3.47884265903e-13
245	4.04105935783e-13
246	4.60327605662e-13
247	5.16549275541e-13
248	5.7277094542e-13
249	6.289926153e-13
250	6.85214285179e-13
251	7.41435955058e-13
252	7.97657624937e-13
253	8.53879294817e-13
254	9.10100964696e-13
255	9.66322634575e-13
256	1.02254430445e-12
257	1.07876597433e-12
258	1.13498764421e-12
259	1.19120931409e-12
260	1.24743098397e-12
261	1.30365265385e-12
262	1.35987432373e-12
263	1.65770577528e-12
264	2.19714897369e-12
265	2.7365921721e-12
266	3.27603537051e-12
267	3.81547856891e-12
268	4.35492176732e-12
269	4.89436496573e-12
270	5.43380816414e-12
271	5.97325136255e-12
272	6.51269456096e-12
273	7.05213775936e-12
274	7.59158095777e-12
275	8.13102415618e-12
276	8.67046735459e-12
277	9.209910553e-12
278	9.74935375141e-12
279	1.02887969498e-11
280	1.08282401482e-11
281	1.13676833466e-11
282	1.1907126545e-11
283	1.24465697434e-11
284	1.29860129419e-11
285	1.35254561403e-11
286	1.40648993387e-11
287	1.46043425371e-11
288	1.7320063514e-11
289	2.22120816566e-11
290	2.71040997992e-11
291	3.19961179418e-11
292	3.68881360844e-11
293	4.1780154227e-11
294	4.66721723696e-11
295	5.15641905122e-11
296	5.64562086548e-11
297	6.13482267974e-11
298	6.624024494e-11
299	7.11322630826e-11
300	7.60242812252e-11
301	8.09162993678e-11
302	8.58083175104e-11
303	9.0700335653e-11
304	9.55923537955e-11
305	1.00484371938e-10
306	1.05376390081e-10
307	1.10268408223e-10
308	1.15160426366e-10
309	1.20052444509e-10
310	1.24944462651e-10
311	1.29836480794e-10
312	1.34728498936e-10
313	1.16424710641e-10
314	7.49248913021e-11
315	3.34250719635e-11
316	-8.0747473752e-12
317	-4.95745667139e-11
318	-9.10743860525e-11
319	-1.32574205391e-10
320	-1.7407402473e-10
321	-2.15573844069e-10
322	-2.57073663407e-10
323	-2.98573482746e-10
324	-3.40073302085e-10
325	-3.81573121423e-10
326	-4.23072940762e-10
327	-4.64572760101e-10
328	-5.06072579439e-10
329	-5.47572398778e-10
330	-5.89072218117e-10
331	-6.30572037455e-10
332	-6.72071856794e-10
333	-7.13571676133e-10
334	-7.55071495471e-10
335	-7.9657131481e-10
336	-8.38071134149e-10
337	-8.79570953487e-10
338	-9.10719875283e-10
339	-9.3151779129e-10
340	-9.52315707297e-10
341	-9.73113623304e-10
342	-9.93911539311e-10
343	-1.01470945532e-09
344	-1.03550737132e-09
345	-1.05630528733e-09
346	-1.07710320334e-09
347	-1.09790111935e-09
348	-1.11869903535e-09
349	-1.13949695136e-09
350	-1.16029486737e-09
351	-1.18109278337e-09
352	-1.20189069938e-09
353	-1.22268861539e-09
354	-1.24348653139e-09
355	-1.2642844474e-09
356	-1.28508236341e-09
357	-1.30588027941e-09
358	-1.32667819542e-09
359	-1.34747611143e-09
360	-1.36827402743e-09
361	-1.38907194344e-09
362	-1.40986985945e-09
363	-1.44678965003e-09
364	-1.49983149627e-09
365	-1.5528733425e-09
366	-1.60591518874e-09
367	-1.65895703498e-09
368	-1.71199888122e-09
369	-1.76504072746e-09
370	-1.81808257369e-09
371	-1.87112441993e-09
372	-1.92416626617e-09
373	-1.97720811241e-09
374	-2.03024995865e-09
375	-2.08329180488e-09
376	-2.13633365112e-09
377	-2.18937549736e-09
378	-2.2424173436e-09
379	-2.29545918984e-09
380	-2.34850103607e-09
381	-2.40154288231e-09
382	-2.45458472855e-09
383	-2.50762657479e-09
384	-2.56066842103e-09
385	-2.61371026726e-09
386	-2.6667521135e-09
387	-2.71979395974e-09
388	-2.80837227567e-09
389	-2.93248748797e-09
390	-3.05660270027e-09
391	-3.18071791258e-09
392	-3.30483312488e-09
393	-3.42894833718e-09
394	-3.55306354948e-09
395	-3.67717876179e-09
396	-3.80129397409e-09
397	-3.92540918639e-09
398	-4.04952439869e-09
399	-4.173639611e-09
400	-4.2977548233e-09
401	-4.4218700356e-09
402	-4.54598524791e-09
403	-4.67010046021e-09
404	-4.79421567251e-09
405	-4.91833088481e-09
406	-5.04244609712e-09
407	-5.16656130942e-09
408	-5.29067652172e-09
409	-5.41479173403e-09
410	-5.53890694633e-09
411	-5.66302215863e-09
412	-5.78713737093e-09
413	-5.85883835629e-09
414	-5.87812444477e-09
415	-5.89741053326e-09
416	-5.91669662174e-09
417	-5.93598271022e-09
418	-5.9552687987e-09
419	-5.97455488718e-09
420	-5.99384097566e-09
421	-6.01312706414e-09
422	-6.03241315262e-09
423	-6.0516992411e-09
424	-6.07098532958e-09
425	-6.09027141806e-09
426	-6.10955750654e-09
427	-6.12884359502e-09
428	-6.1481296835e-09
429	-6.16741577199e-09
430	-6.18670186047e-09
431	-6.20598794895e-09
432	-6.22527403743e-09
433	-6.24456012591e-09
434	-6.26384621439e-09
435	-6.28313230287e-09
436	-6.30241839135e-09
437	-6.32170447983e-09
438	-6.33663075395e-09
439	-6.3471971546e-09
440	-6.35776355525e-09
441	-6.3683299559e-09
442	-6.37889635655e-09
443	-6.3894627572e-09
444	-6.40002915785e-09
445	-6.4105955585e-09
446	-6.42116195915e-09
447	-6.4317283598e-09
448	-6.44229476045e-09
449	-6.4528611611e-09
450	-6.46342756175e-09
451	-6.4739939624e-09
452	-6.48456036304e-09
453	-6.49512676369e-09
454	-6.50569316434e-09
455	-6.51625956499e-09
456	-6.52682596564e-09
457	-6.53739236629e-09
458	-6.54795876694e-09
459	-6.55852516759e-09
460	-6.56909156824e-09
461	-6.57965796889e-09
462	-6.59022436954e-09
463	-6.7356169914e-09
464	-7.01583776663e-09
465	-7.29605854187e-09
466	-7.5762793171e-09
467	-7.85650009234e-09
468	-8.13672086757e-09
469	-8.41694164281e-09
470	-8.69716241805e-09
471	-8.97738319328e-09
472	-9.25760396852e-09
473	-9.53782474375e-09
474	-9.81804551899e-09
475	-1.00982662942e-08
476	-1.03784870695e-08
477	-1.06587078447e-08
478	-1.09389286199e-08
479	-1.12191493952e-08
480	-1.14993701704e-08
481	-1.17795909456e-08
482	-1.20598117209e-08
483	-1.23400324961e-08
484	-1.26202532713e-08
485	-1.29004740466e-08
486	-1.31806948218e-08
487	-1.34609155971e-08
488	-1.36115209685e-08
489	-1.36325089783e-08
490	-1.36534969881e-08
491	-1.36744849979e-08
492	-1.36954730076e-08
493	-1.37164610174e-08
494	-1.37374490272e-08
495	-1.3758437037e-08
496	-1.37794250468e-08
497	-1.38004130566e-08
498	-1.38214010663e-08
499	-1.38423890761e-08
500	-1.38633770859e-08
501	-1.38843650957e-08
502	-1.39053531055e-08
503	-1.39263411152e-08
504	-1.3947329125e-08
505	-1.39683171348e-08
506	-1.39893051446e-08
507	-1.40102931544e-08
508	-1.40312811642e-08
509	-1.40522691739e-08
510	-1.40732571837e-08
511	-1.40942451935e-08
512	-1.41152332033e-08
513	-1.42161686548e-08
514	-1.43970528177e-08
515	-1.45779369805e-08
516	-1.47588211434e-08
517	-1.49397053062e-08
518	-1.51205894691e-08
519	-1.53014736319e-08
520	-1.54823577948e-08
521	-1.56632419576e-08
522	-1.58441261205e-08
523	-1.60250102834e-08
524	-1.62058944462e-08
525	-1.63867786091e-08
526	-1.65676627719e-08
527	-1.67485469348e-08
528	-1.69294310976e-08
529	-1.71103152605e-08
530	-1.72911994233e-08
531	-1.74720835862e-08
532	-1.7652967749e-08
533	-1.78338519119e-08
534	-1.80147360747e-08
535	-1.81956202376e-08
536	-1.83765044005e-08
537	-1.85573885633e-08
538	-1.85775783699e-08
539	-1.84370711439e-08
540	-1.82965639178e-08
541	-1.81560566918e-08
542	-1.80155494658e-08
543	-1.78750422397e-08
544	-1.77345350137e-08
545	-1.75940277877e-08
546	-1.74535205616e-08
547	-1.73130133356e-08
548	-1.71725061096e-08
549	-1.70319988836e-08
550	-1.68914916575e-08
551	-1.67509844315e-08
552	-1.66104772055e-08
553	-1.64699699794e-08
554	-1.63294627534e-08
555	-1.61889555274e-08
556	-1.60484483014e-08
557	-1.59079410753e-08
558	-1.57674338493e-08
559	-1.56269266233e-08
560	-1.54864193972e-08
561	-1.53459121712e-08
562	-1.52054049452e-08
563	-1.5145956431e-08
564	-1.51675680415e-08
565	-1.5189179652e-08
566	-1.52107912625e-08
567	-1.5232402873e-08
568	-1.52540144835e-08
569	-1.5275626094e-08
570	-1.52972377045e-08
571	-1.5318849315e-08
572	-1.53404609255e-08
573	-1.5362072536e-08
574	-1.53836841465e-08
575	-1.5405295757e-08
576	-1.54269073675e-08
577	-1.5448518978e-08
578	-1.54701305885e-08
579	-1.5491742199e-08
580	-1.55133538095e-08
581	-1.553496542e-08
582	-1.55565770305e-08
583	-1.5578188641e-08
584	-1.55998002515e-08
585	-1.5621411862e-08
586	-1.56430234725e-08
587	-1.5664635083e-08
588	-1.56646127948e-08
589	-1.56429562142e-08
590	-1.56212996336e-08
591	-1.5599643053e-08
592	-1.55779864724e-08
593	-1.55563298917e-08
594	-1.55346733111e-08
595	-1.55130167305e-08
596	-1.54913601499e-08
597	-1.54697035692e-08
598	-1.54480469886e-08
599	-1.5426390408e-08
600	-1.54047338274e-08
601	-1.53830772468e-08
602	-1.53614206661e-08
603	-1.53397640855e-08
604	-1.53181075049e-08
605	-1.52964509243e-08
606	-1.52747943437e-08
607	-1.5253137763e-08
608	-1.52314811824e-08
609	-1.52098246018e-08
610	-1.51881680212e-08
611	-1.51665114405e-08
612	-1.51448548599e-08
613	-1.50664539644e-08
614	-1.49313076772e-08
615	-1.47961613899e-08
616	-1.46610151026e-08
617	-1.45258688153e-08
618	-1.43907225281e-08
619	-1.42555762408e-08
620	-1.41204299535e-08
621	-1.39852836662e-08
622	-1.38501373789e-08
623	-1.37149910917e-08
624	-1.35798448044e-08
625	-1.34446985171e-08
626	-1.33095522298e-08
627	-1.31744059426e-08
628	-1.30392596553e-08
629	-1.2904113368e-08
630	-1.27689670807e-08
631	-1.26338207935e-08
632	-1.24986745062e-08
633	-1.23635282189e-08
634	-1.22283819316e-08
635	-1.20932356443e-08
636	-1.19580893571e-08
637	-1.18229430698e-08
638	-1.11954712815e-08
639	-1.00756642671e-08
640	-8.95585725266e-09
641	-7.83605023824e-09
642	-6.71624322382e-09
643	-5.5964362094e-09
644	-4.47662919498e-09
645	-3.35682218057e-09
646	-2.23701516615e-09
647	-1.11720815173e-09
648	2.59886269019e-12
649	1.12240587711e-09
650	2.24221289153e-09
651	3.36201990595e-09
652	4.48182692036e-09
653	5.60163393478e-09
654	6.7214409492e-09
655	7.84124796362e-09
656	8.96105497804e-09
657	1.00808619925e-08
658	1.12006690069e-08
659	1.23204760213e-08
660	1.34402830357e-08
661	1.45600900501e-08
662	1.56798970646e-08
663	1.8145379688e-08
664	2.19565655447e-08
665	2.57677514015e-08
666	2.95789372582e-08
667	3.33901231149e-08
668	3.72013089716e-08
669	4.10124948283e-08
670	4.4823680685e-08
671	4.86348665417e-08
672	5.24460523984e-08
673	5.62572382551e-08
674	6.00684241118e-08
675	6.38796099685e-08
676	6.76907958252e-08
677	7.15019816819e-08
678	7.53131675386e-08
679	7.91243533953e-08
680	8.2935539252e-08
681	8.67467251087e-08
682	9.05579109654e-08
683	9.43690968222e-08
684	9.81802826789e-08
685	1.01991468536e-07
686	1.05802654392e-07
687	1.09613840249e-07
688	1.27149422868e-07
689	1.58409694617e-07
690	1.89669966366e-07
691	2.20930238115e-07
692	2.52190509863e-07
693	2.83450781612e-07
694	3.14711053361e-07
695	3.4597132511e-07
696	3.77231596859e-07
697	4.08491868608e-07
698	4.39752140356e-07
699	4.71012412105e-07
700	5.02272683854e-07
701	5.33532955603e-07
702	5.64793227352e-07
703	5.96053499101e-07
704	6.27313770849e-07
705	6.58574042598e-07
706	6.89834314347e-07
707	7.21094586096e-07
708	7.52354857845e-07
709	7.83615129594e-07
710	8.14875401342e-07
711	8.46135673091e-07
712	8.7739594484e-07
713	9.01305440015e-07
714	9.1786399633e-07
715	9.34422552645e-07
716	9.5098110896e-07
717	9.67539665275e-07
718	9.8409822159e-07
719	1.0006567779e-06
720	1.01721533422e-06
721	1.03377389053e-06
722	1.05033244685e-06
723	1.06689100316e-06
724	1.08344955948e-06
725	1.10000811579e-06
726	1.11656667211e-06
727	1.13312522842e-06
728	1.14968378474e-06
729	1.16624234105e-06
730	1.18280089737e-06
731	1.19935945368e-06
732	1.21591801e-06
733	1.23247656631e-06
734	1.24903512263e-06
735	1.26559367894e-06
736	1.28215223526e-06
737	1.29871079157e-06
738	1.30418323538e-06
739	1.29856931334e-06
740	1.29295539129e-06
741	1.28734146925e-06
742	1.28172754721e-06
743	1.27611362517e-06
744	1.27049970312e-06
745	1.26488578108e-06
746	1.25927185904e-06
747	1.253657937e-06
748	1.24804401495e-06
749	1.24243009291e-06
750	1.23681617087e-06
751	1.23120224883e-06
752	1.22558832678e-06
753	1.21997440474e-06
754	1.2143604827e-06
755	1.20874656066e-06
756	1.20313263861e-06
757	1.19751871657e-06
758	1.19190479453e-06
759	1.18629087249e-06
760	1.18067695044e-06
761	1.1750630284e-06
762	1.16944910636e-06
763	1.17078264606e-06
764	1.17906381164e-06
765	1.18734497723e-06
766	1.19562614281e-06
767	1.2039073084e-06
768	1.21218847398e-06
769	1.22046963956e-06
770	1.22875080515e-06
771	1.23703197073e-06
772	1.24531313632e-06
773	1.2535943019e-06
774	1.26187546749e-06
775	1.27015663307e-06
776	1.27843779866e-06
777	1.28671896424e-06
778	1.29500012983e-06
779	1.30328129541e-06
780	1.311562461e-06
781	1.31984362658e-06
782	1.32812479217e-06
783	1.33640595775e-06
784	1.34468712333e-06
785	1.35296828892e-06
786	1.3612494545e-06
787	1.36953062009e-06
788	1.3665319712e-06
789	1.35225323258e-06
790	1.33797449397e-06
791	1.32369575536e-06
792	1.30941701674e-06
793	1.29513827813e-06
794	1.28085953952e-06
795	1.2665808009e-06
796	1.25230206229e-06
797	1.23802332368e-06
798	1.22374458506e-06
799	1.20946584645e-06
800	1.19518710784e-06
801	1.18090836922e-06
802	1.16662963061e-06
803	1.152350892e-06
804	1.13807215338e-06
805	1.12379341477e-06
806	1.10951467616e-06
807	1.09523593754e-06
808	1.08095719893e-06
809	1.06667846031e-06
810	1.0523997217e-06
811	1.03812098309e-06
812	1.02384224447e-06
813	1.02621055443e-06
814	1.04522633206e-06
815	1.06424210969e-06
816	1.08325788732e-06
817	1.10227366495e-06
818	1.12128944258e-06
819	1.14030522021e-06
820	1.15932099784e-06
821	1.17833677547e-06
822	1.1973525531e-06
823	1.21636833073e-06
824	1.23538410836e-06
825	1.254399886e-06
826	1.27341566363e-06
827	1.29243144126e-06
828	1.31144721889e-06
829	1.33046299652e-06
830	1.34947877415e-06
831	1.36849455178e-06
832	1.38751032941e-06
833	1.40652610704e-06
834	1.42554188467e-06
835	1.4445576623e-06
836	1.46357343993e-06
837	1.48258921756e-06
838	1.49162408441e-06
839	1.49067778147e-06
840	1.48973147853e-06
841	1.48878517559e-06
842	1.48783887265e-06
843	1.48689256971e-06
844	1.48594626677e-06
845	1.48499996383e-06
846	1.48405366089e-06
847	1.48310735795e-06
848	1.48216105501e-06
849	1.48121475207e-06
850	1.48026844913e-06
851	1.47932214619e-06
852	1.47837584325e-06
853	1.47742954031e-06
854	1.47648323736e-06
855	1.47553693442e-06
856	1.47459063148e-06
857	1.47364432854e-06
858	1.4726980256e-06
859	1.47175172266e-06
860	1.47080541972e-06
861	1.46985911678e-06
862	1.46891281384e-06
863	1.45893972561e-06
864	1.43993961084e-06
865	1.42093949608e-06
866	1.40193938131e-06
867	1.38293926654e-06
868	1.36393915178e-06
869	1.34493903701e-06
870	1.32593892224e-06
871	1.30693880747e-06
872	1.28793869271e-06
873	1.26893857794e-06
874	1.24993846317e-06
875	1.23093834841e-06
876	1.21193823364e-06
877	1.19293811887e-06
878	1.1739380041e-06
879	1.15493788934e-06
880	1.13593777457e-06
881	1.1169376598e-06
882	1.09793754504e-06
883	1.07893743027e-06
884	1.0599373155e-06
885	1.04093720074e-06
886	1.02193708597e-06
887	1.0029369712e-06
888	9.98605651293e-07
889	1.00894352964e-06
890	1.01928140798e-06
891	1.02961928632e-06
892	1.03995716466e-06
893	1.05029504301e-06
894	1.06063292135e-06
895	1.07097079969e-06
896	1.08130867803e-06
897	1.09164655637e-06
898	1.10198443472e-06
899	1.11232231306e-06
900	1.1226601914e-06
901	1.13299806974e-06
902	1.14333594809e-06
903	1.15367382643e-06
904	1.16401170477e-06
905	1.17434958311e-06
906	1.18468746146e-06
907	1.1950253398e-06
908	1.20536321814e-06
909	1.21570109648e-06
910	1.22603897483e-06
911	1.23637685317e-06
912	1.24671473151e-06
913	1.24776200395e-06
914	1.23951840781e-06
915	1.23127481166e-06
916	1.22303121551e-06
917	1.21478761936e-06
918	1.20654402321e-06
919	1.19830042707e-06
920	1.19005683092e-06
921	1.18181323477e-06
922	1.17356963862e-06
923	1.16532604247e-06
924	1.15708244633e-06
925	1.14883885018e-06
926	1.14059525403e-06
927	1.13235165788e-06
928	1.12410806174e-06
929	1.11586446559e-06
930	1.10762086944e-06
931	1.09937727329e-06
932	1.09113367714e-06
933	1.082890081e-06
934	1.07464648485e-06
935	1.0664028887e-06
936	1.05815929255e-06
937	1.0499156964e-06
938	1.04714905794e-06
939	1.04985953625e-06
940	1.05257001456e-06
941	1.05528049288e-06
942	1.05799097119e-06
943	1.0607014495e-06
944	1.06341192782e-06
945	1.06612240613e-06
946	1.06883288445e-06
947	1.07154336276e-06
948	1.07425384107e-06
949	1.07696431939e-06
950	1.0796747977e-06
951	1.08238527601e-06
952	1.08509575433e-06
953	1.08780623264e-06
954	1.09051671096e-06
955	1.09322718927e-06
956	1.09593766758e-06
957	1.0986481459e-06
958	1.10135862421e-06
959	1.10406910252e-06
960	1.10677958084e-06
961	1.10949005915e-06
962	1.11220053746e-06
963	1.1068924159e-06
964	1.09356545531e-06
965	1.08023849472e-06
966	1.06691153412e-06
967	1.05358457353e-06
968	1.04025761294e-06
969	1.02693065235e-06
970	1.01360369176e-06
971	1.00027673116e-06
972	9.86949770573e-07
973	9.73622809981e-07
974	9.60295849389e-07
975	9.46968888797e-07
976	9.33641928206e-07
977	9.20314967614e-07
978	9.06988007022e-07
979	8.9366104643e-07
980	8.80334085838e-07
981	8.67007125247e-07
982	8.53680164655e-07
983	8.40353204063e-07
984	8.27026243471e-07
985	8.1369928288e-07
986	8.00372322288e-07
987	7.87045361696e-07
988	7.74060989199e-07
989	7.6141921528e-07
990	7.4877744136e-07
991	7.36135667441e-07
992	7.23493893521e-07
993	7.10852119602e-07
994	6.98210345682e-07
995	6.85568571763e-07
996	6.72926797843e-07
997	6.60285023924e-07
998	6.47643250004e-07
999	6.35001476085e-07
1000	6.22359702166e-07
1001	6.09717928246e-07
1002	5.97076154327e-07
1003	5.84434380407e-07
1004	5.71792606488e-07
1005	5.59150832568e-07
1006	5.46509058649e-07
1007	5.33867284729e-07
1008	5.2122551081e-07
1009	5.0858373689e-07
1010	4.95941962971e-07
1011	4.83300189052e-07
1012	4.70658415132e-07
1013	4.55212674334e-07
1014	4.36962878688e-07
1015	4.18713083042e-07
1016	4.00463287396e-07
1017	3.8221349175e-07
1018	3.63963696104e-07
1019	3.45713900458e-07
1020	3.27464104812e-07
1021	3.09214309166e-07
1022	2.9096451352e-07
1023	2.72714717874e-07
1024	2.54464922228e-07
1025	2.36215126582e-07
1026	2.17965330936e-07
1027	1.9971553529e-07
1028	1.81465739644e-07
1029	1.63215943999e-07
1030	1.44966148353e-07
1031	1.26716352707e-07
1032	1.08466557061e-07
1033	9.02167614146e-08
1034	7.19669657686e-08
1035	5.37171701227e-08
1036	3.54673744767e-08
1037	1.72175788307e-08
1038	-3.61298091522e-08
1039	-1.24575917787e-07
1040	-2.13022026422e-07
1041	-3.01468135057e-07
1042	-3.89914243693e-07
1043	-4.78360352328e-07
1044	-5.66806460963e-07
1045	-6.55252569598e-07
1046	-7.43698678233e-07
1047	-8.32144786868e-07
1048	-9.20590895503e-07
1049	-1.00903700414e-06
1050	-1.09748311277e-06
1051	-1.18592922141e-06
1052	-1.27437533004e-06
1053	-1.36282143868e-06
1054	-1.45126754731e-06
1055	-1.53971365595e-06
1056	-1.62815976458e-06
1057	-1.71660587322e-06
1058	-1.80505198185e-06
1059	-1.89349809049e-06
1060	-1.98194419912e-06
1061	-2.07039030776e-06
1062	-2.15883641639e-06
1063	-2.4024355613e-06
1064	-2.80119285052e-06
1065	-3.19995013973e-06
1066	-3.59870742895e-06
1067	-3.99746471817e-06
1068	-4.39622200739e-06
1069	-4.7949792966e-06
1070	-5.19373658582e-06
1071	-5.59249387504e-06
1072	-5.99125116426e-06
1073	-6.39000845347e-06
1074	-6.78876574269e-06
1075	-7.18752303191e-06
1076	-7.58628032113e-06
1077	-7.98503761034e-06
1078	-8.38379489956e-06
1079	-8.78255218878e-06
1080	-9.181309478e-06
1081	-9.58006676721e-06
1082	-9.97882405643e-06
1083	-1.03775813456e-05
1084	-1.07763386349e-05
1085	-1.11750959241e-05
1086	-1.15738532133e-05
1087	-1.19726105025e-05
1088	-1.32611747329e-05
1089	-1.54395758884e-05
1090	-1.76179770439e-05
1091	-1.97963781995e-05
1092	-2.1974779355e-05
1093	-2.41531805105e-05
1094	-2.6331581666e-05
1095	-2.85099828216e-05
1096	-3.06883839771e-05
1097	-3.28667851326e-05
1098	-3.50451862882e-05
1099	-3.72235874437e-05
1100	-3.94019885992e-05
1101	-4.15803897548e-05
1102	-4.37587909103e-05
1103	-4.59371920658e-05
1104	-4.81155932213e-05
1105	-5.02939943769e-05
1106	-5.24723955324e-05
1107	-5.46507966879e-05
1108	-5.68291978435e-05
1109	-5.9007598999e-05
1110	-6.11860001545e-05
1111	-6.33644013101e-05
1112	-6.55428024656e-05
1113	-6.65339350222e-05
1114	-6.63377580526e-05
1115	-6.61415810829e-05
1116	-6.59454041132e-05
1117	-6.57492271435e-05
1118	-6.55530501738e-05
1119	-6.53568732041e-05
1120	-6.51606962345e-05
1121	-6.49645192648e-05
1122	-6.47683422951e-05
1123	-6.45721653254e-05
1124	-6.43759883557e-05
1125	-6.41798113861e-05
1126	-6.39836344164e-05
1127	-6.37874574467e-05
1128	-6.3591280477e-05
1129	-6.33951035073e-05
1130	-6.31989265376e-05
1131	-6.3002749568e-05
1132	-6.28065725983e-05
1133	-6.26103956286e-05
1134	-6.24142186589e-05
1135	-6.22180416892e-05
1136	-6.20218647196e-05
1137	-6.18256877499e-05
1138	-6.19510671252e-05
1139	-6.23980141792e-05
1140	-6.28449612332e-05
1141	-6.32919082872e-05
1142	-6.37388553412e-05
1143	-6.41858023952e-05
1144	-6.46327494492e-05
1145	-6.50796965032e-05
1146	-6.55266435573e-05
1147	-6.59735906113e-05
1148	-6.64205376653e-05
1149	-6.68674847193e-05
1150	-6.73144317733e-05
1151	-6.77613788273e-05
1152	-6.82083258813e-05
1153	-6.86552729353e-05
1154	-6.91022199893e-05
1155	-6.95491670434e-05
1156	-6.99961140974e-05
1157	-7.04430611514e-05
1158	-7.08900082054e-05
1159	-7.13369552594e-05
1160	-7.17839023134e-05
1161	-7.22308493674e-05
1162	-7.26777964214e-05
1163	-7.26213237222e-05
1164	-7.2061413136e-05
1165	-7.15015025498e-05
1166	-7.09415919635e-05
1167	-7.03816813773e-05
1168	-6.98217707911e-05
1169	-6.92618602048e-05
1170	-6.87019496186e-05
1171	-6.81420390324e-05
1172	-6.75821284461e-05
1173	-6.70222178599e-05
1174	-6.64623072737e-05
1175	-6.59023966874e-05
1176	-6.53424861012e-05
1177	-6.4782575515e-05
1178	-6.42226649287e-05
1179	-6.36627543425e-05
1180	-6.31028437563e-05
1181	-6.254293317e-05
1182	-6.19830225838e-05
1183	-6.14231119976e-05
1184	-6.08632014113e-05
1185	-6.03032908251e-05
1186	-5.97433802389e-05
1187	-5.91834696526e-05
1188	-5.90852456213e-05
1189	-5.9448725133e-05
1190	-5.98122046448e-05
1191	-6.01756841565e-05
1192	-6.05391636682e-05
1193	-6.090264318e-05
1194	-6.12661226917e-05
1195	-6.16296022034e-05
1196	-6.19930817152e-05
1197	-6.23565612269e-05
1198	-6.27200407387e-05
1199	-6.30835202504e-05
1200	-6.34469997621e-05
1201	-6.38104792739e-05
1202	-6.41739587856e-05
1203	-6.45374382974e-05
1204	-6.49009178091e-05
1205	-6.52643973208e-05
1206	-6.56278768326e-05
1207	-6.59913563443e-05
1208	-6.6354835856e-05
1209	-6.67183153678e-05
1210	-6.70817948795e-05
1211	-6.74452743913e-05
1212	-6.7808753903e-05
1213	-6.76225326062e-05
1214	-6.68865898483e-05
1215	-6.61506470903e-05
1216	-6.54147043324e-05
1217	-6.46787615744e-05
1218	-6.39428188165e-05
1219	-6.32068760586e-05
1220	-6.24709333006e-05
1221	-6.17349905427e-05
1222	-6.09990477848e-05
1223	-6.02631050268e-05
1224	-5.95271622689e-05
1225	-5.87912195109e-05
1226	-5.8055276753e-05
1227	-5.73193339951e-05
1228	-5.65833912371e-05
1229	-5.58474484792e-05
1230	-5.51115057212e-05
1231	-5.43755629633e-05
1232	-5.36396202054e-05
1233	-5.29036774474e-05
1234	-5.21677346895e-05
1235	-5.14317919316e-05
1236	-5.06958491736e-05
1237	-4.99599064157e-05
1238	-5.00669232175e-05
1239	-5.10169319024e-05
1240	-5.19669405874e-05
1241	-5.29169492724e-05
1242	-5.38669579574e-05
1243	-5.48169666423e-05
1244	-5.57669753273e-05
1245	-5.67169840123e-05
1246	-5.76669926973e-05
1247	-5.86170013822e-05
1248	-5.95670100672e-05
1249	-6.05170187522e-05
1250	-6.14670274372e-05
1251	-6.24170361222e-05
1252	-6.33670448071e-05
1253	-6.43170534921e-05
1254	-6.52670621771e-05
1255	-6.62170708621e-05
1256	-6.7167079547e-05
1257	-6.8117088232e-05
1258	-6.9067096917e-05
1259	-7.0017105602e-05
1260	-7.09671142869e-05
1261	-7.19171229719e-05
1262	-7.28671316569e-05
1263	-7.27503853058e-05
1264	-7.15668421873e-05
1265	-7.03832990688e-05
1266	-6.91997559502e-05
1267	-6.80162128317e-05
1268	-6.68326697132e-05
1269	-6.56491265947e-05
1270	-6.44655834762e-05
1271	-6.32820403576e-05
1272	-6.20984972391e-05
1273	-6.09149541206e-05
1274	-5.97314110021e-05
1275	-5.85478678836e-05
1276	-5.7364324765e-05
1277	-5.61807816465e-05
1278	-5.4997238528e-05
1279	-5.38136954095e-05
1280	-5.2630152291e-05
1281	-5.14466091724e-05
1282	-5.02630660539e-05
1283	-4.90795229354e-05
1284	-4.78959798169e-05
1285	-4.67124366984e-05
1286	-4.55288935798e-05
1287	-4.43453504613e-05
1288	-4.39595959164e-05
1289	-4.43716617724e-05
1290	-4.47837276284e-05
1291	-4.51957934844e-05
1292	-4.56078593405e-05
1293	-4.60199251965e-05
1294	-4.64319910525e-05
1295	-4.68440569086e-05
1296	-4.72561227646e-05
1297	-4.76681886206e-05
1298	-4.80802544766e-05
1299	-4.84923203327e-05
1300	-4.89043861887e-05
1301	-4.93164520447e-05
1302	-4.97285179008e-05
1303	-5.01405837568e-05
1304	-5.05526496128e-05
1305	-5.09647154688e-05
1306	-5.13767813249e-05
1307	-5.17888471809e-05
1308	-5.22009130369e-05
1309	-5.2612978893e-05
1310	-5.3025044749e-05
1311	-5.3437110605e-05
1312	-5.3849176461e-05
1313	-5.39257473746e-05
1314	-5.36668097015e-05
1315	-5.34078720283e-05
1316	-5.31489343551e-05
1317	-5.28899966819e-05
1318	-5.26310590087e-05
1319	-5.23721213356e-05
1320	-5.21131836624e-05
1321	-5.18542459892e-05
1322	-5.1595308316e-05
1323	-5.13363706428e-05
1324	-5.10774329697e-05
1325	-5.08184952965e-05
1326	-5.05595576233e-05
1327	-5.03006199501e-05
1328	-5.0041682277e-05
1329	-4.97827446038e-05
1330	-4.95238069306e-05
1331	-4.92648692574e-05
1332	-4.90059315842e-05
1333	-4.87469939111e-05
1334	-4.84880562379e-05
1335	-4.82291185647e-05
1336	-4.79701808915e-05
1337	-4.77112432183e-05
1338	-4.71856340624e-05
1339	-4.63933423717e-05
1340	-4.5601050681e-05
1341	-4.48087589904e-05
1342	-4.40164672997e-05
1343	-4.3224175609e-05
1344	-4.24318839183e-05
1345	-4.16395922277e-05
1346	-4.0847300537e-05
1347	-4.00550088463e-05
1348	-3.92627171556e-05
1349	-3.8470425465e-05
1350	-3.76781337743e-05
1351	-3.68858420836e-05
1352	-3.60935503929e-05
1353	-3.53012587023e-05
1354	-3.45089670116e-05
1355	-3.37166753209e-05
1356	-3.29243836302e-05
1357	-3.21320919396e-05
1358	-3.13398002489e-05
1359	-3.05475085582e-05
1360	-2.97552168676e-05
1361	-2.89629251769e-05
1362	-2.81706334862e-05
1363	-2.77527010961e-05
1364	-2.77091438114e-05
1365	-2.76655865267e-05
1366	-2.7622029242e-05
1367	-2.75784719573e-05
1368	-2.75349146726e-05
1369	-2.74913573879e-05
1370	-2.74478001032e-05
1371	-2.74042428185e-05
1372	-2.73606855338e-05
1373	-2.73171282491e-05
1374	-2.72735709644e-05
1375	-2.72300136797e-05
1376	-2.7186456395e-05
1377	-2.71428991103e-05
1378	-2.70993418256e-05
1379	-2.70557845409e-05
1380	-2.70122272562e-05
1381	-2.69686699715e-05
1382	-2.69251126868e-05
1383	-2.68815554021e-05
1384	-2.68379981174e-05
1385	-2.67944408327e-05
1386	-2.6750883548e-05
1387	-2.67073262633e-05
1388	-2.62640216353e-05
1389	-2.54209524776e-05
1390	-2.45778833199e-05
1391	-2.37348141622e-05
1392	-2.28917450044e-05
1393	-2.20486758467e-05
1394	-2.1205606689e-05
1395	-2.03625375313e-05
1396	-1.95194683736e-05
1397	-1.86763992158e-05
1398	-1.78333300581e-05
1399	-1.69902609004e-05
1400	-1.61471917427e-05
1401	-1.5304122585e-05
1402	-1.44610534272e-05
1403	-1.36179842695e-05
1404	-1.27749151118e-05
1405	-1.19318459541e-05
1406	-1.10887767964e-05
1407	-1.02457076386e-05
1408	-9.40263848093e-06
1409	-8.55956932321e-06
1410	-7.71650016549e-06
1411	-6.87343100777e-06
1412	-6.03036185005e-06
1413	-5.00780590682e-06
1414	-3.80575532231e-06
1415	-2.6037047378e-06
1416	-1.40165415328e-06
1417	-1.99603568774e-07
1418	1.00244701574e-06
1419	2.20449760025e-06
1420	3.40654818476e-06
1421	4.60859876927e-06
1422	5.81064935378e-06
1423	7.01269993829e-06
1424	8.2147505228e-06
1425	9.41680110731e-06
1426	1.06188516918e-05
1427	1.18209022763e-05
1428	1.30229528608e-05
1429	1.42250034454e-05
1430	1.54270540299e-05
1431	1.66291046144e-05
1432	1.78311551989e-05
1433	1.90332057834e-05
1434	2.02352563679e-05
1435	2.14373069524e-05
1436	2.26393575369e-05
1437	2.38414081214e-05
1438	2.67698423443e-05
1439	3.14247371031e-05
1440	3.60796318618e-05
1441	4.07345266206e-05
1442	4.53894213794e-05
1443	5.00443161382e-05
1444	5.46992108969e-05
1445	5.93541056557e-05
1446	6.40090004145e-05
1447	6.86638951733e-05
1448	7.3318789932e-05
1449	7.79736846908e-05
1450	8.26285794496e-05
1451	8.72834742084e-05
1452	9.19383689671e-05
1453	9.65932637259e-05
1454	0.000101248158485
1455	0.000105903053243
1456	0.000110557948002
1457	0.000115212842761
1458	0.00011986773752
1459	0.000124522632279
1460	0.000129177527037
1461	0.000133832421796
1462	0.000138487316555
1463	0.000147824183584
1464	0.000161843235058
1465	0.000175862286533
1466	0.000189881338007
1467	0.000203900389481
1468	0.000217919440955
1469	0.000231938492429
1470	0.000245957543904
1471	0.000259976595378
1472	0.000273995646852
1473	0.000288014698326
1474	0.0003020337498
1475	0.000316052801275
1476	0.000330071852749
1477	0.000344090904223
1478	0.000358109955697
1479	0.000372129007171
1480	0.000386148058646
1481	0.00040016711012
1482	0.000414186161594
1483	0.000428205213068
1484	0.000442224264542
1485	0.000456243316017
1486	0.000470262367491
1487	0.000484281418965
1488	0.000536830150432
1489	0.0006279103378
1490	0.000718990525169
1491	0.000810070712537
1492	0.000901150899905
1493	0.000992231087273
1494	0.00108331127464
1495	0.00117439146201
1496	0.00126547164938
1497	0.00135655183675
1498	0.00144763202411
1499	0.00153871221148
1500	0.00162979239885
1501	0.00172087258622
1502	0.00181195277359
1503	0.00190303296095
1504	0.00199411314832
1505	0.00208519333569
1506	0.00217627352306
1507	0.00226735371043
1508	0.0023584338978
1509	0.00244951408516
1510	0.00254059427253
1511	0.0026316744599
1512	0.00272275464727
1513	0.00276142593555
1514	0.00274768586852
1515	0.00273394580148
1516	0.00272020573445
1517	0.00270646566742
1518	0.00269272560039
1519	0.00267898553335
1520	0.00266524546632
1521	0.00265150539929
1522	0.00263776533226
1523	0.00262402526522
1524	0.00261028519819
1525	0.00259654513116
1526	0.00258280506412
1527	0.00256906499709
1528	0.00255532493006
1529	0.00254158486303
1530	0.00252784479599
1531	0.00251410472896
1532	0.00250036466193
1533	0.0024866245949
1534	0.00247288452786
1535	0.00245914446083
1536	0.0024454043938
1537	0.00243166432676
1538	0.002442940896
1539	0.00247923529332
1540	0.00251552969064
1541	0.00255182408796
1542	0.00258811848528
1543	0.0026244128826
1544	0.00266070727992
1545	0.00269700167724
1546	0.00273329607456
1547	0.00276959047188
1548	0.00280588486921
1549	0.00284217926653
1550	0.00287847366385
1551	0.00291476806117
1552	0.00295106245849
1553	0.00298735685581
1554	0.00302365125313
1555	0.00305994565045
1556	0.00309624004777
1557	0.00313253444509
1558	0.00316882884242
1559	0.00320512323974
1560	0.00324141763706
1561	0.00327771203438
1562	0.0033140064317
1563	0.00332044173586
1564	0.00329701650121
1565	0.00327359126656
1566	0.00325016603191
1567	0.00322674079726
1568	0.0032033155626
1569	0.00317989032795
1570	0.0031564650933
1571	0.00313303985865
1572	0.003109614624
1573	0.00308618938935
1574	0.00306276415469
1575	0.00303933892004
1576	0.00301591368539
1577	0.00299248845074
1578	0.00296906321609
1579	0.00294563798143
1580	0.00292221274678
1581	0.00289878751213
1582	0.00287536227748
1583	0.00285193704283
1584	0.00282851180818
1585	0.00280508657352
1586	0.00278166133887
1587	0.00275823610422
1588	0.00275150903958
1589	0.00276148096633
1590	0.00277145289309
1591	0.00278142481984
1592	0.0027913967466
1593	0.00280136867335
1594	0.00281134060011
1595	0.00282131252686
1596	0.00283128445362
1597	0.00284125638038
1598	0.00285122830713
1599	0.00286120023389
1600	0.00287117216064
1601	0.0028811440874
1602	0.00289111601415
1603	0.00290108794091
1604	0.00291105986767
1605	0.00292103179442
1606	0.00293100372118
1607	0.00294097564793
1608	0.00295094757469
1609	0.00296091950144
1610	0.0029708914282
1611	0.00298086335496
1612	0.00299083528171
1613	0.00300820021329
1614	0.00303295851909
1615	0.00305771682489
1616	0.00308247513069
1617	0.00310723343649
1618	0.00313199174229
1619	0.00315675004809
1620	0.00318150835389
1621	0.00320626665969
1622	0.00323102496549
1623	0.00325578327129
1624	0.00328054157709
1625	0.00330529988289
1626	0.00333005818869
1627	0.00335481649449
1628	0.00337957480029
1629	0.00340433310609
1630	0.00342909141189
1631	0.00345384971769
1632	0.00347860802349
1633	0.00350336632929
1634	0.00352812463509
1635	0.00355288294089
1636	0.00357764124669
1637	0.00360239955249
1638	0.00359045017072
1639	0.00354179123884
1640	0.00349313230697
1641	0.00344447337509
1642	0.00339581444321
1643	0.00334715551133
1644	0.00329849657945
1645	0.00324983764757
1646	0.00320117871569
1647	0.00315251978381
1648	0.00310386085194
1649	0.00305520192006
1650	0.00300654298818
1651	0.0029578840563
1652	0.00290922512442
1653	0.00286056619254
1654	0.00281190726066
1655	0.00276324832878
1656	0.0027145893969
1657	0.00266593046503
1658	0.00261727153315
1659	0.00256861260127
1660	0.00251995366939
1661	0.00247129473751
1662	0.00242263580563
1663	0.00240605384521
1664	0.00242155050867
1665	0.00243704717213
1666	0.0024525438356
1667	0.00246804049906
1668	0.00248353716252
1669	0.00249903382599
1670	0.00251453048945
1671	0.00253002715291
1672	0.00254552381638
1673	0.00256102047984
1674	0.0025765171433
1675	0.00259201380677
1676	0.00260751047023
1677	0.00262300713369
1678	0.00263850379716
1679	0.00265400046062
1680	0.00266949712408
1681	0.00268499378755
1682	0.00270049045101
1683	0.00271598711447
1684	0.00273148377794
1685	0.0027469804414
1686	0.00276247710486
1687	0.00277797376833
1688	0.00277200694998
1689	0.00274457552752
1690	0.00271714410506
1691	0.0026897126826
1692	0.00266228126014
1693	0.00263484983768
1694	0.00260741841522
1695	0.00257998699276
1696	0.0025525555703
1697	0.00252512414784
1698	0.00249769272537
1699	0.00247026130291
1700	0.00244282988045
1701	0.00241539845799
1702	0.00238796703553
1703	0.00236053561307
1704	0.00233310419061
1705	0.00230567276815
1706	0.00227824134569
1707	0.00225080992323
1708	0.00222337850076
1709	0.0021959470783
1710	0.00216851565584
1711	0.00214108423338
1712	0.00211365281092
1713	0.00210883118627
1714	0.0021266205592
1715	0.00214440993213
1716	0.00216219930506
1717	0.00217998867799
1718	0.00219777805091
1719	0.00221556742384
1720	0.00223335679677
1721	0.0022511461697
1722	0.00226893554263
1723	0.00228672491556
1724	0.00230451428849
1725	0.00232230366142
1726	0.00234009303434
1727	0.00235788240727
1728	0.0023756717802
1729	0.00239346115313
1730	0.00241125052606
1731	0.00242903989899
1732	0.00244682927192
1733	0.00246461864485
1734	0.00248240801777
1735	0.0025001973907
1736	0.00251798676363
1737	0.00253577613656
1738	0.00254452485634
1739	0.00254423243624
1740	0.00254394001615
1741	0.00254364759605
1742	0.00254335517595
1743	0.00254306275585
1744	0.00254277033575
1745	0.00254247791565
1746	0.00254218549555
1747	0.00254189307545
1748	0.00254160065535
1749	0.00254130823525
1750	0.00254101581515
1751	0.00254072339505
1752	0.00254043097495
1753	0.00254013855485
1754	0.00253984613475
1755	0.00253955371465
1756	0.00253926129455
1757	0.00253896887445
1758	0.00253867645435
1759	0.00253838403425
1760	0.00253809161415
1761	0.00253779919405
1762	0.00253750677395
1763	0.00253105704889
1764	0.00251844968259
1765	0.00250584231629
1766	0.00249323494998
1767	0.00248062758368
1768	0.00246802021738
1769	0.00245541285108
1770	0.00244280548478
1771	0.00243019811848
1772	0.00241759075217
1773	0.00240498338587
1774	0.00239237601957
1775	0.00237976865327
1776	0.00236716128697
1777	0.00235455392066
1778	0.00234194655436
1779	0.00232933918806
1780	0.00231673182176
1781	0.00230412445546
1782	0.00229151708916
1783	0.00227890972285
1784	0.00226630235655
1785	0.00225369499025
1786	0.00224108762395
1787	0.00222848025765
1788	0.00222474685338
1789	0.00222988790266
1790	0.00223502895194
1791	0.00224017000122
1792	0.00224531105051
1793	0.00225045209979
1794	0.00225559314907
1795	0.00226073419835
1796	0.00226587524763
1797	0.00227101629691
1798	0.0022761573462
1799	0.00228129839548
1800	0.00228643944476
1801	0.00229158049404
1802	0.00229672154332
1803	0.0023018625926
1804	0.00230700364188
1805	0.00231214469117
1806	0.00231728574045
1807	0.00232242678973
1808	0.00232756783901
1809	0.00233270888829
1810	0.00233784993757
1811	0.00234299098686
1812	0.00234813203614
1813	0.00233811364773
1814	0.00231293497023
1815	0.00228775629274
1816	0.00226257761525
1817	0.00223739893775
1818	0.00221222026026
1819	0.00218704158276
1820	0.00216186290527
1821	0.00213668422777
1822	0.00211150555028
1823	0.00208632687279
1824	0.00206114819529
1825	0.0020359695178
1826	0.0020107908403
1827	0.00198561216281
1828	0.00196043348531
1829	0.00193525480782
1830	0.00191007613032
1831	0.00188489745283
1832	0.00185971877534
1833	0.00183454009784
1834	0.00180936142035
1835	0.00178418274285
1836	0.00175900406536
1837	0.00173382538786
1838	0.00172557553222
1839	0.00173425546231
1840	0.0017429353924
1841	0.00175161532249
1842	0.00176029525258
1843	0.00176897518267
1844	0.00177765511277
1845	0.00178633504286
1846	0.00179501497295
1847	0.00180369490304
1848	0.00181237483313
1849	0.00182105476322
1850	0.00182973469331
1851	0.0018384146234
1852	0.00184709455349
1853	0.00185577448358
1854	0.00186445441367
1855	0.00187313434376
1856	0.00188181427385
1857	0.00189049420395
1858	0.00189917413404
1859	0.00190785406413
1860	0.00191653399422
1861	0.00192521392431
1862	0.0019338938544
1863	0.00192985525487
1864	0.00191309739172
1865	0.00189633952857
1866	0.00187958166542
1867	0.00186282380226
1868	0.00184606593911
1869	0.00182930807596
1870	0.0018125502128
1871	0.00179579234965
1872	0.0017790344865
1873	0.00176227662334
1874	0.00174551876019
1875	0.00172876089704
1876	0.00171200303389
1877	0.00169524517073
1878	0.00167848730758
1879	0.00166172944443
1880	0.00164497158127
1881	0.00162821371812
1882	0.00161145585497
1883	0.00159469799181
1884	0.00157794012866
1885	0.00156118226551
1886	0.00154442440236
1887	0.0015276665392
1888	0.00149300643799
1889	0.00144044305168
1890	0.00138787966537
1891	0.00133531627905
1892	0.00128275289274
1893	0.00123018950643
1894	0.00117762612011
1895	0.0011250627338
1896	0.00107249934749
1897	0.00101993596117
1898	0.000967372574861
1899	0.000914809188548
1900	0.000862245802235
1901	0.000809682415922
1902	0.000757119029609
1903	0.000704555643296
1904	0.000651992256983
1905	0.00059942887067
1906	0.000546865484357
1907	0.000494302098044
1908	0.000441738711731
1909	0.000389175325418
1910	0.000336611939105
1911	0.000284048552792
1912	0.000231485166479
1913	0.000202346820869
1914	0.000196634904165
1915	0.000190922987461
1916	0.000185211070757
1917	0.000179499154053
1918	0.000173787237349
1919	0.000168075320645
1920	0.000162363403941
1921	0.000156651487237
1922	0.000150939570533
1923	0.000145227653829
1924	0.000139515737125
1925	0.00013380382042
1926	0.000128091903716
1927	0.000122379987012
1928	0.000116668070308
1929	0.000110956153604
1930	0.0001052442369
1931	9.95323201961e-05
1932	9.38204034921e-05
1933	8.8108486788e-05
1934	8.23965700839e-05
1935	7.66846533799e-05
1936	7.09727366758e-05
1937	6.52608199718e-05
1938	6.12544810688e-05
1939	5.89538223633e-05
1940	5.66531636577e-05
1941	5.43525049522e-05
1942	5.20518462466e-05
1943	4.97511875411e-05
1944	4.74505288356e-05
1945	4.514987013e-05
1946	4.28492114245e-05
1947	4.05485527189e-05
1948	3.82478940134e-05
1949	3.59472353078e-05
1950	3.36465766023e-05
1951	3.13459178968e-05
1952	2.90452591912e-05
1953	2.67446004857e-05
1954	2.44439417801e-05
1955	2.21432830746e-05
1956	1.9842624369e-05
1957	1.75419656635e-05
1958	1.52413069579e-05
1959	1.29406482524e-05
1960	1.06399895469e-05
1961	8.33933084131e-06
1962	6.03867213577e-06
1963	4.65731196428e-06
1964	4.19530623014e-06
1965	3.733300496e-06
1966	3.27129476186e-06
1967	2.80928902772e-06
1968	2.34728329358e-06
1969	1.88527755944e-06
1970	1.4232718253e-06
1971	9.61266091156e-07
1972	4.99260357016e-07
1973	3.72546228756e-08
1974	-4.24751111264e-07
1975	-8.86756845404e-07
1976	-1.34876257954e-06
1977	-1.81076831368e-06
1978	-2.27277404782e-06
1979	-2.73477978196e-06
1980	-3.1967855161e-06
1981	-3.65879125024e-06
1982	-4.12079698438e-06
1983	-4.58280271852e-06
1984	-5.04480845266e-06
1985	-5.5068141868e-06
1986	-5.96881992094e-06
1987	-6.43082565508e-06
1988	-6.87519783775e-06
1989	-7.30193538296e-06
1990	-7.72867292817e-06
1991	-8.15541047338e-06
1992	-8.58214801859e-06
1993	-9.00888556381e-06
1994	-9.43562310902e-06
1995	-9.86236065423e-06
1996	-1.02890981994e-05
1997	-1.07158357447e-05
1998	-1.11425732899e-05
1999	-1.15693108351e-05
2000	-1.19960483803e-05
2001	-1.24227859255e-05
2002	-1.28495234707e-05
2003	-1.32762610159e-05
2004	-1.37029985611e-05
2005	-1.41297361064e-05
2006	-1.45564736516e-05
2007	-1.49832111968e-05
2008	-1.5409948742e-05
2009	-1.58366862872e-05
2010	-1.62634238324e-05
2011	-1.66901613776e-05
2012	-1.71168989228e-05
2013	-1.73374517644e-05
2014	-1.73518070447e-05
2015	-1.73661623249e-05
2016	-1.73805176051e-05
2017	-1.73948728854e-05
2018	-1.74092281656e-05
2019	-1.74235834458e-05
2020	-1.74379387261e-05
2021	-1.74522940063e-05
2022	-1.74666492866e-05
2023	-1.74810045668e-05
2024	-1.7495359847e-05
2025	-1.75097151273e-05
2026	-1.75240704075e-05
2027	-1.75384256877e-05
2028	-1.7552780968e-05
2029	-1.75671362482e-05
2030	-1.75814915285e-05
2031	-1.75958468087e-05
2032	-1.76102020889e-05
2033	-1.76245573692e-05
2034	-1.76389126494e-05
2035	-1.76532679296e-05
2036	-1.76676232099e-05
2037	-1.76819784901e-05
2038	-1.78034439784e-05
2039	-1.80320264372e-05
2040	-1.82606088961e-05
2041	-1.84891913549e-05
2042	-1.87177738137e-05
2043	-1.89463562725e-05
2044	-1.91749387313e-05
2045	-1.94035211901e-05
2046	-1.96321036489e-05
2047	-1.98606861077e-05
2048	-2.00892685665e-05
2049	-2.03178510253e-05
2050	-2.05464334841e-05
2051	-2.07750159429e-05
2052	-2.10035984017e-05
2053	-2.12321808605e-05
2054	-2.14607633193e-05
2055	-2.16893457781e-05
2056	-2.19179282369e-05
2057	-2.21465106957e-05
2058	-2.23750931545e-05
2059	-2.26036756133e-05
2060	-2.28322580721e-05
2061	-2.30608405309e-05
2062	-2.32894229897e-05
2063	-2.33052319992e-05
2064	-2.31082539612e-05
2065	-2.29112759231e-05
2066	-2.27142978851e-05
2067	-2.25173198471e-05
2068	-2.2320341809e-05
2069	-2.2123363771e-05
2070	-2.19263857329e-05
2071	-2.17294076949e-05
2072	-2.15324296569e-05
2073	-2.13354516188e-05
2074	-2.11384735808e-05
2075	-2.09414955428e-05
2076	-2.07445175047e-05
2077	-2.05475394667e-05
2078	-2.03505614286e-05
2079	-2.01535833906e-05
2080	-1.99566053526e-05
2081	-1.97596273145e-05
2082	-1.95626492765e-05
2083	-1.93656712384e-05
2084	-1.91686932004e-05
2085	-1.89717151624e-05
2086	-1.87747371243e-05
2087	-1.85777590863e-05
2088	-1.85270943788e-05
2089	-1.86227524659e-05
2090	-1.8718410553e-05
2091	-1.88140686401e-05
2092	-1.89097267272e-05
2093	-1.90053848144e-05
2094	-1.91010429015e-05
2095	-1.91967009886e-05
2096	-1.92923590757e-05
2097	-1.93880171628e-05
2098	-1.948367525e-05
2099	-1.95793333371e-05
2100	-1.96749914242e-05
2101	-1.97706495113e-05
2102	-1.98663075985e-05
2103	-1.99619656856e-05
2104	-2.00576237727e-05
2105	-2.01532818598e-05
2106	-2.02489399469e-05
2107	-2.03445980341e-05
2108	-2.04402561212e-05
2109	-2.05359142083e-05
2110	-2.06315722954e-05
2111	-2.07272303825e-05
2112	-2.08228884697e-05
2113	-2.10279702193e-05
2114	-2.13424827943e-05
2115	-2.16569953693e-05
2116	-2.19715079442e-05
2117	-2.22860205192e-05
2118	-2.26005330942e-05
2119	-2.29150456691e-05
2120	-2.32295582441e-05
2121	-2.35440708191e-05
2122	-2.3858583394e-05
2123	-2.4173095969e-05
2124	-2.4487608544e-05
2125	-2.48021211189e-05
2126	-2.51166336939e-05
2127	-2.54311462689e-05
2128	-2.57456588439e-05
2129	-2.60601714188e-05
2130	-2.63746839938e-05
2131	-2.66891965688e-05
2132	-2.70037091437e-05
2133	-2.73182217187e-05
2134	-2.76327342937e-05
2135	-2.79472468686e-05
2136	-2.82617594436e-05
2137	-2.85762720186e-05
2138	-2.85512829503e-05
2139	-2.81867697525e-05
2140	-2.78222565547e-05
2141	-2.74577433568e-05
2142	-2.7093230159e-05
2143	-2.67287169612e-05
2144	-2.63642037633e-05
2145	-2.59996905655e-05
2146	-2.56351773676e-05
2147	-2.52706641698e-05
2148	-2.4906150972e-05
2149	-2.45416377741e-05
2150	-2.41771245763e-05
2151	-2.38126113784e-05
2152	-2.34480981806e-05
2153	-2.30835849828e-05
2154	-2.27190717849e-05
2155	-2.23545585871e-05
2156	-2.19900453893e-05
2157	-2.16255321914e-05
2158	-2.12610189936e-05
2159	-2.08965057957e-05
2160	-2.05319925979e-05
2161	-2.01674794001e-05
2162	-1.98029662022e-05
2163	-1.97635047013e-05
2164	-2.00491166785e-05
2165	-2.03347286558e-05
2166	-2.0620340633e-05
2167	-2.09059526102e-05
2168	-2.11915645874e-05
2169	-2.14771765646e-05
2170	-2.17627885418e-05
2171	-2.20484005191e-05
2172	-2.23340124963e-05
2173	-2.26196244735e-05
2174	-2.29052364507e-05
2175	-2.31908484279e-05
2176	-2.34764604051e-05
2177	-2.37620723824e-05
2178	-2.40476843596e-05
2179	-2.43332963368e-05
2180	-2.4618908314e-05
2181	-2.49045202912e-05
2182	-2.51901322684e-05
2183	-2.54757442457e-05
2184	-2.57613562229e-05
2185	-2.60469682001e-05
2186	-2.63325801773e-05
2187	-2.66181921545e-05
2188	-2.66891759518e-05
2189	-2.6545517021e-05
2190	-2.64018580902e-05
2191	-2.62581991594e-05
2192	-2.61145402286e-05
2193	-2.59708812979e-05
2194	-2.58272223671e-05
2195	-2.56835634363e-05
2196	-2.55399045055e-05
2197	-2.53962455747e-05
2198	-2.52525866439e-05
2199	-2.51089277131e-05
2200	-2.49652687823e-05
2201	-2.48216098515e-05
2202	-2.46779509207e-05
2203	-2.45342919899e-05
2204	-2.43906330592e-05
2205	-2.42469741284e-05
2206	-2.41033151976e-05
2207	-2.39596562668e-05
2208	-2.3815997336e-05
2209	-2.36723384052e-05
2210	-2.35286794744e-05
2211	-2.33850205436e-05
2212	-2.32413616128e-05
2213	-2.32631036315e-05
2214	-2.34502579391e-05
2215	-2.36374122467e-05
2216	-2.38245665543e-05
2217	-2.40117208618e-05
2218	-2.41988751694e-05
2219	-2.4386029477e-05
2220	-2.45731837846e-05
2221	-2.47603380922e-05
2222	-2.49474923998e-05
2223	-2.51346467074e-05
2224	-2.5321801015e-05
2225	-2.55089553226e-05
2226	-2.56961096302e-05
2227	-2.58832639378e-05
2228	-2.60704182454e-05
2229	-2.62575725529e-05
2230	-2.64447268605e-05
2231	-2.66318811681e-05
2232	-2.68190354757e-05
2233	-2.70061897833e-05
2234	-2.71933440909e-05
2235	-2.73804983985e-05
2236	-2.75676527061e-05
2237	-2.77548070137e-05
2238	-2.77351169127e-05
2239	-2.7508568062e-05
2240	-2.72820192113e-05
2241	-2.70554703607e-05
2242	-2.682892151e-05
2243	-2.66023726593e-05
2244	-2.63758238087e-05
2245	-2.6149274958e-05
2246	-2.59227261073e-05
2247	-2.56961772567e-05
2248	-2.5469628406e-05
2249	-2.52430795553e-05
2250	-2.50165307047e-05
2251	-2.4789981854e-05
2252	-2.45634330034e-05
2253	-2.43368841527e-05
2254	-2.4110335302e-05
2255	-2.38837864514e-05
2256	-2.36572376007e-05
2257	-2.343068875e-05
2258	-2.32041398994e-05
2259	-2.29775910487e-05
2260	-2.2751042198e-05
2261	-2.25244933474e-05
2262	-2.22979444967e-05
2263	-2.21358341897e-05
2264	-2.2038166944e-05
2265	-2.19404996984e-05
2266	-2.18428324527e-05
2267	-2.1745165207e-05
2268	-2.16474979613e-05
2269	-2.15498307156e-05
2270	-2.14521634699e-05
2271	-2.13544962242e-05
2272	-2.12568289785e-05
2273	-2.11591617328e-05
2274	-2.10614944871e-05
2275	-2.09638272414e-05
2276	-2.08661599958e-05
2277	-2.07684927501e-05
2278	-2.06708255044e-05
2279	-2.05731582587e-05
2280	-2.0475491013e-05
2281	-2.03778237673e-05
2282	-2.02801565216e-05
2283	-2.01824892759e-05
2284	-2.00848220302e-05
2285	-1.99871547845e-05
2286	-1.98894875388e-05
2287	-1.97918202932e-05
2288	-1.94188208552e-05
2289	-1.87704697091e-05
2290	-1.8122118563e-05
2291	-1.74737674168e-05
2292	-1.68254162707e-05
2293	-1.61770651245e-05
2294	-1.55287139784e-05
2295	-1.48803628322e-05
2296	-1.42320116861e-05
2297	-1.35836605399e-05
2298	-1.29353093938e-05
2299	-1.22869582477e-05
2300	-1.16386071015e-05
2301	-1.09902559554e-05
2302	-1.03419048092e-05
2303	-9.69355366307e-06
2304	-9.04520251692e-06
2305	-8.39685137078e-06
2306	-7.74850022463e-06
2307	-7.10014907849e-06
2308	-6.45179793234e-06
2309	-5.8034467862e-06
2310	-5.15509564005e-06
2311	-4.50674449391e-06
2312	-3.85839334776e-06
2313	-3.48301510804e-06
2314	-3.38062933501e-06
2315	-3.27824356198e-06
2316	-3.17585778896e-06
2317	-3.07347201593e-06
2318	-2.9710862429e-06
2319	-2.86870046987e-06
2320	-2.76631469684e-06
2321	-2.66392892381e-06
2322	-2.56154315079e-06
2323	-2.45915737776e-06
2324	-2.35677160473e-06
2325	-2.2543858317e-06
2326	-2.15200005867e-06
2327	-2.04961428565e-06
2328	-1.94722851262e-06
2329	-1.84484273959e-06
2330	-1.74245696656e-06
2331	-1.64007119353e-06
2332	-1.5376854205e-06
2333	-1.43529964748e-06
2334	-1.33291387445e-06
2335	-1.23052810142e-06
2336	-1.12814232839e-06
2337	-1.02575655536e-06
2338	-9.63523797373e-07
2339	-9.41446962748e-07
2340	-9.19370128124e-07
2341	-8.97293293499e-07
2342	-8.75216458875e-07
2343	-8.53139624251e-07
2344	-8.31062789626e-07
2345	-8.08985955002e-07
2346	-7.86909120378e-07
2347	-7.64832285753e-07
2348	-7.42755451129e-07
2349	-7.20678616504e-07
2350	-6.9860178188e-07
2351	-6.76524947256e-07
2352	-6.54448112631e-07
2353	-6.32371278007e-07
2354	-6.10294443383e-07
2355	-5.88217608758e-07
2356	-5.66140774134e-07
2357	-5.44063939509e-07
2358	-5.21987104885e-07
2359	-4.99910270261e-07
2360	-4.77833435636e-07
2361	-4.55756601012e-07
2362	-4.33679766388e-07
2363	-4.18569269821e-07
2364	-4.10425621288e-07
2365	-4.02281972755e-07
2366	-3.94138324223e-07
2367	-3.8599467569e-07
2368	-3.77851027157e-07
2369	-3.69707378625e-07
2370	-3.61563730092e-07
2371	-3.5342008156e-07
2372	-3.45276433027e-07
2373	-3.37132784494e-07
2374	-3.28989135962e-07
2375	-3.20845487429e-07
2376	-3.12701838896e-07
2377	-3.04558190364e-07
2378	-2.96414541831e-07
2379	-2.88270893298e-07
2380	-2.80127244766e-07
2381	-2.71983596233e-07
2382	-2.63839947701e-07
2383	-2.55696299168e-07
2384	-2.47552650635e-07
2385	-2.39409002103e-07
2386	-2.3126535357e-07
2387	-2.23121705037e-07
2388	-2.17460146076e-07
2389	-2.14280860313e-07
2390	-2.1110157455e-07
2391	-2.07922288787e-07
2392	-2.04743003024e-07
2393	-2.01563717261e-07
2394	-1.98384431498e-07
2395	-1.95205145735e-07
2396	-1.92025859971e-07
2397	-1.88846574208e-07
2398	-1.85667288445e-07
2399	-1.82488002682e-07
2400	-1.79308716919e-07
2401	-1.76129431156e-07
2402	-1.72950145393e-07
2403	-1.6977085963e-07
2404	-1.66591573867e-07
2405	-1.63412288103e-07
2406	-1.6023300234e-07
2407	-1.57053716577e-07
2408	-1.53874430814e-07
2409	-1.50695145051e-07
2410	-1.47515859288e-07
2411	-1.44336573525e-07
2412	-1.41157287762e-07
2413	-1.38347215682e-07
2414	-1.35906384885e-07
2415	-1.33465554089e-07
2416	-1.31024723292e-07
2417	-1.28583892496e-07
2418	-1.26143061699e-07
2419	-1.23702230903e-07
2420	-1.21261400106e-07
2421	-1.1882056931e-07
2422	-1.16379738513e-07
2423	-1.13938907717e-07
2424	-1.1149807692e-07
2425	-1.09057246124e-07
2426	-1.06616415327e-07
2427	-1.04175584531e-07
2428	-1.01734753735e-07
2429	-9.9293922938e-08
2430	-9.68530921416e-08
2431	-9.44122613451e-08
2432	-9.19714305486e-08
2433	-8.95305997522e-08
2434	-8.70897689557e-08
2435	-8.46489381592e-08
2436	-8.22081073627e-08
2437	-7.97672765663e-08
2438	-7.79288805829e-08
2439	-7.66929649145e-08
2440	-7.5457049246e-08
2441	-7.42211335776e-08
2442	-7.29852179092e-08
2443	-7.17493022407e-08
2444	-7.05133865723e-08
2445	-6.92774709039e-08
2446	-6.80415552354e-08
2447	-6.6805639567e-08
2448	-6.55697238986e-08
2449	-6.43338082301e-08
2450	-6.30978925617e-08
2451	-6.18619768933e-08
2452	-6.06260612249e-08
2453	-5.93901455564e-08
2454	-5.8154229888e-08
2455	-5.69183142196e-08
2456	-5.56823985511e-08
2457	-5.44464828827e-08
2458	-5.32105672143e-08
2459	-5.19746515458e-08
2460	-5.07387358774e-08
2461	-4.9502820209e-08
2462	-4.82669045405e-08
2463	-4.73973650402e-08
2464	-4.68942296641e-08
2465	-4.63910942881e-08
2466	-4.5887958912e-08
2467	-4.53848235359e-08
2468	-4.48816881598e-08
2469	-4.43785527838e-08
2470	-4.38754174077e-08
2471	-4.33722820316e-08
2472	-4.28691466556e-08
2473	-4.23660112795e-08
2474	-4.18628759034e-08
2475	-4.13597405274e-08
2476	-4.08566051513e-08
2477	-4.03534697752e-08
2478	-3.98503343992e-08
2479	-3.93471990231e-08
2480	-3.8844063647e-08
2481	-3.8340928271e-08
2482	-3.78377928949e-08
2483	-3.73346575188e-08
2484	-3.68315221428e-08
2485	-3.63283867667e-08
2486	-3.58252513906e-08
2487	-3.53221160145e-08
2488	-3.45838466583e-08
2489	-3.3610425198e-08
2490	-3.26370037376e-08
2491	-3.16635822773e-08
2492	-3.06901608169e-08
2493	-2.97167393566e-08
2494	-2.87433178963e-08
2495	-2.77698964359e-08
2496	-2.67964749756e-08
2497	-2.58230535152e-08
2498	-2.48496320549e-08
2499	-2.38762105945e-08
2500	-2.29027891342e-08
2501	-2.19293676738e-08
2502	-2.09559462135e-08
2503	-1.99825247532e-08
2504	-1.90091032928e-08
2505	-1.80356818325e-08
2506	-1.70622603721e-08
2507	-1.60888389118e-08
2508	-1.51154174514e-08
2509	-1.41419959911e-08
2510	-1.31685745307e-08
2511	-1.21951530704e-08
2512	-1.12217316101e-08
2513	-1.07626428224e-08
2514	-1.08179267504e-08
2515	-1.08732106783e-08
2516	-1.09284946063e-08
2517	-1.09837785342e-08
2518	-1.10390624622e-08
2519	-1.10943463901e-08
2520	-1.11496303181e-08
2521	-1.1204914246e-08
2522	-1.1260198174e-08
2523	-1.13154821019e-08
2524	-1.13707660299e-08
2525	-1.14260499578e-08
2526	-1.14813338858e-08
2527	-1.15366178137e-08
2528	-1.15919017417e-08
2529	-1.16471856696e-08
2530	-1.17024695976e-08
2531	-1.17577535255e-08
2532	-1.18130374535e-08
2533	-1.18683213814e-08
2534	-1.19236053094e-08
2535	-1.19788892373e-08
2536	-1.20341731652e-08
2537	-1.20894570932e-08
2538	-1.20257817756e-08
2539	-1.18431378588e-08
2540	-1.1660493942e-08
2541	-1.14778500251e-08
2542	-1.12952061083e-08
2543	-1.11125621915e-08
2544	-1.09299182747e-08
2545	-1.07472743579e-08
2546	-1.05646304411e-08
2547	-1.03819865243e-08
2548	-1.01993426075e-08
2549	-1.00166986907e-08
2550	-9.83405477387e-09
2551	-9.65141085706e-09
2552	-9.46876694025e-09
2553	-9.28612302344e-09
2554	-9.10347910664e-09
2555	-8.92083518983e-09
2556	-8.73819127302e-09
2557	-8.55554735621e-09
2558	-8.3729034394e-09
2559	-8.19025952259e-09
2560	-8.00761560578e-09
2561	-7.82497168897e-09
2562	-7.64232777217e-09
2563	-7.49594172782e-09
2564	-7.38581643494e-09
2565	-7.27569114207e-09
2566	-7.16556584919e-09
2567	-7.05544055631e-09
2568	-6.94531526343e-09
2569	-6.83518997055e-09
2570	-6.72506467767e-09
2571	-6.61493938479e-09
2572	-6.50481409192e-09
2573	-6.39468879904e-09
2574	-6.28456350616e-09
2575	-6.17443821328e-09
2576	-6.0643129204e-09
2577	-5.95418762752e-09
2578	-5.84406233464e-09
2579	-5.73393704177e-09
2580	-5.62381174889e-09
2581	-5.51368645601e-09
2582	-5.40356116313e-09
2583	-5.29343587025e-09
2584	-5.18331057737e-09
2585	-5.07318528449e-09
2586	-4.96305999162e-09
2587	-4.85293469874e-09
2588	-4.77053210263e-09
2589	-4.71585442606e-09
2590	-4.66117674948e-09
2591	-4.60649907291e-09
2592	-4.55182139633e-09
2593	-4.49714371976e-09
2594	-4.44246604318e-09
2595	-4.38778836661e-09
2596	-4.33311069004e-09
2597	-4.27843301346e-09
2598	-4.22375533689e-09
2599	-4.16907766031e-09
2600	-4.11439998374e-09
2601	-4.05972230716e-09
2602	-4.00504463059e-09
2603	-3.95036695401e-09
2604	-3.89568927744e-09
2605	-3.84101160086e-09
2606	-3.78633392429e-09
2607	-3.73165624771e-09
2608	-3.67697857114e-09
2609	-3.62230089456e-09
2610	-3.56762321799e-09
2611	-3.51294554141e-09
2612	-3.45826786484e-09
2613	-3.39661765233e-09
2614	-3.32799433944e-09
2615	-3.25937102655e-09
2616	-3.19074771366e-09
2617	-3.12212440078e-09
2618	-3.05350108789e-09
2619	-2.984877775e-09
2620	-2.91625446211e-09
2621	-2.84763114922e-09
2622	-2.77900783634e-09
2623	-2.71038452345e-09
2624	-2.64176121056e-09
2625	-2.57313789767e-09
2626	-2.50451458478e-09
2627	-2.43589127189e-09
2628	-2.36726795901e-09
2629	-2.29864464612e-09
2630	-2.23002133323e-09
2631	-2.16139802034e-09
2632	-2.09277470745e-09
2633	-2.02415139457e-09
2634	-1.95552808168e-09
2635	-1.88690476879e-09
2636	-1.8182814559e-09
2637	-1.74965814301e-09
2638	-1.71873449753e-09
2639	-1.72551360055e-09
2640	-1.73229270357e-09
2641	-1.73907180659e-09
2642	-1.74585090961e-09
2643	-1.75263001263e-09
2644	-1.75940911565e-09
2645	-1.76618821867e-09
2646	-1.7729673217e-09
2647	-1.77974642472e-09
2648	-1.78652552774e-09
2649	-1.79330463076e-09
2650	-1.80008373378e-09
2651	-1.8068628368e-09
2652	-1.81364193982e-09
2653	-1.82042104284e-09
2654	-1.82720014586e-09
2655	-1.83397924888e-09
2656	-1.8407583519e-09
2657	-1.84753745492e-09
2658	-1.85431655794e-09
2659	-1.86109566097e-09
2660	-1.86787476399e-09
2661	-1.87465386701e-09
2662	-1.88143297003e-09
2663	-1.86976585284e-09
2664	-1.83965099359e-09
2665	-1.80953613434e-09
2666	-1.7794212751e-09
2667	-1.74930641585e-09
2668	-1.7191915566e-09
2669	-1.68907669735e-09
2670	-1.6589618381e-09
2671	-1.62884697886e-09
2672	-1.59873211961e-09
2673	-1.56861726036e-09
2674	-1.53850240111e-09
2675	-1.50838754186e-09
2676	-1.47827268261e-09
2677	-1.44815782337e-09
2678	-1.41804296412e-09
2679	-1.38792810487e-09
2680	-1.35781324562e-09
2681	-1.32769838637e-09
2682	-1.29758352713e-09
2683	-1.26746866788e-09
2684	-1.23735380863e-09
2685	-1.20723894938e-09
2686	-1.17712409013e-09
2687	-1.14700923088e-09
2688	-1.12216632416e-09
2689	-1.10259580899e-09
2690	-1.08302529382e-09
2691	-1.06345477866e-09
2692	-1.04388426349e-09
2693	-1.02431374832e-09
2694	-1.00474323315e-09
2695	-9.85172717983e-10
2696	-9.65602202815e-10
2697	-9.46031687647e-10
2698	-9.26461172479e-10
2699	-9.0689065731e-10
2700	-8.87320142142e-10
2701	-8.67749626974e-10
2702	-8.48179111806e-10
2703	-8.28608596638e-10
2704	-8.09038081469e-10
2705	-7.89467566301e-10
2706	-7.69897051133e-10
2707	-7.50326535965e-10
2708	-7.30756020797e-10
2709	-7.11185505628e-10
2710	-6.9161499046e-10
2711	-6.72044475292e-10
2712	-6.52473960124e-10
2713	-6.35993931678e-10
2714	-6.22604649715e-10
2715	-6.09215367751e-10
2716	-5.95826085788e-10
2717	-5.82436803825e-10
2718	-5.69047521861e-10
2719	-5.55658239898e-10
2720	-5.42268957935e-10
2721	-5.28879675972e-10
2722	-5.15490394008e-10
2723	-5.02101112045e-10
2724	-4.88711830082e-10
2725	-4.75322548118e-10
2726	-4.61933266155e-10
2727	-4.48543984192e-10
2728	-4.35154702228e-10
2729	-4.21765420265e-10
2730	-4.08376138302e-10
2731	-3.94986856339e-10
2732	-3.81597574375e-10
2733	-3.68208292412e-10
2734	-3.54819010449e-10
2735	-3.41429728485e-10
2736	-3.28040446522e-10
2737	-3.14651164559e-10
2738	-3.06479884426e-10
2739	-3.03527048747e-10
2740	-3.00574213068e-10
2741	-2.97621377389e-10
2742	-2.9466854171e-10
2743	-2.91715706031e-10
2744	-2.88762870352e-10
2745	-2.85810034673e-10
2746	-2.82857198994e-10
2747	-2.79904363315e-10
2748	-2.76951527636e-10
2749	-2.73998691957e-10
2750	-2.71045856278e-10
2751	-2.68093020599e-10
2752	-2.6514018492e-10
2753	-2.62187349241e-10
2754	-2.59234513562e-10
2755	-2.56281677883e-10
2756	-2.53328842204e-10
2757	-2.50376006525e-10
2758	-2.47423170846e-10
2759	-2.44470335167e-10
2760	-2.41517499488e-10
2761	-2.38564663809e-10
2762	-2.3561182813e-10
2763	-2.32154045366e-10
2764	-2.28191272292e-10
2765	-2.24228499218e-10
2766	-2.20265726144e-10
2767	-2.1630295307e-10
2768	-2.12340179996e-10
2769	-2.08377406923e-10
2770	-2.04414633849e-10
2771	-2.00451860775e-10
2772	-1.96489087701e-10
2773	-1.92526314627e-10
2774	-1.88563541553e-10
2775	-1.84600768479e-10
2776	-1.80637995406e-10
2777	-1.76675222332e-10
2778	-1.72712449258e-10
2779	-1.68749676184e-10
2780	-1.6478690311e-10
2781	-1.60824130036e-10
2782	-1.56861356962e-10
2783	-1.52898583888e-10
2784	-1.48935810815e-10
2785	-1.44973037741e-10
2786	-1.41010264667e-10
2787	-1.37047491593e-10
2788	-1.33110821853e-10
2789	-1.29200257703e-10
2790	-1.25289693552e-10
2791	-1.21379129402e-10
2792	-1.17468565252e-10
2793	-1.13558001101e-10
2794	-1.09647436951e-10
2795	-1.057368728e-10
2796	-1.0182630865e-10
2797	-9.79157444991e-11
2798	-9.40051803487e-11
2799	-9.00946161982e-11
2800	-8.61840520477e-11
2801	-8.22734878972e-11
2802	-7.83629237468e-11
2803	-7.44523595963e-11
2804	-7.05417954458e-11
2805	-6.66312312953e-11
2806	-6.27206671449e-11
2807	-5.88101029944e-11
2808	-5.48995388439e-11
2809	-5.09889746934e-11
2810	-4.7078410543e-11
2811	-4.31678463925e-11
2812	-3.9257282242e-11
2813	-3.57716277292e-11
2814	-3.2710919885e-11
2815	-2.96502120409e-11
2816	-2.65895041967e-11
2817	-2.35287963526e-11
2818	-2.04680885085e-11
2819	-1.74073806643e-11
2820	-1.43466728202e-11
2821	-1.1285964976e-11
2822	-8.22525713188e-12
2823	-5.16454928774e-12
2824	-2.1038414436e-12
2825	9.56866400548e-13
2826	4.01757424469e-12
2827	7.07828208884e-12
2828	1.0138989933e-11
2829	1.31996977771e-11
2830	1.62604056213e-11
2831	1.93211134654e-11
2832	2.23818213096e-11
2833	2.54425291537e-11
2834	2.85032369978e-11
2835	3.1563944842e-11
2836	3.46246526861e-11
2837	3.76853605303e-11
2838	3.93705392631e-11
2839	3.96800679409e-11
2840	3.99895966187e-11
2841	4.02991252966e-11
2842	4.06086539744e-11
2843	4.09181826523e-11
2844	4.12277113301e-11
2845	4.15372400079e-11
2846	4.18467686858e-11
2847	4.21562973636e-11
2848	4.24658260415e-11
2849	4.27753547193e-11
2850	4.30848833971e-11
2851	4.3394412075e-11
2852	4.37039407528e-11
2853	4.40134694307e-11
2854	4.43229981085e-11
2855	4.46325267864e-11
2856	4.49420554642e-11
2857	4.5251584142e-11
2858	4.55611128199e-11
2859	4.58706414977e-11
2860	4.61801701756e-11
2861	4.64896988534e-11
2862	4.67992275312e-11
2863	4.68691375952e-11
2864	4.66994077911e-11
2865	4.6529677987e-11
2866	4.63599481828e-11
2867	4.61902183787e-11
2868	4.60204885746e-11
2869	4.58507587705e-11
2870	4.56810289664e-11
2871	4.55112991623e-11
2872	4.53415693582e-11
2873	4.51718395541e-11
2874	4.500210975e-11
2875	4.48323799459e-11
2876	4.46626501418e-11
2877	4.44929203376e-11
2878	4.43231905335e-11
2879	4.41534607294e-11
2880	4.39837309253e-11
2881	4.38140011212e-11
2882	4.36442713171e-11
2883	4.3474541513e-11
2884	4.33048117089e-11
2885	4.31350819048e-11
2886	4.29653521007e-11
2887	4.27956222966e-11
2888	4.34436643825e-11
2889	4.49095515282e-11
2890	4.63754386739e-11
2891	4.78413258196e-11
2892	4.93072129653e-11
2893	5.0773100111e-11
2894	5.22389872567e-11
2895	5.37048744024e-11
2896	5.51707615481e-11
2897	5.66366486938e-11
2898	5.81025358394e-11
2899	5.95684229851e-11
2900	6.10343101308e-11
2901	6.25001972765e-11
2902	6.39660844222e-11
2903	6.54319715679e-11
2904	6.68978587136e-11
2905	6.83637458593e-11
2906	6.9829633005e-11
2907	7.12955201507e-11
2908	7.27614072964e-11
2909	7.42272944421e-11
2910	7.56931815878e-11
2911	7.71590687335e-11
2912	7.86249558792e-11
2913	7.9069740801e-11
2914	7.84933313452e-11
2915	7.79169218894e-11
2916	7.73405124337e-11
2917	7.67641029779e-11
2918	7.61876935221e-11
2919	7.56112840663e-11
2920	7.50348746105e-11
2921	7.44584651547e-11
2922	7.38820556989e-11
2923	7.33056462431e-11
2924	7.27292367873e-11
2925	7.21528273315e-11
2926	7.15764178758e-11
2927	7.100000842e-11
2928	7.04235989642e-11
2929	6.98471895084e-11
2930	6.92707800526e-11
2931	6.86943705968e-11
2932	6.8117961141e-11
2933	6.75415516852e-11
2934	6.69651422294e-11
2935	6.63887327736e-11
2936	6.58123233179e-11
2937	6.52359138621e-11
2938	6.4526452823e-11
2939	6.36839280899e-11
2940	6.28414033567e-11
2941	6.19988786236e-11
2942	6.11563538904e-11
2943	6.03138291573e-11
2944	5.94713044241e-11
2945	5.8628779691e-11
2946	5.77862549578e-11
2947	5.69437302247e-11
2948	5.61012054915e-11
2949	5.52586807583e-11
2950	5.44161560252e-11
2951	5.3573631292e-11
2952	5.27311065589e-11
2953	5.18885818257e-11
2954	5.10460570926e-11
2955	5.02035323594e-11
2956	4.93610076263e-11
2957	4.85184828931e-11
2958	4.767595816e-11
2959	4.68334334268e-11
2960	4.59909086937e-11
2961	4.51483839605e-11
2962	4.43058592273e-11
2963	4.33557567215e-11
2964	4.22980665674e-11
2965	4.12403764134e-11
2966	4.01826862593e-11
2967	3.91249961053e-11
2968	3.80673059512e-11
2969	3.70096157971e-11
2970	3.59519256431e-11
2971	3.4894235489e-11
2972	3.3836545335e-11
2973	3.27788551809e-11
2974	3.17211650269e-11
2975	3.06634748728e-11
2976	2.96057847187e-11
2977	2.85480945647e-11
2978	2.74904044106e-11
2979	2.64327142566e-11
2980	2.53750241025e-11
2981	2.43173339484e-11
2982	2.32596437944e-11
2983	2.22019536403e-11
2984	2.11442634863e-11
2985	2.00865733322e-11
2986	1.90288831782e-11
2987	1.79711930241e-11
2988	1.76559352055e-11
2989	1.80831784519e-11
2990	1.85104216983e-11
2991	1.89376649447e-11
2992	1.93649081911e-11
2993	1.97921514375e-11
2994	2.02193946839e-11
2995	2.06466379303e-11
2996	2.10738811767e-11
2997	2.1501124423e-11
2998	2.19283676694e-11
2999	2.23556109158e-11
3000	2.27828541622e-11
3001	2.32100974086e-11
3002	2.3637340655e-11
3003	2.40645839014e-11
3004	2.44918271478e-11
3005	2.49190703942e-11
3006	2.53463136406e-11
3007	2.5773556887e-11
3008	2.62008001333e-11
3009	2.66280433797e-11
3010	2.70552866261e-11
3011	2.74825298725e-11
3012	2.79097731189e-11
3013	2.7846807801e-11
3014	2.72935881587e-11
3015	2.67403685164e-11
3016	2.61871488742e-11
3017	2.56339292319e-11
3018	2.50807095896e-11
3019	2.45274899474e-11
3020	2.39742703051e-11
3021	2.34210506628e-11
3022	2.28678310206e-11
3023	2.23146113783e-11
3024	2.1761391736e-11
3025	2.12081720937e-11
3026	2.06549524515e-11
3027	2.01017328092e-11
3028	1.95485131669e-11
3029	1.89952935247e-11
3030	1.84420738824e-11
3031	1.78888542401e-11
3032	1.73356345979e-11
3033	1.67824149556e-11
3034	1.62291953133e-11
3035	1.5675975671e-11
3036	1.51227560288e-11
3037	1.45695363865e-11
3038	1.44504714966e-11
3039	1.4765602223e-11
3040	1.50807329494e-11
3041	1.53958636758e-11
3042	1.57109944022e-11
3043	1.60261251286e-11
3044	1.6341255855e-11
3045	1.66563865814e-11
3046	1.69715173078e-11
3047	1.72866480342e-11
3048	1.76017787606e-11
3049	1.7916909487e-11
3050	1.82320402134e-11
3051	1.85471709398e-11
3052	1.88623016662e-11
3053	1.91774323926e-11
3054	1.9492563119e-11
3055	1.98076938454e-11
3056	2.01228245718e-11
3057	2.04379552982e-11
3058	2.07530860246e-11
3059	2.1068216751e-11
3060	2.13833474774e-11
3061	2.16984782038e-11
3062	2.20136089302e-11
3063	2.22840988125e-11
3064	2.25099436145e-11
3065	2.27357884164e-11
3066	2.29616332184e-11
3067	2.31874780203e-11
3068	2.34133228223e-11
3069	2.36391676243e-11
3070	2.38650124262e-11
3071	2.40908572282e-11
3072	2.43167020302e-11
3073	2.45425468321e-11
3074	2.47683916341e-11
3075	2.4994236436e-11
3076	2.5220081238e-11
3077	2.544592604e-11
3078	2.56717708419e-11
3079	2.58976156439e-11
3080	2.61234604459e-11
3081	2.63493052478e-11
3082	2.65751500498e-11
3083	2.68009948518e-11
3084	2.70268396537e-11
3085	2.72526844557e-11
3086	2.74785292576e-11
3087	2.77043740596e-11
3088	2.73577130913e-11
3089	2.64384915798e-11
3090	2.55192700684e-11
3091	2.46000485569e-11
3092	2.36808270454e-11
3093	2.27616055339e-11
3094	2.18423840225e-11
3095	2.0923162511e-11
3096	2.00039409995e-11
3097	1.90847194881e-11
3098	1.81654979766e-11
3099	1.72462764651e-11
3100	1.63270549536e-11
3101	1.54078334422e-11
3102	1.44886119307e-11
3103	1.35693904192e-11
3104	1.26501689078e-11
3105	1.17309473963e-11
3106	1.08117258848e-11
3107	9.89250437335e-12
3108	8.97328286188e-12
3109	8.05406135041e-12
3110	7.13483983894e-12
3111	6.21561832747e-12
3112	5.296396816e-12
3113	5.21852310534e-12
3114	5.98207834091e-12
3115	6.74563357648e-12
3116	7.50918881204e-12
3117	8.27274404761e-12
3118	9.03629928318e-12
3119	9.79985451875e-12
3120	1.05634097543e-11
3121	1.13269649899e-11
3122	1.20905202254e-11
3123	1.2854075461e-11
3124	1.36176306966e-11
3125	1.43811859321e-11
3126	1.51447411677e-11
3127	1.59082964033e-11
3128	1.66718516388e-11
3129	1.74354068744e-11
3130	1.819896211e-11
3131	1.89625173455e-11
3132	1.97260725811e-11
3133	2.04896278167e-11
3134	2.12531830523e-11
3135	2.20167382878e-11
3136	2.27802935234e-11
3137	2.3543848759e-11
3138	2.34606601566e-11
3139	2.25306453945e-11
3140	2.16006306324e-11
3141	2.06706158703e-11
3142	1.97406011083e-11
3143	1.88105863462e-11
3144	1.78805715841e-11
3145	1.6950556822e-11
3146	1.60205420599e-11
3147	1.50905272978e-11
3148	1.41605125357e-11
3149	1.32304977736e-11
3150	1.23004830116e-11
3151	1.13704682495e-11
3152	1.04404534874e-11
3153	9.5104387253e-12
3154	8.58042396322e-12
3155	7.65040920113e-12
3156	6.72039443905e-12
3157	5.79037967696e-12
3158	4.86036491487e-12
3159	3.93035015279e-12
3160	3.0003353907e-12
3161	2.07032062861e-12
3162	1.14030586653e-12
3163	8.41820391801e-13
3164	1.17492609199e-12
3165	1.50803179219e-12
3166	1.84113749238e-12
3167	2.17424319257e-12
3168	2.50734889277e-12
3169	2.84045459296e-12
3170	3.17356029315e-12
3171	3.50666599335e-12
3172	3.83977169354e-12
3173	4.17287739373e-12
3174	4.50598309393e-12
3175	4.83908879412e-12
3176	5.17219449431e-12
3177	5.50530019451e-12
3178	5.8384058947e-12
3179	6.17151159489e-12
3180	6.50461729509e-12
3181	6.83772299528e-12
3182	7.17082869547e-12
3183	7.50393439567e-12
3184	7.83704009586e-12
3185	8.17014579605e-12
3186	8.50325149624e-12
3187	8.83635719644e-12
3188	8.97326194449e-12
3189	8.91394636144e-12
3190	8.85463077838e-12
3191	8.79531519532e-12
3192	8.73599961227e-12
3193	8.67668402921e-12
3194	8.61736844615e-12
3195	8.55805286309e-12
3196	8.49873728004e-12
3197	8.43942169698e-12
3198	8.38010611392e-12
3199	8.32079053087e-12
3200	8.26147494781e-12
3201	8.20215936475e-12
3202	8.1428437817e-12
3203	8.08352819864e-12
3204	8.02421261558e-12
3205	7.96489703252e-12
3206	7.90558144947e-12
3207	7.84626586641e-12
3208	7.78695028335e-12
3209	7.7276347003e-12
3210	7.66831911724e-12
3211	7.60900353418e-12
3212	7.54968795113e-12
3213	7.38404808917e-12
3214	7.11207336419e-12
3215	6.84009863921e-12
3216	6.56812391424e-12
3217	6.29614918926e-12
3218	6.02417446428e-12
3219	5.7521997393e-12
3220	5.48022501432e-12
3221	5.20825028934e-12
3222	4.93627556436e-12
3223	4.66430083938e-12
3224	4.3923261144e-12
3225	4.12035138942e-12
3226	3.84837666445e-12
3227	3.57640193947e-12
3228	3.30442721449e-12
3229	3.03245248951e-12
3230	2.76047776453e-12
3231	2.48850303955e-12
3232	2.21652831457e-12
3233	1.94455358959e-12
3234	1.67257886461e-12
3235	1.40060413963e-12
3236	1.12862941465e-12
3237	8.56654689675e-13
3238	7.33132978199e-13
3239	7.58079173102e-13
3240	7.83025368006e-13
3241	8.0797156291e-13
3242	8.32917757813e-13
3243	8.57863952717e-13
3244	8.82810147621e-13
3245	9.07756342524e-13
3246	9.32702537428e-13
3247	9.57648732332e-13
3248	9.82594927235e-13
3249	1.00754112214e-12
3250	1.03248731704e-12
3251	1.05743351195e-12
3252	1.08237970685e-12
3253	1.10732590175e-12
3254	1.13227209666e-12
3255	1.15721829156e-12
3256	1.18216448646e-12
3257	1.20711068137e-12
3258	1.23205687627e-12
3259	1.25700307118e-12
3260	1.28194926608e-12
3261	1.30689546098e-12
3262	1.33184165589e-12
3263	1.36870310567e-12
3264	1.41748101491e-12
3265	1.46625892415e-12
3266	1.51503683339e-12
3267	1.56381474264e-12
3268	1.61259265188e-12
3269	1.66137056112e-12
3270	1.71014847036e-12
3271	1.7589263796e-12
3272	1.80770428884e-12
3273	1.85648219808e-12
3274	1.90526010732e-12
3275	1.95403801656e-12
3276	2.0028159258e-12
3277	2.05159383505e-12
3278	2.10037174429e-12
3279	2.14914965353e-12
3280	2.19792756277e-12
3281	2.24670547201e-12
3282	2.29548338125e-12
3283	2.34426129049e-12
3284	2.39303919973e-12
3285	2.44181710897e-12
3286	2.49059501821e-12
3287	2.53937292746e-12
3288	2.49440285417e-12
3289	2.35567524826e-12
3290	2.21694764235e-12
3291	2.07822003643e-12
3292	1.93949243052e-12
3293	1.80076482461e-12
3294	1.6620372187e-12
3295	1.52330961279e-12
3296	1.38458200688e-12
3297	1.24585440097e-12
3298	1.10712679505e-12
3299	9.68399189142e-13
3300	8.29671583231e-13
3301	6.90943977319e-13
3302	5.52216371408e-13
3303	4.13488765496e-13
3304	2.74761159585e-13
3305	1.36033553673e-13
3306	-2.69405223839e-15
3307	-1.4142165815e-13
3308	-2.80149264061e-13
3309	-4.18876869973e-13
3310	-5.57604475885e-13
3311	-6.96332081796e-13
3312	-8.35059687708e-13
3313	-9.04427050392e-13
3314	-9.04427050392e-13
3315	-9.04427050392e-13
3316	-9.04427050392e-13
3317	-9.04427050392e-13
3318	-9.04427050392e-13
3319	-9.04427050392e-13
3320	-9.04427050392e-13
3321	-9.04427050392e-13
3322	-9.04427050392e-13
3323	-9.04427050392e-13
3324	-9.04427050392e-13
