50	-5.40484421767e-10
51	-5.51383142805e-10
52	-5.62281863842e-10
53	-5.7318058488e-10
54	-5.84079305918e-10
55	-5.94978026955e-10
56	-6.05876747993e-10
57	-6.16775469031e-10
58	-6.27674190068e-10
59	-6.38572911106e-10
60	-6.49471632144e-10
61	-6.60370353181e-10
62	-6.71269074219e-10
63	-6.87375603036e-10
64	-7.08689949718e-10
65	-7.300042964e-10
66	-7.51318643082e-10
67	-7.72632989764e-10
68	-7.93947336446e-10
69	-8.15261683128e-10
70	-8.36576029811e-10
71	-8.57890376493e-10
72	-8.79204723175e-10
73	-9.00519069857e-10
74	-9.21833416539e-10
75	-9.43147763221e-10
76	-9.64462109903e-10
77	-9.85776456585e-10
78	-1.00709080327e-09
79	-1.02840514995e-09
80	-1.04971949663e-09
81	-1.07103384331e-09
82	-1.09234818999e-09
83	-1.11366253668e-09
84	-1.13497688336e-09
85	-1.15629123004e-09
86	-1.17760557672e-09
87	-1.19891992341e-09
88	-1.22613129015e-09
89	-1.25923969296e-09
90	-1.29234809576e-09
91	-1.32545649856e-09
92	-1.35856490136e-09
93	-1.39167330416e-09
94	-1.42478170697e-09
95	-1.45789010977e-09
96	-1.49099851257e-09
97	-1.52410691537e-09
98	-1.55721531818e-09
99	-1.59032372098e-09
100	-1.62343212378e-09
101	-1.65654052658e-09
102	-1.68964892938e-09
103	-1.72275733219e-09
104	-1.75586573499e-09
105	-1.78897413779e-09
106	-1.82208254059e-09
107	-1.8551909434e-09
108	-1.8882993462e-09
109	-1.921407749e-09
110	-1.9545161518e-09
111	-1.9876245546e-09
112	-2.02073295741e-09
113	-2.07433425844e-09
114	-2.14842852913e-09
115	-2.22252279983e-09
116	-2.29661707052e-09
117	-2.37071134122e-09
118	-2.44480561192e-09
119	-2.51889988261e-09
120	-2.59299415331e-09
121	-2.667088424e-09
122	-2.7411826947e-09
123	-2.81527696539e-09
124	-2.88937123609e-09
125	-2.96346550678e-09
126	-3.03755977748e-09
127	-3.11165404818e-09
128	-3.18574831887e-09
129	-3.25984258957e-09
130	-3.33393686026e-09
131	-3.40803113096e-09
132	-3.48212540165e-09
133	-3.55621967235e-09
134	-3.63031394304e-09
135	-3.70440821374e-09
136	-3.77850248444e-09
137	-3.85259675513e-09
138	-3.98115645077e-09
139	-4.16418180341e-09
140	-4.34720715605e-09
141	-4.53023250868e-09
142	-4.71325786132e-09
143	-4.89628321396e-09
144	-5.0793085666e-09
145	-5.26233391923e-09
146	-5.44535927187e-09
147	-5.62838462451e-09
148	-5.81140997715e-09
149	-5.99443532978e-09
150	-6.17746068242e-09
151	-6.36048603506e-09
152	-6.54351138769e-09
153	-6.72653674033e-09
154	-6.90956209297e-09
155	-7.09258744561e-09
156	-7.27561279824e-09
157	-7.45863815088e-09
158	-7.64166350352e-09
159	-7.82468885615e-09
160	-8.00771420879e-09
161	-8.19073956143e-09
162	-8.37376491407e-09
163	-8.65737038063e-09
164	-9.04155646756e-09
165	-9.42574255449e-09
166	-9.80992864142e-09
167	-1.01941147283e-08
168	-1.05783008153e-08
169	-1.09624869022e-08
170	-1.13466729891e-08
171	-1.17308590761e-08
172	-1.2115045163e-08
173	-1.24992312499e-08
174	-1.28834173368e-08
175	-1.32676034238e-08
176	-1.36517895107e-08
177	-1.40359755976e-08
178	-1.44201616846e-08
179	-1.48043477715e-08
180	-1.51885338584e-08
181	-1.55727199453e-08
182	-1.59569060323e-08
183	-1.63410921192e-08
184	-1.67252782061e-08
185	-1.71094642931e-08
186	-1.749365038e-08
187	-1.78778364669e-08
188	-1.85054357961e-08
189	-1.93764497818e-08
190	-2.02474637675e-08
191	-2.11184777532e-08
192	-2.19894917389e-08
193	-2.28605057246e-08
194	-2.37315197103e-08
195	-2.4602533696e-08
196	-2.54735476817e-08
197	-2.63445616674e-08
198	-2.72155756531e-08
199	-2.80865896388e-08
200	-2.89576036245e-08
201	-2.98286176102e-08
202	-3.06996315959e-08
203	-3.15706455815e-08
204	-3.24416595672e-08
205	-3.33126735529e-08
206	-3.41836875386e-08
207	-3.50547015243e-08
208	-3.592571551e-08
209	-3.67967294957e-08
210	-3.76677434814e-08
211	-3.85387574671e-08
212	-3.94097714528e-08
213	-4.11561375226e-08
214	-4.37778614401e-08
215	-4.63995853576e-08
216	-4.90213092751e-08
217	-5.16430331926e-08
218	-5.42647571102e-08
219	-5.68864810277e-08
220	-5.95082049452e-08
221	-6.21299288627e-08
222	-6.47516527802e-08
223	-6.73733766978e-08
224	-6.99951006153e-08
225	-7.26168245328e-08
226	-7.52385484503e-08
227	-7.78602723678e-08
228	-8.04819962854e-08
229	-8.31037202029e-08
230	-8.57254441204e-08
231	-8.83471680379e-08
232	-9.09688919554e-08
233	-9.3590615873e-08
234	-9.62123397905e-08
235	-9.8834063708e-08
236	-1.01455787626e-07
237	-1.04077511543e-07
238	-1.11887281442e-07
239	-1.248851355e-07
240	-1.37882989559e-07
241	-1.50880843618e-07
242	-1.63878697677e-07
243	-1.76876551736e-07
244	-1.89874405794e-07
245	-2.02872259853e-07
246	-2.15870113912e-07
247	-2.28867967971e-07
248	-2.4186582203e-07
249	-2.54863676088e-07
250	-2.67861530147e-07
251	-2.80859384206e-07
252	-2.93857238265e-07
253	-3.06855092323e-07
254	-3.19852946382e-07
255	-3.32850800441e-07
256	-3.458486545e-07
257	-3.58846508559e-07
258	-3.71844362617e-07
259	-3.84842216676e-07
260	-3.97840070735e-07
261	-4.10837924794e-07
262	-4.23835778853e-07
263	-4.83404645531e-07
264	-5.89544903623e-07
265	-6.95685161716e-07
266	-8.01825419808e-07
267	-9.07965677901e-07
268	-1.01410593599e-06
269	-1.12024619409e-06
270	-1.22638645218e-06
271	-1.33252671027e-06
272	-1.43866696836e-06
273	-1.54480722646e-06
274	-1.65094748455e-06
275	-1.75708774264e-06
276	-1.86322800073e-06
277	-1.96936825883e-06
278	-2.07550851692e-06
279	-2.18164877501e-06
280	-2.2877890331e-06
281	-2.3939292912e-06
282	-2.50006954929e-06
283	-2.60620980738e-06
284	-2.71235006547e-06
285	-2.81849032357e-06
286	-2.92463058166e-06
287	-3.03077083975e-06
288	-3.52928358551e-06
289	-4.42017231434e-06
290	-5.31106104317e-06
291	-6.201949772e-06
292	-7.09283850083e-06
293	-7.98372722966e-06
294	-8.87461595849e-06
295	-9.76550468732e-06
296	-1.06563934161e-05
297	-1.1547282145e-05
298	-1.24381708738e-05
299	-1.33290596026e-05
300	-1.42199483315e-05
301	-1.51108370603e-05
302	-1.60017257891e-05
303	-1.68926145179e-05
304	-1.77835032468e-05
305	-1.86743919756e-05
306	-1.95652807044e-05
307	-2.04561694333e-05
308	-2.13470581621e-05
309	-2.22379468909e-05
310	-2.31288356197e-05
311	-2.40197243486e-05
312	-2.49106130774e-05
313	-2.1520724179e-05
314	-1.38500162027e-05
315	-6.17930822629e-06
316	1.49139975009e-06
317	9.16210772646e-06
318	1.68328157028e-05
319	2.45035236792e-05
320	3.21742316556e-05
321	3.98449396319e-05
322	4.75156476083e-05
323	5.51863555847e-05
324	6.28570635611e-05
325	7.05277715374e-05
326	7.81984795138e-05
327	8.58691874902e-05
328	9.35398954665e-05
329	0.000101210603443
330	0.000108881311419
331	0.000116552019396
332	0.000124222727372
333	0.000131893435348
334	0.000139564143325
335	0.000147234851301
336	0.000154905559278
337	0.000162576267254
338	0.000168349583903
339	0.000172225489382
340	0.000176101394862
341	0.000179977300341
342	0.000183853205821
343	0.0001877291113
344	0.00019160501678
345	0.000195480922259
346	0.000199356827739
347	0.000203232733218
348	0.000207108638698
349	0.000210984544177
350	0.000214860449657
351	0.000218736355136
352	0.000222612260616
353	0.000226488166095
354	0.000230364071575
355	0.000234239977054
356	0.000238115882533
357	0.000241991788013
358	0.000245867693492
359	0.000249743598972
360	0.000253619504451
361	0.000257495409931
362	0.00026137131541
363	0.000268268814793
364	0.000278187942018
365	0.000288107069243
366	0.000298026196468
367	0.000307945323693
368	0.000317864450918
369	0.000327783578143
370	0.000337702705369
371	0.000347621832594
372	0.000357540959819
373	0.000367460087044
374	0.000377379214269
375	0.000387298341494
376	0.000397217468719
377	0.000407136595944
378	0.000417055723169
379	0.000426974850394
380	0.00043689397762
381	0.000446813104845
382	0.00045673223207
383	0.000466651359295
384	0.00047657048652
385	0.000486489613745
386	0.00049640874097
387	0.000506327868195
388	0.000522952728201
389	0.000546283401503
390	0.000569614074805
391	0.000592944748107
392	0.000616275421409
393	0.00063960609471
394	0.000662936768012
395	0.000686267441314
396	0.000709598114616
397	0.000732928787918
398	0.00075625946122
399	0.000779590134522
400	0.000802920807823
401	0.000826251481125
402	0.000849582154427
403	0.000872912827729
404	0.000896243501031
405	0.000919574174333
406	0.000942904847635
407	0.000966235520936
408	0.000989566194238
409	0.00101289686754
410	0.00103622754084
411	0.00105955821414
412	0.00108288888745
413	0.00109653913849
414	0.00110050884356
415	0.00110447854862
416	0.00110844825368
417	0.00111241795875
418	0.00111638766381
419	0.00112035736887
420	0.00112432707393
421	0.001128296779
422	0.00113226648406
423	0.00113623618912
424	0.00114020589419
425	0.00114417559925
426	0.00114814530431
427	0.00115211500937
428	0.00115608471444
429	0.0011600544195
430	0.00116402412456
431	0.00116799382963
432	0.00117196353469
433	0.00117593323975
434	0.00117990294481
435	0.00118387264988
436	0.00118784235494
437	0.00119181206
438	0.0011950636824
439	0.00119759721239
440	0.00120013074238
441	0.00120266427237
442	0.00120519780236
443	0.00120773133235
444	0.00121026486234
445	0.00121279839233
446	0.00121533192232
447	0.00121786545231
448	0.0012203989823
449	0.00122293251229
450	0.00122546604228
451	0.00122799957227
452	0.00123053310226
453	0.00123306663226
454	0.00123560016225
455	0.00123813369224
456	0.00124066722223
457	0.00124320075222
458	0.00124573428221
459	0.0012482678122
460	0.00125080134219
461	0.00125333487218
462	0.00125586840217
463	0.00128457098049
464	0.00133944298216
465	0.00139431498384
466	0.00144918698551
467	0.00150405898719
468	0.00155893098886
469	0.00161380299054
470	0.00166867499221
471	0.00172354699389
472	0.00177841899556
473	0.00183329099724
474	0.00188816299891
475	0.00194303500059
476	0.00199790700226
477	0.00205277900394
478	0.00210765100561
479	0.00216252300728
480	0.00221739500896
481	0.00227226701063
482	0.00232713901231
483	0.00238201101398
484	0.00243688301566
485	0.00249175501733
486	0.00254662701901
487	0.00260149902068
488	0.00263198635633
489	0.0026380886576
490	0.00264419095888
491	0.00265029326015
492	0.00265639556143
493	0.0026624978627
494	0.00266860016398
495	0.00267470246526
496	0.00268080476653
497	0.00268690706781
498	0.00269300936908
499	0.00269911167036
500	0.00270521397163
501	0.00271131627291
502	0.00271741857418
503	0.00272352087546
504	0.00272962317673
505	0.00273572547801
506	0.00274182777928
507	0.00274793008056
508	0.00275403238183
509	0.00276013468311
510	0.00276623698438
511	0.00277233928566
512	0.00277844158693
513	0.00280166765493
514	0.00284201776157
515	0.00288236786821
516	0.00292271797485
517	0.00296306808149
518	0.00300341818813
519	0.00304376829477
520	0.00308411840141
521	0.00312446850806
522	0.0031648186147
523	0.00320516872134
524	0.00324551882798
525	0.00328586893462
526	0.00332621904126
527	0.0033665691479
528	0.00340691925454
529	0.00344726936118
530	0.00348761946782
531	0.00352796957446
532	0.0035683196811
533	0.00360866978775
534	0.00364901989439
535	0.00368937000103
536	0.00372972010767
537	0.00377007021431
538	0.00377944565493
539	0.00375784591365
540	0.00373624617237
541	0.00371464643109
542	0.00369304668981
543	0.00367144694854
544	0.00364984720726
545	0.00362824746598
546	0.0036066477247
547	0.00358504798342
548	0.00356344824214
549	0.00354184850086
550	0.00352024875959
551	0.00349864901831
552	0.00347704927703
553	0.00345544953575
554	0.00343384979447
555	0.00341225005319
556	0.00339065031191
557	0.00336905057064
558	0.00334745082936
559	0.00332585108808
560	0.0033042513468
561	0.00328265160552
562	0.00326105186424
563	0.00325874305784
564	0.00327572552256
565	0.00329270798727
566	0.00330969045198
567	0.0033266729167
568	0.00334365538141
569	0.00336063784612
570	0.00337762031083
571	0.00339460277555
572	0.00341158524026
573	0.00342856770497
574	0.00344555016969
575	0.0034625326344
576	0.00347951509911
577	0.00349649756383
578	0.00351348002854
579	0.00353046249325
580	0.00354744495796
581	0.00356442742268
582	0.00358140988739
583	0.0035983923521
584	0.00361537481682
585	0.00363235728153
586	0.00364933974624
587	0.00366632221096
588	0.00368497134401
589	0.00370528717576
590	0.0037256030075
591	0.00374591883925
592	0.00376623467099
593	0.00378655050274
594	0.00380686633448
595	0.00382718216622
596	0.00384749799797
597	0.00386781382971
598	0.00388812966146
599	0.0039084454932
600	0.00392876132494
601	0.00394907715669
602	0.00396939298843
603	0.00398970882018
604	0.00401002465192
605	0.00403034048367
606	0.00405065631541
607	0.00407097214715
608	0.0040912879789
609	0.00411160381064
610	0.00413191964239
611	0.00415223547413
612	0.00417255130587
613	0.00420290757953
614	0.00424330448565
615	0.00428370139177
616	0.00432409829789
617	0.00436449520401
618	0.00440489211013
619	0.00444528901625
620	0.00448568592237
621	0.00452608282849
622	0.00456647973461
623	0.00460687664073
624	0.00464727354685
625	0.00468767045297
626	0.00472806735909
627	0.00476846426521
628	0.00480886117133
629	0.00484925807745
630	0.00488965498357
631	0.00493005188969
632	0.00497044879581
633	0.00501084570193
634	0.00505124260804
635	0.00509163951416
636	0.00513203642028
637	0.0051724333264
638	0.00520412793235
639	0.00522712006622
640	0.00525011220009
641	0.00527310433397
642	0.00529609646784
643	0.00531908860171
644	0.00534208073558
645	0.00536507286945
646	0.00538806500332
647	0.0054110571372
648	0.00543404927107
649	0.00545704140494
650	0.00548003353881
651	0.00550302567268
652	0.00552601780655
653	0.00554900994043
654	0.0055720020743
655	0.00559499420817
656	0.00561798634204
657	0.00564097847591
658	0.00566397060978
659	0.00568696274366
660	0.00570995487753
661	0.0057329470114
662	0.00575593914527
663	0.00573759398205
664	0.00567791067316
665	0.00561822736427
666	0.00555854405538
667	0.00549886074649
668	0.0054391774376
669	0.00537949412871
670	0.00531981081982
671	0.00526012751093
672	0.00520044420204
673	0.00514076089315
674	0.00508107758426
675	0.00502139427537
676	0.00496171096648
677	0.00490202765759
678	0.0048423443487
679	0.00478266103981
680	0.00472297773092
681	0.00466329442203
682	0.00460361111314
683	0.00454392780425
684	0.00448424449536
685	0.00442456118647
686	0.00436487787758
687	0.00430519456869
688	0.00420823948789
689	0.0040740118412
690	0.0039397841945
691	0.00380555654781
692	0.00367132890112
693	0.00353710125442
694	0.00340287360773
695	0.00326864596104
696	0.00313441831434
697	0.00300019066765
698	0.00286596302095
699	0.00273173537426
700	0.00259750772757
701	0.00246328008087
702	0.00232905243418
703	0.00219482478749
704	0.00206059714079
705	0.0019263694941
706	0.0017921418474
707	0.00165791420071
708	0.00152368655402
709	0.00138945890732
710	0.00125523126063
711	0.00112100361393
712	0.000986775967241
713	0.000907173950699
714	0.000882198770299
715	0.000857223589899
716	0.000832248409499
717	0.000807273229099
718	0.000782298048698
719	0.000757322868298
720	0.000732347687898
721	0.000707372507498
722	0.000682397327098
723	0.000657422146698
724	0.000632446966298
725	0.000607471785898
726	0.000582496605498
727	0.000557521425098
728	0.000532546244698
729	0.000507571064298
730	0.000482595883898
731	0.000457620703498
732	0.000432645523098
733	0.000407670342698
734	0.000382695162298
735	0.000357719981898
736	0.000332744801498
737	0.000307769621098
738	0.000290322534092
739	0.000280403712511
740	0.00027048489093
741	0.00026056606935
742	0.000250647247769
743	0.000240728426189
744	0.000230809604608
745	0.000220890783027
746	0.000210971961447
747	0.000201053139866
748	0.000191134318286
749	0.000181215496705
750	0.000171296675125
751	0.000161377853544
752	0.000151459031963
753	0.000141540210383
754	0.000131621388802
755	0.000121702567222
756	0.000111783745641
757	0.000101864924061
758	9.194610248e-05
759	8.20272808994e-05
760	7.21084593188e-05
761	6.21896377382e-05
762	5.22708161576e-05
763	4.60002135321e-05
764	4.3377916057e-05
765	4.0755618582e-05
766	3.81333211069e-05
767	3.55110236318e-05
768	3.28887261567e-05
769	3.02664286816e-05
770	2.76441312065e-05
771	2.50218337314e-05
772	2.23995362563e-05
773	1.97772387813e-05
774	1.71549413062e-05
775	1.45326438311e-05
776	1.1910346356e-05
777	9.28804888091e-06
778	6.66575140582e-06
779	4.04345393073e-06
780	1.42115645565e-06
781	-1.20114101944e-06
782	-3.82343849453e-06
783	-6.44573596961e-06
784	-9.0680334447e-06
785	-1.16903309198e-05
786	-1.43126283949e-05
787	-1.693492587e-05
788	-1.87114794209e-05
789	-1.96422684104e-05
790	-2.05730573999e-05
791	-2.15038463894e-05
792	-2.24346353789e-05
793	-2.33654243684e-05
794	-2.42962133579e-05
795	-2.52270023474e-05
796	-2.61577913369e-05
797	-2.70885803264e-05
798	-2.80193693159e-05
799	-2.89501583054e-05
800	-2.98809472949e-05
801	-3.08117362844e-05
802	-3.17425252739e-05
803	-3.26733142634e-05
804	-3.36041032529e-05
805	-3.45348922424e-05
806	-3.54656812319e-05
807	-3.63964702214e-05
808	-3.73272592109e-05
809	-3.82580482004e-05
810	-3.91888371899e-05
811	-4.01196261794e-05
812	-4.10504151689e-05
813	-4.24553123111e-05
814	-4.43343295421e-05
815	-4.62133467731e-05
816	-4.80923640042e-05
817	-4.99713812352e-05
818	-5.18503984663e-05
819	-5.37294156973e-05
820	-5.56084329283e-05
821	-5.74874501594e-05
822	-5.93664673904e-05
823	-6.12454846215e-05
824	-6.31245018525e-05
825	-6.50035190835e-05
826	-6.68825363146e-05
827	-6.87615535456e-05
828	-7.06405707767e-05
829	-7.25195880077e-05
830	-7.43986052387e-05
831	-7.62776224698e-05
832	-7.81566397008e-05
833	-8.00356569318e-05
834	-8.19146741629e-05
835	-8.37936913939e-05
836	-8.5672708625e-05
837	-8.7551725856e-05
838	-8.88748171344e-05
839	-8.96419680336e-05
840	-9.04091189328e-05
841	-9.1176269832e-05
842	-9.19434207312e-05
843	-9.27105716304e-05
844	-9.34777225295e-05
845	-9.42448734287e-05
846	-9.50120243279e-05
847	-9.57791752271e-05
848	-9.65463261263e-05
849	-9.73134770255e-05
850	-9.80806279246e-05
851	-9.88477788238e-05
852	-9.9614929723e-05
853	-0.000100382080622
854	-0.000101149231521
855	-0.000101916382421
856	-0.00010268353332
857	-0.000103450684219
858	-0.000104217835118
859	-0.000104984986017
860	-0.000105752136916
861	-0.000106519287816
862	-0.000107286438715
863	-0.000107167481957
864	-0.000106162393861
865	-0.000105157305764
866	-0.000104152217668
867	-0.000103147129571
868	-0.000102142041475
869	-0.000101136953379
870	-0.000100131865282
871	-9.91267771858e-05
872	-9.81216890894e-05
873	-9.7116600993e-05
874	-9.61115128966e-05
875	-9.51064248002e-05
876	-9.41013367038e-05
877	-9.30962486074e-05
878	-9.20911605111e-05
879	-9.10860724147e-05
880	-9.00809843183e-05
881	-8.90758962219e-05
882	-8.80708081255e-05
883	-8.70657200291e-05
884	-8.60606319327e-05
885	-8.50555438363e-05
886	-8.40504557399e-05
887	-8.30453676435e-05
888	-8.31641313977e-05
889	-8.44067779084e-05
890	-8.56494244191e-05
891	-8.68920709298e-05
892	-8.81347174405e-05
893	-8.93773639513e-05
894	-9.0620010462e-05
895	-9.18626569727e-05
896	-9.31053034834e-05
897	-9.43479499941e-05
898	-9.55905965048e-05
899	-9.68332430155e-05
900	-9.80758895262e-05
901	-9.93185360369e-05
902	-0.000100561182548
903	-0.000101803829058
904	-0.000103046475569
905	-0.00010428912208
906	-0.00010553176859
907	-0.000106774415101
908	-0.000108017061612
909	-0.000109259708123
910	-0.000110502354633
911	-0.000111745001144
912	-0.000112987647655
913	-0.000113432356562
914	-0.000113079105305
915	-0.000112725854048
916	-0.000112372602791
917	-0.000112019351533
918	-0.000111666100276
919	-0.000111312849019
920	-0.000110959597762
921	-0.000110606346505
922	-0.000110253095247
923	-0.00010989984399
924	-0.000109546592733
925	-0.000109193341476
926	-0.000108840090219
927	-0.000108486838961
928	-0.000108133587704
929	-0.000107780336447
930	-0.00010742708519
931	-0.000107073833933
932	-0.000106720582675
933	-0.000106367331418
934	-0.000106014080161
935	-0.000105660828904
936	-0.000105307577647
937	-0.000104954326389
938	-0.000105231953938
939	-0.00010614047862
940	-0.000107049003302
941	-0.000107957527984
942	-0.000108866052666
943	-0.000109774577347
944	-0.000110683102029
945	-0.000111591626711
946	-0.000112500151393
947	-0.000113408676075
948	-0.000114317200756
949	-0.000115225725438
950	-0.00011613425012
951	-0.000117042774802
952	-0.000117951299484
953	-0.000118859824165
954	-0.000119768348847
955	-0.000120676873529
956	-0.000121585398211
957	-0.000122493922893
958	-0.000123402447574
959	-0.000124310972256
960	-0.000125219496938
961	-0.00012612802162
962	-0.000127036546302
963	-0.00012711024595
964	-0.000126349095667
965	-0.000125587945384
966	-0.000124826795101
967	-0.000124065644818
968	-0.000123304494535
969	-0.000122543344252
970	-0.00012178219397
971	-0.000121021043687
972	-0.000120259893404
973	-0.000119498743121
974	-0.000118737592838
975	-0.000117976442555
976	-0.000117215292272
977	-0.000116454141989
978	-0.000115692991706
979	-0.000114931841423
980	-0.00011417069114
981	-0.000113409540857
982	-0.000112648390574
983	-0.000111887240291
984	-0.000111126090008
985	-0.000110364939726
986	-0.000109603789443
987	-0.00010884263916
988	-0.000108210798119
989	-0.000107708270278
990	-0.000107205742437
991	-0.000106703214596
992	-0.000106200686754
993	-0.000105698158913
994	-0.000105195631072
995	-0.000104693103231
996	-0.00010419057539
997	-0.000103688047548
998	-0.000103185519707
999	-0.000102682991866
1000	-0.000102180464025
1001	-0.000101677936183
1002	-0.000101175408342
1003	-0.000100672880501
1004	-0.00010017035266
1005	-9.96678248186e-05
1006	-9.91652969774e-05
1007	-9.86627691361e-05
1008	-9.81602412949e-05
1009	-9.76577134537e-05
1010	-9.71551856125e-05
1011	-9.66526577713e-05
1012	-9.61501299301e-05
1013	-9.65405785487e-05
1014	-9.78240316429e-05
1015	-9.9107484737e-05
1016	-0.000100390937831
1017	-0.000101674390925
1018	-0.000102957844019
1019	-0.000104241297114
1020	-0.000105524750208
1021	-0.000106808203302
1022	-0.000108091656396
1023	-0.00010937510949
1024	-0.000110658562584
1025	-0.000111942015678
1026	-0.000113225468773
1027	-0.000114508921867
1028	-0.000115792374961
1029	-0.000117075828055
1030	-0.000118359281149
1031	-0.000119642734243
1032	-0.000120926187337
1033	-0.000122209640432
1034	-0.000123493093526
1035	-0.00012477654662
1036	-0.000126059999714
1037	-0.000127343452808
1038	-0.00012789671962
1039	-0.000127719776677
1040	-0.000127542833733
1041	-0.000127365890789
1042	-0.000127188947846
1043	-0.000127012004902
1044	-0.000126835061958
1045	-0.000126658119015
1046	-0.000126481176071
1047	-0.000126304233127
1048	-0.000126127290184
1049	-0.00012595034724
1050	-0.000125773404296
1051	-0.000125596461352
1052	-0.000125419518409
1053	-0.000125242575465
1054	-0.000125065632521
1055	-0.000124888689578
1056	-0.000124711746634
1057	-0.00012453480369
1058	-0.000124357860747
1059	-0.000124180917803
1060	-0.000124003974859
1061	-0.000123827031916
1062	-0.000123650088972
1063	-0.000123524064847
1064	-0.000123448961216
1065	-0.000123373857585
1066	-0.000123298753954
1067	-0.000123223650324
1068	-0.000123148546693
1069	-0.000123073443062
1070	-0.000122998339431
1071	-0.000122923235801
1072	-0.00012284813217
1073	-0.000122773028539
1074	-0.000122697924908
1075	-0.000122622821278
1076	-0.000122547717647
1077	-0.000122472614016
1078	-0.000122397510385
1079	-0.000122322406754
1080	-0.000122247303124
1081	-0.000122172199493
1082	-0.000122097095862
1083	-0.000122021992231
1084	-0.000121946888601
1085	-0.00012187178497
1086	-0.000121796681339
1087	-0.000121721577708
1088	-0.000119608841468
1089	-0.000115458403955
1090	-0.000111307966442
1091	-0.000107157528929
1092	-0.000103007091416
1093	-9.88566539033e-05
1094	-9.47062163904e-05
1095	-9.05557788774e-05
1096	-8.64053413645e-05
1097	-8.22549038516e-05
1098	-7.81044663387e-05
1099	-7.39540288257e-05
1100	-6.98035913128e-05
1101	-6.56531537999e-05
1102	-6.15027162869e-05
1103	-5.7352278774e-05
1104	-5.32018412611e-05
1105	-4.90514037482e-05
1106	-4.49009662352e-05
1107	-4.07505287223e-05
1108	-3.66000912094e-05
1109	-3.24496536964e-05
1110	-2.82992161835e-05
1111	-2.41487786706e-05
1112	-1.99983411577e-05
1113	-1.76220209865e-05
1114	-1.70198793145e-05
1115	-1.64177376424e-05
1116	-1.58155959703e-05
1117	-1.52134542982e-05
1118	-1.46113126261e-05
1119	-1.40091709541e-05
1120	-1.3407029282e-05
1121	-1.28048876099e-05
1122	-1.22027459378e-05
1123	-1.16006042658e-05
1124	-1.09984625937e-05
1125	-1.03963209216e-05
1126	-9.79417924952e-06
1127	-9.19203757744e-06
1128	-8.58989590536e-06
1129	-7.98775423328e-06
1130	-7.3856125612e-06
1131	-6.78347088912e-06
1132	-6.18132921705e-06
1133	-5.57918754497e-06
1134	-4.97704587289e-06
1135	-4.37490420081e-06
1136	-3.77276252873e-06
1137	-3.17062085665e-06
1138	-2.80887088653e-06
1139	-2.68752109136e-06
1140	-2.56617129619e-06
1141	-2.44482150101e-06
1142	-2.32347170584e-06
1143	-2.20212191066e-06
1144	-2.08077211549e-06
1145	-1.95942232032e-06
1146	-1.83807252514e-06
1147	-1.71672272997e-06
1148	-1.59537293479e-06
1149	-1.47402313962e-06
1150	-1.35267334445e-06
1151	-1.23132354927e-06
1152	-1.1099737541e-06
1153	-9.88623958923e-07
1154	-8.67274163749e-07
1155	-7.45924368575e-07
1156	-6.24574573401e-07
1157	-5.03224778227e-07
1158	-3.81874983053e-07
1159	-2.60525187879e-07
1160	-1.39175392705e-07
1161	-1.78255975309e-08
1162	1.03524197643e-07
1163	1.78896039771e-07
1164	2.08288272671e-07
1165	2.3768050557e-07
1166	2.67072738469e-07
1167	2.96464971368e-07
1168	3.25857204268e-07
1169	3.55249437167e-07
1170	3.84641670066e-07
1171	4.14033902965e-07
1172	4.43426135865e-07
1173	4.72818368764e-07
1174	5.02210601663e-07
1175	5.31602834562e-07
1176	5.60995067461e-07
1177	5.90387300361e-07
1178	6.1977953326e-07
1179	6.49171766159e-07
1180	6.78563999058e-07
1181	7.07956231958e-07
1182	7.37348464857e-07
1183	7.66740697756e-07
1184	7.96132930655e-07
1185	8.25525163555e-07
1186	8.54917396454e-07
1187	8.84309629353e-07
1188	9.10582574601e-07
1189	9.3373611742e-07
1190	9.5688966024e-07
1191	9.80043203059e-07
1192	1.00319674588e-06
1193	1.0263502887e-06
1194	1.04950383152e-06
1195	1.07265737434e-06
1196	1.09581091716e-06
1197	1.11896445998e-06
1198	1.1421180028e-06
1199	1.16527154561e-06
1200	1.18842508843e-06
1201	1.21157863125e-06
1202	1.23473217407e-06
1203	1.25788571689e-06
1204	1.28103925971e-06
1205	1.30419280253e-06
1206	1.32734634535e-06
1207	1.35049988817e-06
1208	1.37365343099e-06
1209	1.39680697381e-06
1210	1.41996051663e-06
1211	1.44311405945e-06
1212	1.46626760227e-06
1213	1.47404753426e-06
1214	1.46645327785e-06
1215	1.45885902143e-06
1216	1.45126476501e-06
1217	1.44367050859e-06
1218	1.43607625217e-06
1219	1.42848199575e-06
1220	1.42088773933e-06
1221	1.41329348291e-06
1222	1.40569922649e-06
1223	1.39810497007e-06
1224	1.39051071365e-06
1225	1.38291645723e-06
1226	1.37532220081e-06
1227	1.36772794439e-06
1228	1.36013368797e-06
1229	1.35253943155e-06
1230	1.34494517513e-06
1231	1.33735091871e-06
1232	1.32975666229e-06
1233	1.32216240587e-06
1234	1.31456814945e-06
1235	1.30697389303e-06
1236	1.29937963661e-06
1237	1.29178538019e-06
1238	1.30541502055e-06
1239	1.3402693715e-06
1240	1.37512372246e-06
1241	1.40997807342e-06
1242	1.44483242438e-06
1243	1.47968677534e-06
1244	1.51454112629e-06
1245	1.54939547725e-06
1246	1.58424982821e-06
1247	1.61910417917e-06
1248	1.65395853013e-06
1249	1.68881288108e-06
1250	1.72366723204e-06
1251	1.758521583e-06
1252	1.79337593396e-06
1253	1.82823028492e-06
1254	1.86308463588e-06
1255	1.89793898683e-06
1256	1.93279333779e-06
1257	1.96764768875e-06
1258	2.00250203971e-06
1259	2.03735639067e-06
1260	2.07221074162e-06
1261	2.10706509258e-06
1262	2.14191944354e-06
1263	2.14453697396e-06
1264	2.11491642273e-06
1265	2.0852958715e-06
1266	2.05567532027e-06
1267	2.02605476905e-06
1268	1.99643421782e-06
1269	1.96681366659e-06
1270	1.93719311537e-06
1271	1.90757256414e-06
1272	1.87795201291e-06
1273	1.84833146168e-06
1274	1.81871091046e-06
1275	1.78909035923e-06
1276	1.759469808e-06
1277	1.72984925678e-06
1278	1.70022870555e-06
1279	1.67060815432e-06
1280	1.64098760309e-06
1281	1.61136705187e-06
1282	1.58174650064e-06
1283	1.55212594941e-06
1284	1.52250539819e-06
1285	1.49288484696e-06
1286	1.46326429573e-06
1287	1.4336437445e-06
1288	1.42877912356e-06
1289	1.44867142052e-06
1290	1.46856371748e-06
1291	1.48845601444e-06
1292	1.5083483114e-06
1293	1.52824060836e-06
1294	1.54813290532e-06
1295	1.56802520228e-06
1296	1.58791749924e-06
1297	1.60780979621e-06
1298	1.62770209317e-06
1299	1.64759439013e-06
1300	1.66748668709e-06
1301	1.68737898405e-06
1302	1.70727128101e-06
1303	1.72716357797e-06
1304	1.74705587493e-06
1305	1.76694817189e-06
1306	1.78684046885e-06
1307	1.80673276581e-06
1308	1.82662506278e-06
1309	1.84651735974e-06
1310	1.8664096567e-06
1311	1.88630195366e-06
1312	1.90619425062e-06
1313	1.91614264347e-06
1314	1.91614672781e-06
1315	1.91615081215e-06
1316	1.91615489649e-06
1317	1.91615898083e-06
1318	1.91616306517e-06
1319	1.9161671495e-06
1320	1.91617123384e-06
1321	1.91617531818e-06
1322	1.91617940252e-06
1323	1.91618348686e-06
1324	1.9161875712e-06
1325	1.91619165553e-06
1326	1.91619573987e-06
1327	1.91619982421e-06
1328	1.91620390855e-06
1329	1.91620799289e-06
1330	1.91621207723e-06
1331	1.91621616156e-06
1332	1.9162202459e-06
1333	1.91622433024e-06
1334	1.91622841458e-06
1335	1.91623249892e-06
1336	1.91623658326e-06
1337	1.91624066759e-06
1338	1.9057904448e-06
1339	1.88488548162e-06
1340	1.86398051843e-06
1341	1.84307555525e-06
1342	1.82217059206e-06
1343	1.80126562888e-06
1344	1.78036066569e-06
1345	1.75945570251e-06
1346	1.73855073932e-06
1347	1.71764577614e-06
1348	1.69674081295e-06
1349	1.67583584977e-06
1350	1.65493088658e-06
1351	1.6340259234e-06
1352	1.61312096021e-06
1353	1.59221599703e-06
1354	1.57131103384e-06
1355	1.55040607066e-06
1356	1.52950110747e-06
1357	1.50859614429e-06
1358	1.4876911811e-06
1359	1.46678621792e-06
1360	1.44588125473e-06
1361	1.42497629154e-06
1362	1.40407132836e-06
1363	1.40573806365e-06
1364	1.42997745037e-06
1365	1.45421683708e-06
1366	1.4784562238e-06
1367	1.50269561051e-06
1368	1.52693499722e-06
1369	1.55117438394e-06
1370	1.57541377065e-06
1371	1.59965315737e-06
1372	1.62389254408e-06
1373	1.6481319308e-06
1374	1.67237131751e-06
1375	1.69661070423e-06
1376	1.72085009094e-06
1377	1.74508947766e-06
1378	1.76932886437e-06
1379	1.79356825109e-06
1380	1.8178076378e-06
1381	1.84204702451e-06
1382	1.86628641123e-06
1383	1.89052579794e-06
1384	1.91476518466e-06
1385	1.93900457137e-06
1386	1.96324395809e-06
1387	1.9874833448e-06
1388	1.99266354096e-06
1389	1.97878372715e-06
1390	1.96490391334e-06
1391	1.95102409952e-06
1392	1.93714428571e-06
1393	1.9232644719e-06
1394	1.90938465809e-06
1395	1.89550484427e-06
1396	1.88162503046e-06
1397	1.86774521665e-06
1398	1.85386540283e-06
1399	1.83998558902e-06
1400	1.82610577521e-06
1401	1.8122259614e-06
1402	1.79834614758e-06
1403	1.78446633377e-06
1404	1.77058651996e-06
1405	1.75670670615e-06
1406	1.74282689233e-06
1407	1.72894707852e-06
1408	1.71506726471e-06
1409	1.7011874509e-06
1410	1.68730763708e-06
1411	1.67342782327e-06
1412	1.65954800946e-06
1413	1.64983736716e-06
1414	1.64429607885e-06
1415	1.63875479054e-06
1416	1.63321350224e-06
1417	1.62767221393e-06
1418	1.62213092562e-06
1419	1.61658963731e-06
1420	1.611048349e-06
1421	1.6055070607e-06
1422	1.59996577239e-06
1423	1.59442448408e-06
1424	1.58888319577e-06
1425	1.58334190746e-06
1426	1.57780061916e-06
1427	1.57225933085e-06
1428	1.56671804254e-06
1429	1.56117675423e-06
1430	1.55563546592e-06
1431	1.55009417762e-06
1432	1.54455288931e-06
1433	1.539011601e-06
1434	1.53347031269e-06
1435	1.52792902438e-06
1436	1.52238773608e-06
1437	1.51684644777e-06
1438	1.51764026858e-06
1439	1.5247694807e-06
1440	1.53189869281e-06
1441	1.53902790493e-06
1442	1.54615711704e-06
1443	1.55328632916e-06
1444	1.56041554128e-06
1445	1.56754475339e-06
1446	1.57467396551e-06
1447	1.58180317762e-06
1448	1.58893238974e-06
1449	1.59606160186e-06
1450	1.60319081397e-06
1451	1.61032002609e-06
1452	1.61744923821e-06
1453	1.62457845032e-06
1454	1.63170766244e-06
1455	1.63883687455e-06
1456	1.64596608667e-06
1457	1.65309529879e-06
1458	1.6602245109e-06
1459	1.66735372302e-06
1460	1.67448293513e-06
1461	1.68161214725e-06
1462	1.68874135937e-06
1463	1.68459591612e-06
1464	1.66917530656e-06
1465	1.65375469701e-06
1466	1.63833408746e-06
1467	1.6229134779e-06
1468	1.60749286835e-06
1469	1.5920722588e-06
1470	1.57665164924e-06
1471	1.56123103969e-06
1472	1.54581043014e-06
1473	1.53038982058e-06
1474	1.51496921103e-06
1475	1.49954860148e-06
1476	1.48412799193e-06
1477	1.46870738237e-06
1478	1.45328677282e-06
1479	1.43786616327e-06
1480	1.42244555371e-06
1481	1.40702494416e-06
1482	1.39160433461e-06
1483	1.37618372505e-06
1484	1.3607631155e-06
1485	1.34534250595e-06
1486	1.3299218964e-06
1487	1.31450128684e-06
1488	1.2849841859e-06
1489	1.24136994382e-06
1490	1.19775570175e-06
1491	1.15414145967e-06
1492	1.1105272176e-06
1493	1.06691297553e-06
1494	1.02329873345e-06
1495	9.79684491378e-07
1496	9.36070249304e-07
1497	8.9245600723e-07
1498	8.48841765155e-07
1499	8.05227523081e-07
1500	7.61613281007e-07
1501	7.17999038933e-07
1502	6.74384796859e-07
1503	6.30770554785e-07
1504	5.87156312711e-07
1505	5.43542070637e-07
1506	4.99927828563e-07
1507	4.56313586489e-07
1508	4.12699344415e-07
1509	3.69085102341e-07
1510	3.25470860266e-07
1511	2.81856618192e-07
1512	2.38242376118e-07
1513	2.12796898893e-07
1514	2.05521038023e-07
1515	1.98245177154e-07
1516	1.90969316285e-07
1517	1.83693455416e-07
1518	1.76417594547e-07
1519	1.69141733678e-07
1520	1.61865872809e-07
1521	1.5459001194e-07
1522	1.47314151071e-07
1523	1.40038290202e-07
1524	1.32762429333e-07
1525	1.25486568464e-07
1526	1.18210707595e-07
1527	1.10934846726e-07
1528	1.03658985857e-07
1529	9.63831249882e-08
1530	8.91072641192e-08
1531	8.18314032502e-08
1532	7.45555423811e-08
1533	6.72796815121e-08
1534	6.00038206431e-08
1535	5.27279597741e-08
1536	4.54520989051e-08
1537	3.81762380361e-08
1538	3.38499810985e-08
1539	3.24734686154e-08
1540	3.10969561322e-08
1541	2.97204436491e-08
1542	2.8343931166e-08
1543	2.69674186829e-08
1544	2.55909061997e-08
1545	2.42143937166e-08
1546	2.28378812335e-08
1547	2.14613687503e-08
1548	2.00848562672e-08
1549	1.87083437841e-08
1550	1.73318313009e-08
1551	1.59553188178e-08
1552	1.45788063347e-08
1553	1.32022938515e-08
1554	1.18257813684e-08
1555	1.04492688853e-08
1556	9.07275640216e-09
1557	7.69624391903e-09
1558	6.31973143589e-09
1559	4.94321895276e-09
1560	3.56670646963e-09
1561	2.1901939865e-09
1562	8.13681503373e-10
1563	-8.75249308247e-11
1564	-5.13402303688e-10
1565	-9.39279676552e-10
1566	-1.36515704942e-09
1567	-1.79103442228e-09
1568	-2.21691179514e-09
1569	-2.64278916801e-09
1570	-3.06866654087e-09
1571	-3.49454391373e-09
1572	-3.9204212866e-09
1573	-4.34629865946e-09
1574	-4.77217603233e-09
1575	-5.19805340519e-09
1576	-5.62393077805e-09
1577	-6.04980815092e-09
1578	-6.47568552378e-09
1579	-6.90156289664e-09
1580	-7.32744026951e-09
1581	-7.75331764237e-09
1582	-8.17919501524e-09
1583	-8.6050723881e-09
1584	-9.03094976096e-09
1585	-9.45682713383e-09
1586	-9.88270450669e-09
1587	-1.03085818796e-08
1588	-1.0654801353e-08
1589	-1.09213590086e-08
1590	-1.11879166641e-08
1591	-1.14544743197e-08
1592	-1.17210319753e-08
1593	-1.19875896309e-08
1594	-1.22541472864e-08
1595	-1.2520704942e-08
1596	-1.27872625976e-08
1597	-1.30538202531e-08
1598	-1.33203779087e-08
1599	-1.35869355643e-08
1600	-1.38534932199e-08
1601	-1.41200508754e-08
1602	-1.4386608531e-08
1603	-1.46531661866e-08
1604	-1.49197238422e-08
1605	-1.51862814977e-08
1606	-1.54528391533e-08
1607	-1.57193968089e-08
1608	-1.59859544645e-08
1609	-1.625251212e-08
1610	-1.65190697756e-08
1611	-1.67856274312e-08
1612	-1.70521850867e-08
1613	-1.73417207243e-08
1614	-1.76542354919e-08
1615	-1.79667502595e-08
1616	-1.82792650272e-08
1617	-1.85917797948e-08
1618	-1.89042945624e-08
1619	-1.921680933e-08
1620	-1.95293240977e-08
1621	-1.98418388653e-08
1622	-2.01543536329e-08
1623	-2.04668684005e-08
1624	-2.07793831682e-08
1625	-2.10918979358e-08
1626	-2.14044127034e-08
1627	-2.1716927471e-08
1628	-2.20294422387e-08
1629	-2.23419570063e-08
1630	-2.26544717739e-08
1631	-2.29669865415e-08
1632	-2.32795013092e-08
1633	-2.35920160768e-08
1634	-2.39045308444e-08
1635	-2.4217045612e-08
1636	-2.45295603797e-08
1637	-2.48420751473e-08
1638	-2.48692593719e-08
1639	-2.46110985759e-08
1640	-2.435293778e-08
1641	-2.4094776984e-08
1642	-2.3836616188e-08
1643	-2.3578455392e-08
1644	-2.3320294596e-08
1645	-2.30621338e-08
1646	-2.2803973004e-08
1647	-2.2545812208e-08
1648	-2.2287651412e-08
1649	-2.20294906161e-08
1650	-2.17713298201e-08
1651	-2.15131690241e-08
1652	-2.12550082281e-08
1653	-2.09968474321e-08
1654	-2.07386866361e-08
1655	-2.04805258401e-08
1656	-2.02223650441e-08
1657	-1.99642042481e-08
1658	-1.97060434522e-08
1659	-1.94478826562e-08
1660	-1.91897218602e-08
1661	-1.89315610642e-08
1662	-1.86734002682e-08
1663	-1.86330160339e-08
1664	-1.88104195799e-08
1665	-1.89878231259e-08
1666	-1.9165226672e-08
1667	-1.9342630218e-08
1668	-1.9520033764e-08
1669	-1.96974373101e-08
1670	-1.98748408561e-08
1671	-2.00522444021e-08
1672	-2.02296479482e-08
1673	-2.04070514942e-08
1674	-2.05844550402e-08
1675	-2.07618585862e-08
1676	-2.09392621323e-08
1677	-2.11166656783e-08
1678	-2.12940692243e-08
1679	-2.14714727704e-08
1680	-2.16488763164e-08
1681	-2.18262798624e-08
1682	-2.20036834085e-08
1683	-2.21810869545e-08
1684	-2.23584905005e-08
1685	-2.25358940466e-08
1686	-2.27132975926e-08
1687	-2.28907011386e-08
1688	-2.28799756917e-08
1689	-2.26811114148e-08
1690	-2.24822471378e-08
1691	-2.22833828608e-08
1692	-2.20845185838e-08
1693	-2.18856543069e-08
1694	-2.16867900299e-08
1695	-2.14879257529e-08
1696	-2.1289061476e-08
1697	-2.1090197199e-08
1698	-2.0891332922e-08
1699	-2.06924686451e-08
1700	-2.04936043681e-08
1701	-2.02947400911e-08
1702	-2.00958758142e-08
1703	-1.98970115372e-08
1704	-1.96981472602e-08
1705	-1.94992829833e-08
1706	-1.93004187063e-08
1707	-1.91015544293e-08
1708	-1.89026901524e-08
1709	-1.87038258754e-08
1710	-1.85049615984e-08
1711	-1.83060973215e-08
1712	-1.81072330445e-08
1713	-1.80970700626e-08
1714	-1.8275618389e-08
1715	-1.84541667154e-08
1716	-1.86327150418e-08
1717	-1.88112633683e-08
1718	-1.89898116947e-08
1719	-1.91683600211e-08
1720	-1.93469083475e-08
1721	-1.95254566739e-08
1722	-1.97040050003e-08
1723	-1.98825533268e-08
1724	-2.00611016532e-08
1725	-2.02396499796e-08
1726	-2.0418198306e-08
1727	-2.05967466324e-08
1728	-2.07752949588e-08
1729	-2.09538432853e-08
1730	-2.11323916117e-08
1731	-2.13109399381e-08
1732	-2.14894882645e-08
1733	-2.16680365909e-08
1734	-2.18465849173e-08
1735	-2.20251332437e-08
1736	-2.22036815702e-08
1737	-2.23822298966e-08
1738	-2.24806301533e-08
1739	-2.24988780252e-08
1740	-2.25171258971e-08
1741	-2.2535373769e-08
1742	-2.25536216409e-08
1743	-2.25718695128e-08
1744	-2.25901173847e-08
1745	-2.26083652566e-08
1746	-2.26266131286e-08
1747	-2.26448610005e-08
1748	-2.26631088724e-08
1749	-2.26813567443e-08
1750	-2.26996046162e-08
1751	-2.27178524881e-08
1752	-2.273610036e-08
1753	-2.27543482319e-08
1754	-2.27725961038e-08
1755	-2.27908439757e-08
1756	-2.28090918477e-08
1757	-2.28273397196e-08
1758	-2.28455875915e-08
1759	-2.28638354634e-08
1760	-2.28820833353e-08
1761	-2.29003312072e-08
1762	-2.29185790791e-08
1763	-2.28774609597e-08
1764	-2.27769736069e-08
1765	-2.26764862541e-08
1766	-2.25759989012e-08
1767	-2.24755115484e-08
1768	-2.23750241956e-08
1769	-2.22745368427e-08
1770	-2.21740494899e-08
1771	-2.20735621371e-08
1772	-2.19730747842e-08
1773	-2.18725874314e-08
1774	-2.17721000786e-08
1775	-2.16716127257e-08
1776	-2.15711253729e-08
1777	-2.147063802e-08
1778	-2.13701506672e-08
1779	-2.12696633144e-08
1780	-2.11691759615e-08
1781	-2.10686886087e-08
1782	-2.09682012559e-08
1783	-2.0867713903e-08
1784	-2.07672265502e-08
1785	-2.06667391974e-08
1786	-2.05662518445e-08
1787	-2.04657644917e-08
1788	-2.04440846898e-08
1789	-2.05012168039e-08
1790	-2.05583489181e-08
1791	-2.06154810322e-08
1792	-2.06726131463e-08
1793	-2.07297452604e-08
1794	-2.07868773745e-08
1795	-2.08440094886e-08
1796	-2.09011416027e-08
1797	-2.09582737169e-08
1798	-2.1015405831e-08
1799	-2.10725379451e-08
1800	-2.11296700592e-08
1801	-2.11868021733e-08
1802	-2.12439342874e-08
1803	-2.13010664015e-08
1804	-2.13581985157e-08
1805	-2.14153306298e-08
1806	-2.14724627439e-08
1807	-2.1529594858e-08
1808	-2.15867269721e-08
1809	-2.16438590862e-08
1810	-2.17009912003e-08
1811	-2.17581233145e-08
1812	-2.18152554286e-08
1813	-2.17298072593e-08
1814	-2.15017707988e-08
1815	-2.12737343384e-08
1816	-2.10456978779e-08
1817	-2.08176614175e-08
1818	-2.0589624957e-08
1819	-2.03615884966e-08
1820	-2.01335520361e-08
1821	-1.99055155757e-08
1822	-1.96774791152e-08
1823	-1.94494426547e-08
1824	-1.92214061943e-08
1825	-1.89933697338e-08
1826	-1.87653332734e-08
1827	-1.85372968129e-08
1828	-1.83092603525e-08
1829	-1.8081223892e-08
1830	-1.78531874316e-08
1831	-1.76251509711e-08
1832	-1.73971145107e-08
1833	-1.71690780502e-08
1834	-1.69410415898e-08
1835	-1.67130051293e-08
1836	-1.64849686689e-08
1837	-1.62569322084e-08
1838	-1.61861886169e-08
1839	-1.62727468501e-08
1840	-1.63593050833e-08
1841	-1.64458633165e-08
1842	-1.65324215497e-08
1843	-1.6618979783e-08
1844	-1.67055380162e-08
1845	-1.67920962494e-08
1846	-1.68786544826e-08
1847	-1.69652127158e-08
1848	-1.7051770949e-08
1849	-1.71383291822e-08
1850	-1.72248874154e-08
1851	-1.73114456486e-08
1852	-1.73980038819e-08
1853	-1.74845621151e-08
1854	-1.75711203483e-08
1855	-1.76576785815e-08
1856	-1.77442368147e-08
1857	-1.78307950479e-08
1858	-1.79173532811e-08
1859	-1.80039115143e-08
1860	-1.80904697475e-08
1861	-1.81770279808e-08
1862	-1.8263586214e-08
1863	-1.82284203007e-08
1864	-1.80715232161e-08
1865	-1.79146261314e-08
1866	-1.77577290468e-08
1867	-1.76008319621e-08
1868	-1.74439348775e-08
1869	-1.72870377928e-08
1870	-1.71301407082e-08
1871	-1.69732436235e-08
1872	-1.68163465389e-08
1873	-1.66594494542e-08
1874	-1.65025523696e-08
1875	-1.63456552849e-08
1876	-1.61887582003e-08
1877	-1.60318611156e-08
1878	-1.5874964031e-08
1879	-1.57180669463e-08
1880	-1.55611698616e-08
1881	-1.5404272777e-08
1882	-1.52473756923e-08
1883	-1.50904786077e-08
1884	-1.4933581523e-08
1885	-1.47766844384e-08
1886	-1.46197873537e-08
1887	-1.44628902691e-08
1888	-1.41305122551e-08
1889	-1.36226430484e-08
1890	-1.31147738416e-08
1891	-1.26069046349e-08
1892	-1.20990354282e-08
1893	-1.15911662215e-08
1894	-1.10832970148e-08
1895	-1.05754278081e-08
1896	-1.00675586014e-08
1897	-9.55968939468e-09
1898	-9.05182018797e-09
1899	-8.54395098126e-09
1900	-8.03608177455e-09
1901	-7.52821256784e-09
1902	-7.02034336113e-09
1903	-6.51247415442e-09
1904	-6.00460494771e-09
1905	-5.496735741e-09
1906	-4.98886653429e-09
1907	-4.48099732758e-09
1908	-3.97312812087e-09
1909	-3.46525891416e-09
1910	-2.95738970745e-09
1911	-2.44952050074e-09
1912	-1.94165129403e-09
1913	-1.65926761012e-09
1914	-1.60238281161e-09
1915	-1.5454980131e-09
1916	-1.48861321459e-09
1917	-1.43172841608e-09
1918	-1.37484361757e-09
1919	-1.31795881906e-09
1920	-1.26107402055e-09
1921	-1.20418922204e-09
1922	-1.14730442352e-09
1923	-1.09041962501e-09
1924	-1.0335348265e-09
1925	-9.76650027991e-10
1926	-9.1976522948e-10
1927	-8.62880430969e-10
1928	-8.05995632458e-10
1929	-7.49110833947e-10
1930	-6.92226035436e-10
1931	-6.35341236925e-10
1932	-5.78456438414e-10
1933	-5.21571639903e-10
1934	-4.64686841392e-10
1935	-4.07802042881e-10
1936	-3.5091724437e-10
1937	-2.94032445859e-10
1938	-2.57418215717e-10
1939	-2.4107577091e-10
1940	-2.24733326104e-10
1941	-2.08390881297e-10
1942	-1.9204843649e-10
1943	-1.75705991683e-10
1944	-1.59363546876e-10
1945	-1.43021102069e-10
1946	-1.26678657263e-10
1947	-1.10336212456e-10
1948	-9.39937676491e-11
1949	-7.76513228423e-11
1950	-6.13088780355e-11
1951	-4.49664332287e-11
1952	-2.86239884218e-11
1953	-1.2281543615e-11
1954	4.06090119177e-12
1955	2.04033459986e-11
1956	3.67457908054e-11
1957	5.30882356122e-11
1958	6.9430680419e-11
1959	8.57731252258e-11
1960	1.02115570033e-10
1961	1.18458014839e-10
1962	1.34800459646e-10
1963	1.44454217951e-10
1964	1.47418883008e-10
1965	1.50383548066e-10
1966	1.53348213124e-10
1967	1.56312878181e-10
1968	1.59277543239e-10
1969	1.62242208297e-10
1970	1.65206873354e-10
1971	1.68171538412e-10
1972	1.71136203469e-10
1973	1.74100868527e-10
1974	1.77065533585e-10
1975	1.80030198642e-10
1976	1.829948637e-10
1977	1.85959528758e-10
1978	1.88924193815e-10
1979	1.91888858873e-10
1980	1.94853523931e-10
1981	1.97818188988e-10
1982	2.00782854046e-10
1983	2.03747519104e-10
1984	2.06712184161e-10
1985	2.09676849219e-10
1986	2.12641514276e-10
1987	2.15606179334e-10
1988	2.19355055355e-10
1989	2.23888190635e-10
1990	2.28421325915e-10
1991	2.32954461195e-10
1992	2.37487596475e-10
1993	2.42020731755e-10
1994	2.46553867035e-10
1995	2.51087002315e-10
1996	2.55620137595e-10
1997	2.60153272875e-10
1998	2.64686408155e-10
1999	2.69219543435e-10
2000	2.73752678715e-10
2001	2.78285813995e-10
2002	2.82818949276e-10
2003	2.87352084556e-10
2004	2.91885219836e-10
2005	2.96418355116e-10
2006	3.00951490396e-10
2007	3.05484625676e-10
2008	3.10017760956e-10
2009	3.14550896236e-10
2010	3.19084031516e-10
2011	3.23617166796e-10
2012	3.28150302076e-10
2013	3.29061009316e-10
2014	3.26349062621e-10
2015	3.23637115927e-10
2016	3.20925169232e-10
2017	3.18213222537e-10
2018	3.15501275842e-10
2019	3.12789329148e-10
2020	3.10077382453e-10
2021	3.07365435758e-10
2022	3.04653489063e-10
2023	3.01941542368e-10
2024	2.99229595674e-10
2025	2.96517648979e-10
2026	2.93805702284e-10
2027	2.91093755589e-10
2028	2.88381808894e-10
2029	2.856698622e-10
2030	2.82957915505e-10
2031	2.8024596881e-10
2032	2.77534022115e-10
2033	2.74822075421e-10
2034	2.72110128726e-10
2035	2.69398182031e-10
2036	2.66686235336e-10
2037	2.63974288641e-10
2038	2.6319113133e-10
2039	2.64336885175e-10
2040	2.6548263902e-10
2041	2.66628392865e-10
2042	2.6777414671e-10
2043	2.68919900555e-10
2044	2.700656544e-10
2045	2.71211408246e-10
2046	2.72357162091e-10
2047	2.73502915936e-10
2048	2.74648669781e-10
2049	2.75794423626e-10
2050	2.76940177471e-10
2051	2.78085931316e-10
2052	2.79231685161e-10
2053	2.80377439007e-10
2054	2.81523192852e-10
2055	2.82668946697e-10
2056	2.83814700542e-10
2057	2.84960454387e-10
2058	2.86106208232e-10
2059	2.87251962077e-10
2060	2.88397715922e-10
2061	2.89543469768e-10
2062	2.90689223613e-10
2063	2.89425951698e-10
2064	2.85753500063e-10
2065	2.82081048428e-10
2066	2.78408596794e-10
2067	2.74736145159e-10
2068	2.71063693524e-10
2069	2.67391241889e-10
2070	2.63718790255e-10
2071	2.6004633862e-10
2072	2.56373886985e-10
2073	2.5270143535e-10
2074	2.49028983716e-10
2075	2.45356532081e-10
2076	2.41684080446e-10
2077	2.38011628811e-10
2078	2.34339177177e-10
2079	2.30666725542e-10
2080	2.26994273907e-10
2081	2.23321822273e-10
2082	2.19649370638e-10
2083	2.15976919003e-10
2084	2.12304467368e-10
2085	2.08632015734e-10
2086	2.04959564099e-10
2087	2.01287112464e-10
2088	1.99406965471e-10
2089	1.99319239055e-10
2090	1.99231512638e-10
2091	1.99143786221e-10
2092	1.99056059805e-10
2093	1.98968333388e-10
2094	1.98880606971e-10
2095	1.98792880555e-10
2096	1.98705154138e-10
2097	1.98617427721e-10
2098	1.98529701305e-10
2099	1.98441974888e-10
2100	1.98354248471e-10
2101	1.98266522055e-10
2102	1.98178795638e-10
2103	1.98091069221e-10
2104	1.98003342804e-10
2105	1.97915616388e-10
2106	1.97827889971e-10
2107	1.97740163554e-10
2108	1.97652437138e-10
2109	1.97564710721e-10
2110	1.97476984304e-10
2111	1.97389257888e-10
2112	1.97301531471e-10
2113	1.98069914386e-10
2114	1.99694462673e-10
2115	2.0131901096e-10
2116	2.02943559246e-10
2117	2.04568107533e-10
2118	2.0619265582e-10
2119	2.07817204107e-10
2120	2.09441752394e-10
2121	2.11066300681e-10
2122	2.12690848967e-10
2123	2.14315397254e-10
2124	2.15939945541e-10
2125	2.17564493828e-10
2126	2.19189042115e-10
2127	2.20813590401e-10
2128	2.22438138688e-10
2129	2.24062686975e-10
2130	2.25687235262e-10
2131	2.27311783549e-10
2132	2.28936331836e-10
2133	2.30560880122e-10
2134	2.32185428409e-10
2135	2.33809976696e-10
2136	2.35434524983e-10
2137	2.3705907327e-10
2138	2.35958852763e-10
2139	2.32133682991e-10
2140	2.2830851322e-10
2141	2.24483343448e-10
2142	2.20658173676e-10
2143	2.16833003904e-10
2144	2.13007834133e-10
2145	2.09182664361e-10
2146	2.05357494589e-10
2147	2.01532324818e-10
2148	1.97707155046e-10
2149	1.93881985274e-10
2150	1.90056815503e-10
2151	1.86231645731e-10
2152	1.82406475959e-10
2153	1.78581306187e-10
2154	1.74756136416e-10
2155	1.70930966644e-10
2156	1.67105796872e-10
2157	1.63280627101e-10
2158	1.59455457329e-10
2159	1.55630287557e-10
2160	1.51805117786e-10
2161	1.47979948014e-10
2162	1.44154778242e-10
2163	1.42788606756e-10
2164	1.4388159833e-10
2165	1.44974589903e-10
2166	1.46067581476e-10
2167	1.47160573049e-10
2168	1.48253564622e-10
2169	1.49346556195e-10
2170	1.50439547769e-10
2171	1.51532539342e-10
2172	1.52625530915e-10
2173	1.53718522488e-10
2174	1.54811514061e-10
2175	1.55904505635e-10
2176	1.56997497208e-10
2177	1.58090488781e-10
2178	1.59183480354e-10
2179	1.60276471927e-10
2180	1.613694635e-10
2181	1.62462455074e-10
2182	1.63555446647e-10
2183	1.6464843822e-10
2184	1.65741429793e-10
2185	1.66834421366e-10
2186	1.6792741294e-10
2187	1.69020404513e-10
2188	1.68746315364e-10
2189	1.6710505283e-10
2190	1.65463790296e-10
2191	1.63822527761e-10
2192	1.62181265227e-10
2193	1.60540002692e-10
2194	1.58898740158e-10
2195	1.57257477624e-10
2196	1.55616215089e-10
2197	1.53974952555e-10
2198	1.5233369002e-10
2199	1.50692427486e-10
2200	1.49051164951e-10
2201	1.47409902417e-10
2202	1.45768639883e-10
2203	1.44127377348e-10
2204	1.42486114814e-10
2205	1.40844852279e-10
2206	1.39203589745e-10
2207	1.3756232721e-10
2208	1.35921064676e-10
2209	1.34279802142e-10
2210	1.32638539607e-10
2211	1.30997277073e-10
2212	1.29356014538e-10
2213	1.28736813834e-10
2214	1.29139745029e-10
2215	1.29542676225e-10
2216	1.2994560742e-10
2217	1.30348538615e-10
2218	1.30751469811e-10
2219	1.31154401006e-10
2220	1.31557332202e-10
2221	1.31960263397e-10
2222	1.32363194593e-10
2223	1.32766125788e-10
2224	1.33169056983e-10
2225	1.33571988179e-10
2226	1.33974919374e-10
2227	1.3437785057e-10
2228	1.34780781765e-10
2229	1.35183712961e-10
2230	1.35586644156e-10
2231	1.35989575351e-10
2232	1.36392506547e-10
2233	1.36795437742e-10
2234	1.37198368938e-10
2235	1.37601300133e-10
2236	1.38004231329e-10
2237	1.38407162524e-10
2238	1.38162177978e-10
2239	1.3726923277e-10
2240	1.36376287562e-10
2241	1.35483342354e-10
2242	1.34590397146e-10
2243	1.33697451938e-10
2244	1.3280450673e-10
2245	1.31911561522e-10
2246	1.31018616314e-10
2247	1.30125671106e-10
2248	1.29232725898e-10
2249	1.2833978069e-10
2250	1.27446835482e-10
2251	1.26553890274e-10
2252	1.25660945066e-10
2253	1.24767999858e-10
2254	1.2387505465e-10
2255	1.22982109442e-10
2256	1.22089164234e-10
2257	1.21196219026e-10
2258	1.20303273818e-10
2259	1.1941032861e-10
2260	1.18517383402e-10
2261	1.17624438194e-10
2262	1.16731492986e-10
2263	1.17590326458e-10
2264	1.20201061422e-10
2265	1.22811796386e-10
2266	1.2542253135e-10
2267	1.28033266315e-10
2268	1.30644001279e-10
2269	1.33254736243e-10
2270	1.35865471207e-10
2271	1.38476206172e-10
2272	1.41086941136e-10
2273	1.436976761e-10
2274	1.46308411064e-10
2275	1.48919146028e-10
2276	1.51529880993e-10
2277	1.54140615957e-10
2278	1.56751350921e-10
2279	1.59362085885e-10
2280	1.6197282085e-10
2281	1.64583555814e-10
2282	1.67194290778e-10
2283	1.69805025742e-10
2284	1.72415760706e-10
2285	1.75026495671e-10
2286	1.77637230635e-10
2287	1.80247965599e-10
2288	1.9118521617e-10
2289	2.10449572545e-10
2290	2.29713928921e-10
2291	2.48978285296e-10
2292	2.68242641672e-10
2293	2.87506998047e-10
2294	3.06771354423e-10
2295	3.26035710798e-10
2296	3.45300067174e-10
2297	3.64564423549e-10
2298	3.83828779924e-10
2299	4.030931363e-10
2300	4.22357492675e-10
2301	4.41621849051e-10
2302	4.60886205426e-10
2303	4.80150561802e-10
2304	4.99414918177e-10
2305	5.18679274553e-10
2306	5.37943630928e-10
2307	5.57207987303e-10
2308	5.76472343679e-10
2309	5.95736700054e-10
2310	6.1500105643e-10
2311	6.34265412805e-10
2312	6.53529769181e-10
2313	6.63206529266e-10
2314	6.63295006047e-10
2315	6.63383482828e-10
2316	6.6347195961e-10
2317	6.63560436391e-10
2318	6.63648913173e-10
2319	6.63737389954e-10
2320	6.63825866735e-10
2321	6.63914343517e-10
2322	6.64002820298e-10
2323	6.6409129708e-10
2324	6.64179773861e-10
2325	6.64268250642e-10
2326	6.64356727424e-10
2327	6.64445204205e-10
2328	6.64533680987e-10
2329	6.64622157768e-10
2330	6.64710634549e-10
2331	6.64799111331e-10
2332	6.64887588112e-10
2333	6.64976064894e-10
2334	6.65064541675e-10
2335	6.65153018456e-10
2336	6.65241495238e-10
2337	6.65329972019e-10
2338	6.66442670927e-10
2339	6.68579666147e-10
2340	6.70716661367e-10
2341	6.72853656587e-10
2342	6.74990651807e-10
2343	6.77127647027e-10
2344	6.79264642247e-10
2345	6.81401637468e-10
2346	6.83538632688e-10
2347	6.85675627908e-10
2348	6.87812623128e-10
2349	6.89949618348e-10
2350	6.92086613568e-10
2351	6.94223608788e-10
2352	6.96360604008e-10
2353	6.98497599228e-10
2354	7.00634594448e-10
2355	7.02771589668e-10
2356	7.04908584888e-10
2357	7.07045580108e-10
2358	7.09182575328e-10
2359	7.11319570549e-10
2360	7.13456565769e-10
2361	7.15593560989e-10
2362	7.17730556209e-10
2363	7.16919107923e-10
2364	7.13159000287e-10
2365	7.09398892652e-10
2366	7.05638785017e-10
2367	7.01878677381e-10
2368	6.98118569746e-10
2369	6.94358462111e-10
2370	6.90598354475e-10
2371	6.8683824684e-10
2372	6.83078139205e-10
2373	6.79318031569e-10
2374	6.75557923934e-10
2375	6.71797816299e-10
2376	6.68037708663e-10
2377	6.64277601028e-10
2378	6.60517493393e-10
2379	6.56757385757e-10
2380	6.52997278122e-10
2381	6.49237170487e-10
2382	6.45477062851e-10
2383	6.41716955216e-10
2384	6.37956847581e-10
2385	6.34196739945e-10
2386	6.3043663231e-10
2387	6.26676524674e-10
2388	6.2421078576e-10
2389	6.23039511324e-10
2390	6.21868236889e-10
2391	6.20696962453e-10
2392	6.19525688018e-10
2393	6.18354413582e-10
2394	6.17183139146e-10
2395	6.16011864711e-10
2396	6.14840590275e-10
2397	6.1366931584e-10
2398	6.12498041404e-10
2399	6.11326766969e-10
2400	6.10155492533e-10
2401	6.08984218097e-10
2402	6.07812943662e-10
2403	6.06641669226e-10
2404	6.05470394791e-10
2405	6.04299120355e-10
2406	6.03127845919e-10
2407	6.01956571484e-10
2408	6.00785297048e-10
2409	5.99614022613e-10
2410	5.98442748177e-10
2411	5.97271473741e-10
2412	5.96100199306e-10
2413	5.93269545005e-10
2414	5.88779386792e-10
2415	5.84289228579e-10
2416	5.79799070366e-10
2417	5.75308912152e-10
2418	5.70818753939e-10
2419	5.66328595726e-10
2420	5.61838437513e-10
2421	5.573482793e-10
2422	5.52858121086e-10
2423	5.48367962873e-10
2424	5.4387780466e-10
2425	5.39387646447e-10
2426	5.34897488234e-10
2427	5.30407330021e-10
2428	5.25917171807e-10
2429	5.21427013594e-10
2430	5.16936855381e-10
2431	5.12446697168e-10
2432	5.07956538955e-10
2433	5.03466380741e-10
2434	4.98976222528e-10
2435	4.94486064315e-10
2436	4.89995906102e-10
2437	4.85505747889e-10
2438	4.82077859376e-10
2439	4.79712320796e-10
2440	4.77346782216e-10
2441	4.74981243636e-10
2442	4.72615705056e-10
2443	4.70250166476e-10
2444	4.67884627896e-10
2445	4.65519089316e-10
2446	4.63153550737e-10
2447	4.60788012157e-10
2448	4.58422473577e-10
2449	4.56056934997e-10
2450	4.53691396417e-10
2451	4.51325857837e-10
2452	4.48960319257e-10
2453	4.46594780677e-10
2454	4.44229242098e-10
2455	4.41863703518e-10
2456	4.39498164938e-10
2457	4.37132626358e-10
2458	4.34767087778e-10
2459	4.32401549198e-10
2460	4.30036010618e-10
2461	4.27670472038e-10
2462	4.25304933459e-10
2463	4.24297532713e-10
2464	4.24648373435e-10
2465	4.24999214157e-10
2466	4.25350054879e-10
2467	4.25700895601e-10
2468	4.26051736323e-10
2469	4.26402577045e-10
2470	4.26753417767e-10
2471	4.27104258489e-10
2472	4.27455099211e-10
2473	4.27805939933e-10
2474	4.28156780655e-10
2475	4.28507621376e-10
2476	4.28858462098e-10
2477	4.2920930282e-10
2478	4.29560143542e-10
2479	4.29910984264e-10
2480	4.30261824986e-10
2481	4.30612665708e-10
2482	4.3096350643e-10
2483	4.31314347152e-10
2484	4.31665187874e-10
2485	4.32016028596e-10
2486	4.32366869317e-10
2487	4.32717710039e-10
2488	4.27706219347e-10
2489	4.17331983916e-10
2490	4.06957748485e-10
2491	3.96583513054e-10
2492	3.86209277623e-10
2493	3.75835042192e-10
2494	3.65460806761e-10
2495	3.5508657133e-10
2496	3.44712335899e-10
2497	3.34338100468e-10
2498	3.23963865037e-10
2499	3.13589629606e-10
2500	3.03215394175e-10
2501	2.92841158744e-10
2502	2.82466923313e-10
2503	2.72092687882e-10
2504	2.61718452451e-10
2505	2.5134421702e-10
2506	2.40969981589e-10
2507	2.30595746158e-10
2508	2.20221510727e-10
2509	2.09847275296e-10
2510	1.99473039865e-10
2511	1.89098804434e-10
2512	1.78724569003e-10
2513	1.75252651667e-10
2514	1.78683589798e-10
2515	1.8211452793e-10
2516	1.85545466062e-10
2517	1.88976404193e-10
2518	1.92407342325e-10
2519	1.95838280456e-10
2520	1.99269218588e-10
2521	2.02700156719e-10
2522	2.06131094851e-10
2523	2.09562032982e-10
2524	2.12992971114e-10
2525	2.16423909246e-10
2526	2.19854847377e-10
2527	2.23285785509e-10
2528	2.2671672364e-10
2529	2.30147661772e-10
2530	2.33578599903e-10
2531	2.37009538035e-10
2532	2.40440476166e-10
2533	2.43871414298e-10
2534	2.47302352429e-10
2535	2.50733290561e-10
2536	2.54164228693e-10
2537	2.57595166824e-10
2538	2.58517293815e-10
2539	2.569304124e-10
2540	2.55343530985e-10
2541	2.5375664957e-10
2542	2.52169768155e-10
2543	2.5058288674e-10
2544	2.48996005325e-10
2545	2.4740912391e-10
2546	2.45822242495e-10
2547	2.44235361079e-10
2548	2.42648479664e-10
2549	2.41061598249e-10
2550	2.39474716834e-10
2551	2.37887835419e-10
2552	2.36300954004e-10
2553	2.34714072589e-10
2554	2.33127191174e-10
2555	2.31540309759e-10
2556	2.29953428344e-10
2557	2.28366546929e-10
2558	2.26779665514e-10
2559	2.25192784099e-10
2560	2.23605902684e-10
2561	2.22019021269e-10
2562	2.20432139854e-10
2563	2.19021876454e-10
2564	2.17788245092e-10
2565	2.16554613731e-10
2566	2.15320982369e-10
2567	2.14087351008e-10
2568	2.12853719646e-10
2569	2.11620088284e-10
2570	2.10386456923e-10
2571	2.09152825561e-10
2572	2.079191942e-10
2573	2.06685562838e-10
2574	2.05451931477e-10
2575	2.04218300115e-10
2576	2.02984668753e-10
2577	2.01751037392e-10
2578	2.0051740603e-10
2579	1.99283774669e-10
2580	1.98050143307e-10
2581	1.96816511945e-10
2582	1.95582880584e-10
2583	1.94349249222e-10
2584	1.93115617861e-10
2585	1.91881986499e-10
2586	1.90648355138e-10
2587	1.89414723776e-10
2588	1.88557749175e-10
2589	1.88077461535e-10
2590	1.87597173895e-10
2591	1.87116886254e-10
2592	1.86636598614e-10
2593	1.86156310973e-10
2594	1.85676023333e-10
2595	1.85195735693e-10
2596	1.84715448052e-10
2597	1.84235160412e-10
2598	1.83754872772e-10
2599	1.83274585131e-10
2600	1.82794297491e-10
2601	1.82314009851e-10
2602	1.8183372221e-10
2603	1.8135343457e-10
2604	1.8087314693e-10
2605	1.80392859289e-10
2606	1.79912571649e-10
2607	1.79432284008e-10
2608	1.78951996368e-10
2609	1.78471708728e-10
2610	1.77991421087e-10
2611	1.77511133447e-10
2612	1.77030845807e-10
2613	1.75639730829e-10
2614	1.73337714779e-10
2615	1.71035698729e-10
2616	1.6873368268e-10
2617	1.6643166663e-10
2618	1.64129650581e-10
2619	1.61827634531e-10
2620	1.59525618481e-10
2621	1.57223602432e-10
2622	1.54921586382e-10
2623	1.52619570332e-10
2624	1.50317554283e-10
2625	1.48015538233e-10
2626	1.45713522183e-10
2627	1.43411506134e-10
2628	1.41109490084e-10
2629	1.38807474034e-10
2630	1.36505457985e-10
2631	1.34203441935e-10
2632	1.31901425886e-10
2633	1.29599409836e-10
2634	1.27297393786e-10
2635	1.24995377737e-10
2636	1.22693361687e-10
2637	1.20391345637e-10
2638	1.20579808529e-10
2639	1.23258953903e-10
2640	1.25938099277e-10
2641	1.28617244651e-10
2642	1.31296390025e-10
2643	1.33975535399e-10
2644	1.36654680773e-10
2645	1.39333826147e-10
2646	1.4201297152e-10
2647	1.44692116894e-10
2648	1.47371262268e-10
2649	1.50050407642e-10
2650	1.52729553016e-10
2651	1.5540869839e-10
2652	1.58087843764e-10
2653	1.60766989138e-10
2654	1.63446134512e-10
2655	1.66125279886e-10
2656	1.6880442526e-10
2657	1.71483570634e-10
2658	1.74162716007e-10
2659	1.76841861381e-10
2660	1.79521006755e-10
2661	1.82200152129e-10
2662	1.84879297503e-10
2663	1.85694639165e-10
2664	1.84646023348e-10
2665	1.83597407531e-10
2666	1.82548791713e-10
2667	1.81500175896e-10
2668	1.80451560079e-10
2669	1.79402944262e-10
2670	1.78354328444e-10
2671	1.77305712627e-10
2672	1.7625709681e-10
2673	1.75208480992e-10
2674	1.74159865175e-10
2675	1.73111249358e-10
2676	1.7206263354e-10
2677	1.71014017723e-10
2678	1.69965401906e-10
2679	1.68916786088e-10
2680	1.67868170271e-10
2681	1.66819554454e-10
2682	1.65770938637e-10
2683	1.64722322819e-10
2684	1.63673707002e-10
2685	1.62625091185e-10
2686	1.61576475367e-10
2687	1.6052785955e-10
2688	1.59371454698e-10
2689	1.58107251834e-10
2690	1.56843048971e-10
2691	1.55578846107e-10
2692	1.54314643244e-10
2693	1.5305044038e-10
2694	1.51786237517e-10
2695	1.50522034654e-10
2696	1.4925783179e-10
2697	1.47993628927e-10
2698	1.46729426063e-10
2699	1.454652232e-10
2700	1.44201020336e-10
2701	1.42936817473e-10
2702	1.41672614609e-10
2703	1.40408411746e-10
2704	1.39144208882e-10
2705	1.37880006019e-10
2706	1.36615803155e-10
2707	1.35351600292e-10
2708	1.34087397429e-10
2709	1.32823194565e-10
2710	1.31558991702e-10
2711	1.30294788838e-10
2712	1.29030585975e-10
2713	1.27703643313e-10
2714	1.26313955581e-10
2715	1.24924267849e-10
2716	1.23534580116e-10
2717	1.22144892384e-10
2718	1.20755204652e-10
2719	1.19365516919e-10
2720	1.17975829187e-10
2721	1.16586141455e-10
2722	1.15196453722e-10
2723	1.1380676599e-10
2724	1.12417078257e-10
2725	1.11027390525e-10
2726	1.09637702793e-10
2727	1.0824801506e-10
2728	1.06858327328e-10
2729	1.05468639596e-10
2730	1.04078951863e-10
2731	1.02689264131e-10
2732	1.01299576398e-10
2733	9.99098886661e-11
2734	9.85202009337e-11
2735	9.71305132014e-11
2736	9.5740825469e-11
2737	9.43511377366e-11
2738	9.43285569803e-11
2739	9.56731991668e-11
2740	9.70178413533e-11
2741	9.83624835397e-11
2742	9.97071257262e-11
2743	1.01051767913e-10
2744	1.02396410099e-10
2745	1.03741052286e-10
2746	1.05085694472e-10
2747	1.06430336658e-10
2748	1.07774978845e-10
2749	1.09119621031e-10
2750	1.10464263218e-10
2751	1.11808905404e-10
2752	1.13153547591e-10
2753	1.14498189777e-10
2754	1.15842831964e-10
2755	1.1718747415e-10
2756	1.18532116337e-10
2757	1.19876758523e-10
2758	1.21221400709e-10
2759	1.22566042896e-10
2760	1.23910685082e-10
2761	1.25255327269e-10
2762	1.26599969455e-10
2763	1.27779731371e-10
2764	1.28794598901e-10
2765	1.29809466431e-10
2766	1.30824333961e-10
2767	1.31839201492e-10
2768	1.32854069022e-10
2769	1.33868936552e-10
2770	1.34883804082e-10
2771	1.35898671613e-10
2772	1.36913539143e-10
2773	1.37928406673e-10
2774	1.38943274203e-10
2775	1.39958141734e-10
2776	1.40973009264e-10
2777	1.41987876794e-10
2778	1.43002744324e-10
2779	1.44017611855e-10
2780	1.45032479385e-10
2781	1.46047346915e-10
2782	1.47062214445e-10
2783	1.48077081976e-10
2784	1.49091949506e-10
2785	1.50106817036e-10
2786	1.51121684566e-10
2787	1.52136552097e-10
2788	1.5246245051e-10
2789	1.52099320297e-10
2790	1.51736190083e-10
2791	1.5137305987e-10
2792	1.51009929656e-10
2793	1.50646799443e-10
2794	1.50283669229e-10
2795	1.49920539016e-10
2796	1.49557408802e-10
2797	1.49194278589e-10
2798	1.48831148375e-10
2799	1.48468018162e-10
2800	1.48104887948e-10
2801	1.47741757735e-10
2802	1.47378627521e-10
2803	1.47015497308e-10
2804	1.46652367094e-10
2805	1.46289236881e-10
2806	1.45926106667e-10
2807	1.45562976454e-10
2808	1.4519984624e-10
2809	1.44836716027e-10
2810	1.44473585813e-10
2811	1.441104556e-10
2812	1.43747325386e-10
2813	1.4368561475e-10
2814	1.43925349959e-10
2815	1.44165085168e-10
2816	1.44404820377e-10
2817	1.44644555586e-10
2818	1.44884290795e-10
2819	1.45124026004e-10
2820	1.45363761213e-10
2821	1.45603496422e-10
2822	1.45843231631e-10
2823	1.4608296684e-10
2824	1.46322702049e-10
2825	1.46562437258e-10
2826	1.46802172467e-10
2827	1.47041907676e-10
2828	1.47281642886e-10
2829	1.47521378095e-10
2830	1.47761113304e-10
2831	1.48000848513e-10
2832	1.48240583722e-10
2833	1.48480318931e-10
2834	1.4872005414e-10
2835	1.48959789349e-10
2836	1.49199524558e-10
2837	1.49439259767e-10
2838	1.47954052053e-10
2839	1.4474374975e-10
2840	1.41533447447e-10
2841	1.38323145144e-10
2842	1.3511284284e-10
2843	1.31902540537e-10
2844	1.28692238234e-10
2845	1.25481935931e-10
2846	1.22271633628e-10
2847	1.19061331325e-10
2848	1.15851029022e-10
2849	1.12640726718e-10
2850	1.09430424415e-10
2851	1.06220122112e-10
2852	1.03009819809e-10
2853	9.97995175059e-11
2854	9.65892152028e-11
2855	9.33789128997e-11
2856	9.01686105965e-11
2857	8.69583082934e-11
2858	8.37480059903e-11
2859	8.05377036871e-11
2860	7.7327401384e-11
2861	7.41170990809e-11
2862	7.09067967777e-11
2863	6.88374084087e-11
2864	6.79090351726e-11
2865	6.69806619365e-11
2866	6.60522887004e-11
2867	6.51239154642e-11
2868	6.41955422281e-11
2869	6.3267168992e-11
2870	6.23387957559e-11
2871	6.14104225198e-11
2872	6.04820492837e-11
2873	5.95536760476e-11
2874	5.86253028115e-11
2875	5.76969295754e-11
2876	5.67685563393e-11
2877	5.58401831032e-11
2878	5.49118098671e-11
2879	5.3983436631e-11
2880	5.30550633949e-11
2881	5.21266901588e-11
2882	5.11983169227e-11
2883	5.02699436866e-11
2884	4.93415704505e-11
2885	4.84131972144e-11
2886	4.74848239782e-11
2887	4.65564507421e-11
2888	4.66419933139e-11
2889	4.77415424131e-11
2890	4.88410915124e-11
2891	4.99406406116e-11
2892	5.10401897109e-11
2893	5.21397388101e-11
2894	5.32392879094e-11
2895	5.43388370086e-11
2896	5.54383861079e-11
2897	5.65379352071e-11
2898	5.76374843064e-11
2899	5.87370334056e-11
2900	5.98365825049e-11
2901	6.09361316041e-11
2902	6.20356807034e-11
2903	6.31352298026e-11
2904	6.42347789019e-11
2905	6.53343280011e-11
2906	6.64338771004e-11
2907	6.75334261996e-11
2908	6.86329752989e-11
2909	6.97325243981e-11
2910	7.08320734974e-11
2911	7.19316225966e-11
2912	7.30311716959e-11
2913	7.31848280966e-11
2914	7.23925064329e-11
2915	7.16001847691e-11
2916	7.08078631053e-11
2917	7.00155414415e-11
2918	6.92232197777e-11
2919	6.84308981139e-11
2920	6.76385764501e-11
2921	6.68462547864e-11
2922	6.60539331226e-11
2923	6.52616114588e-11
2924	6.4469289795e-11
2925	6.36769681312e-11
2926	6.28846464674e-11
2927	6.20923248036e-11
2928	6.13000031398e-11
2929	6.05076814761e-11
2930	5.97153598123e-11
2931	5.89230381485e-11
2932	5.81307164847e-11
2933	5.73383948209e-11
2934	5.65460731571e-11
2935	5.57537514933e-11
2936	5.49614298296e-11
2937	5.41691081658e-11
2938	5.33702856073e-11
2939	5.25649615624e-11
2940	5.17596375174e-11
2941	5.09543134725e-11
2942	5.01489894276e-11
2943	4.93436653827e-11
2944	4.85383413377e-11
2945	4.77330172928e-11
2946	4.69276932479e-11
2947	4.6122369203e-11
2948	4.5317045158e-11
2949	4.45117211131e-11
2950	4.37063970682e-11
2951	4.29010730233e-11
2952	4.20957489784e-11
2953	4.12904249334e-11
2954	4.04851008885e-11
2955	3.96797768436e-11
2956	3.88744527987e-11
2957	3.80691287537e-11
2958	3.72638047088e-11
2959	3.64584806639e-11
2960	3.5653156619e-11
2961	3.4847832574e-11
2962	3.40425085291e-11
2963	3.32242490534e-11
2964	3.23930529594e-11
2965	3.15618568654e-11
2966	3.07306607714e-11
2967	2.98994646774e-11
2968	2.90682685833e-11
2969	2.82370724893e-11
2970	2.74058763953e-11
2971	2.65746803013e-11
2972	2.57434842073e-11
2973	2.49122881133e-11
2974	2.40810920193e-11
2975	2.32498959253e-11
2976	2.24186998313e-11
2977	2.15875037373e-11
2978	2.07563076433e-11
2979	1.99251115493e-11
2980	1.90939154553e-11
2981	1.82627193613e-11
2982	1.74315232672e-11
2983	1.66003271732e-11
2984	1.57691310792e-11
2985	1.49379349852e-11
2986	1.41067388912e-11
2987	1.32755427972e-11
2988	1.30087325928e-11
2989	1.33063605251e-11
2990	1.36039884575e-11
2991	1.39016163898e-11
2992	1.41992443221e-11
2993	1.44968722545e-11
2994	1.47945001868e-11
2995	1.50921281191e-11
2996	1.53897560514e-11
2997	1.56873839838e-11
2998	1.59850119161e-11
2999	1.62826398484e-11
3000	1.65802677808e-11
3001	1.68778957131e-11
3002	1.71755236454e-11
3003	1.74731515777e-11
3004	1.77707795101e-11
3005	1.80684074424e-11
3006	1.83660353747e-11
3007	1.86636633071e-11
3008	1.89612912394e-11
3009	1.92589191717e-11
3010	1.9556547104e-11
3011	1.98541750364e-11
3012	2.01518029687e-11
3013	2.00974006541e-11
3014	1.96909352311e-11
3015	1.92844698081e-11
3016	1.88780043852e-11
3017	1.84715389622e-11
3018	1.80650735392e-11
3019	1.76586081163e-11
3020	1.72521426933e-11
3021	1.68456772703e-11
3022	1.64392118473e-11
3023	1.60327464244e-11
3024	1.56262810014e-11
3025	1.52198155784e-11
3026	1.48133501555e-11
3027	1.44068847325e-11
3028	1.40004193095e-11
3029	1.35939538866e-11
3030	1.31874884636e-11
3031	1.27810230406e-11
3032	1.23745576177e-11
3033	1.19680921947e-11
3034	1.15616267717e-11
3035	1.11551613488e-11
3036	1.07486959258e-11
3037	1.03422305028e-11
3038	1.02472661712e-11
3039	1.04638322503e-11
3040	1.06803983294e-11
3041	1.08969644085e-11
3042	1.11135304876e-11
3043	1.13300965667e-11
3044	1.15466626458e-11
3045	1.17632287249e-11
3046	1.1979794804e-11
3047	1.21963608831e-11
3048	1.24129269622e-11
3049	1.26294930413e-11
3050	1.28460591204e-11
3051	1.30626251995e-11
3052	1.32791912786e-11
3053	1.34957573576e-11
3054	1.37123234367e-11
3055	1.39288895158e-11
3056	1.41454555949e-11
3057	1.4362021674e-11
3058	1.45785877531e-11
3059	1.47951538322e-11
3060	1.50117199113e-11
3061	1.52282859904e-11
3062	1.54448520695e-11
3063	1.56311603397e-11
3064	1.57872079297e-11
3065	1.59432555197e-11
3066	1.60993031097e-11
3067	1.62553506996e-11
3068	1.64113982896e-11
3069	1.65674458796e-11
3070	1.67234934696e-11
3071	1.68795410596e-11
3072	1.70355886495e-11
3073	1.71916362395e-11
3074	1.73476838295e-11
3075	1.75037314195e-11
3076	1.76597790094e-11
3077	1.78158265994e-11
3078	1.79718741894e-11
3079	1.81279217794e-11
3080	1.82839693693e-11
3081	1.84400169593e-11
3082	1.85960645493e-11
3083	1.87521121393e-11
3084	1.89081597293e-11
3085	1.90642073192e-11
3086	1.92202549092e-11
3087	1.93763024992e-11
3088	1.91329891747e-11
3089	1.84902767281e-11
3090	1.78475642815e-11
3091	1.72048518349e-11
3092	1.65621393883e-11
3093	1.59194269417e-11
3094	1.5276714495e-11
3095	1.46340020484e-11
3096	1.39912896018e-11
3097	1.33485771552e-11
3098	1.27058647086e-11
3099	1.20631522619e-11
3100	1.14204398153e-11
3101	1.07777273687e-11
3102	1.01350149221e-11
3103	9.49230247547e-12
3104	8.84959002886e-12
3105	8.20687758224e-12
3106	7.56416513562e-12
3107	6.921452689e-12
3108	6.27874024239e-12
3109	5.63602779577e-12
3110	4.99331534915e-12
3111	4.35060290253e-12
3112	3.70789045591e-12
3113	3.65484556869e-12
3114	4.19152511249e-12
3115	4.72820465629e-12
3116	5.26488420008e-12
3117	5.80156374388e-12
3118	6.33824328768e-12
3119	6.87492283147e-12
3120	7.41160237527e-12
3121	7.94828191907e-12
3122	8.48496146286e-12
3123	9.02164100666e-12
3124	9.55832055046e-12
3125	1.00950000943e-11
3126	1.06316796381e-11
3127	1.11683591818e-11
3128	1.17050387256e-11
3129	1.22417182694e-11
3130	1.27783978132e-11
3131	1.3315077357e-11
3132	1.38517569008e-11
3133	1.43884364446e-11
3134	1.49251159884e-11
3135	1.54617955322e-11
3136	1.5998475076e-11
3137	1.65351546198e-11
3138	1.64769907514e-11
3139	1.5823925639e-11
3140	1.51708605266e-11
3141	1.45177954142e-11
3142	1.38647303019e-11
3143	1.32116651895e-11
3144	1.25586000771e-11
3145	1.19055349648e-11
3146	1.12524698524e-11
3147	1.059940474e-11
3148	9.94633962767e-12
3149	9.2932745153e-12
3150	8.64020940294e-12
3151	7.98714429057e-12
3152	7.3340791782e-12
3153	6.68101406583e-12
3154	6.02794895347e-12
3155	5.3748838411e-12
3156	4.72181872873e-12
3157	4.06875361636e-12
3158	3.41568850399e-12
3159	2.76262339163e-12
3160	2.10955827926e-12
3161	1.45649316689e-12
3162	8.03428054522e-13
3163	5.95529696014e-13
3164	8.3284171608e-13
3165	1.07015373614e-12
3166	1.30746575621e-12
3167	1.54477777628e-12
3168	1.78208979634e-12
3169	2.01940181641e-12
3170	2.25671383647e-12
3171	2.49402585654e-12
3172	2.7313378766e-12
3173	2.96864989667e-12
3174	3.20596191673e-12
3175	3.4432739368e-12
3176	3.68058595686e-12
3177	3.91789797693e-12
3178	4.15520999699e-12
3179	4.39252201706e-12
3180	4.62983403712e-12
3181	4.86714605719e-12
3182	5.10445807725e-12
3183	5.34177009732e-12
3184	5.57908211738e-12
3185	5.81639413745e-12
3186	6.05370615751e-12
3187	6.29101817758e-12
3188	6.38961090609e-12
3189	6.34947064159e-12
3190	6.3093303771e-12
3191	6.2691901126e-12
3192	6.22904984811e-12
3193	6.18890958361e-12
3194	6.14876931912e-12
3195	6.10862905462e-12
3196	6.06848879013e-12
3197	6.02834852563e-12
3198	5.98820826113e-12
3199	5.94806799664e-12
3200	5.90792773214e-12
3201	5.86778746765e-12
3202	5.82764720315e-12
3203	5.78750693866e-12
3204	5.74736667416e-12
3205	5.70722640967e-12
3206	5.66708614517e-12
3207	5.62694588068e-12
3208	5.58680561618e-12
3209	5.54666535168e-12
3210	5.50652508719e-12
3211	5.46638482269e-12
3212	5.4262445582e-12
3213	5.3085260616e-12
3214	5.1132216103e-12
3215	4.91791715901e-12
3216	4.72261270772e-12
3217	4.52730825642e-12
3218	4.33200380513e-12
3219	4.13669935384e-12
3220	3.94139490255e-12
3221	3.74609045125e-12
3222	3.55078599996e-12
3223	3.35548154867e-12
3224	3.16017709737e-12
3225	2.96487264608e-12
3226	2.76956819479e-12
3227	2.57426374349e-12
3228	2.3789592922e-12
3229	2.18365484091e-12
3230	1.98835038962e-12
3231	1.79304593832e-12
3232	1.59774148703e-12
3233	1.40243703574e-12
3234	1.20713258444e-12
3235	1.01182813315e-12
3236	8.16523681858e-13
3237	6.21219230565e-13
3238	5.32843374047e-13
3239	5.51406839432e-13
3240	5.69970304817e-13
3241	5.88533770202e-13
3242	6.07097235587e-13
3243	6.25660700972e-13
3244	6.44224166358e-13
3245	6.62787631743e-13
3246	6.81351097128e-13
3247	6.99914562513e-13
3248	7.18478027898e-13
3249	7.37041493283e-13
3250	7.55604958669e-13
3251	7.74168424054e-13
3252	7.92731889439e-13
3253	8.11295354824e-13
3254	8.29858820209e-13
3255	8.48422285594e-13
3256	8.6698575098e-13
3257	8.85549216365e-13
3258	9.0411268175e-13
3259	9.22676147135e-13
3260	9.4123961252e-13
3261	9.59803077905e-13
3262	9.78366543291e-13
3263	1.00602476554e-12
3264	1.04277866409e-12
3265	1.07953256264e-12
3266	1.11628646118e-12
3267	1.15304035973e-12
3268	1.18979425828e-12
3269	1.22654815683e-12
3270	1.26330205538e-12
3271	1.30005595393e-12
3272	1.33680985248e-12
3273	1.37356375102e-12
3274	1.41031764957e-12
3275	1.44707154812e-12
3276	1.48382544667e-12
3277	1.52057934522e-12
3278	1.55733324377e-12
3279	1.59408714231e-12
3280	1.63084104086e-12
3281	1.66759493941e-12
3282	1.70434883796e-12
3283	1.74110273651e-12
3284	1.77785663506e-12
3285	1.81461053361e-12
3286	1.85136443215e-12
3287	1.8881183307e-12
3288	1.85474273948e-12
3289	1.7512305144e-12
3290	1.64771828931e-12
3291	1.54420606423e-12
3292	1.44069383915e-12
3293	1.33718161407e-12
3294	1.23366938898e-12
3295	1.1301571639e-12
3296	1.02664493882e-12
3297	9.23132713737e-13
3298	8.19620488654e-13
3299	7.16108263572e-13
3300	6.1259603849e-13
3301	5.09083813407e-13
3302	4.05571588325e-13
3303	3.02059363243e-13
3304	1.9854713816e-13
3305	9.5034913078e-14
3306	-8.47731200427e-15
3307	-1.11989537087e-13
3308	-2.15501762169e-13
3309	-3.19013987251e-13
3310	-4.22526212334e-13
3311	-5.26038437416e-13
3312	-6.29550662498e-13
3313	-6.81309431147e-13
3314	-6.81309431147e-13
3315	-6.81309431147e-13
3316	-6.81309431147e-13
3317	-6.81309431147e-13
3318	-6.81309431147e-13
3319	-6.81309431147e-13
3320	-6.81309431147e-13
3321	-6.81309431147e-13
3322	-6.81309431147e-13
3323	-6.81309431147e-13
3324	-6.81309431147e-13
