50	-2.67845268531e-13
51	-2.72852269813e-13
52	-2.77859271096e-13
53	-2.82866272378e-13
54	-2.8787327366e-13
55	-2.92880274943e-13
56	-2.97887276225e-13
57	-3.02894277507e-13
58	-3.0790127879e-13
59	-3.12908280072e-13
60	-3.17915281354e-13
61	-3.22922282637e-13
62	-3.27929283919e-13
63	-3.35475387017e-13
64	-3.45560596847e-13
65	-3.55645806677e-13
66	-3.65731016508e-13
67	-3.75816226338e-13
68	-3.85901436168e-13
69	-3.95986645999e-13
70	-4.06071855829e-13
71	-4.16157065659e-13
72	-4.2624227549e-13
73	-4.3632748532e-13
74	-4.4641269515e-13
75	-4.56497904981e-13
76	-4.66583114811e-13
77	-4.76668324641e-13
78	-4.86753534471e-13
79	-4.96838744302e-13
80	-5.06923954132e-13
81	-5.17009163962e-13
82	-5.27094373793e-13
83	-5.37179583623e-13
84	-5.47264793453e-13
85	-5.57350003284e-13
86	-5.67435213114e-13
87	-5.77520422944e-13
88	-5.89984818571e-13
89	-6.04828406445e-13
90	-6.1967199432e-13
91	-6.34515582194e-13
92	-6.49359170068e-13
93	-6.64202757942e-13
94	-6.79046345816e-13
95	-6.9388993369e-13
96	-7.08733521564e-13
97	-7.23577109439e-13
98	-7.38420697313e-13
99	-7.53264285187e-13
100	-7.68107873061e-13
101	-7.82951460935e-13
102	-7.97795048809e-13
103	-8.12638636684e-13
104	-8.27482224558e-13
105	-8.42325812432e-13
106	-8.57169400306e-13
107	-8.7201298818e-13
108	-8.86856576054e-13
109	-9.01700163929e-13
110	-9.16543751803e-13
111	-9.31387339677e-13
112	-9.46230927551e-13
113	-9.68298550781e-13
114	-9.97590234549e-13
115	-1.02688191832e-12
116	-1.05617360208e-12
117	-1.08546528585e-12
118	-1.11475696962e-12
119	-1.14404865339e-12
120	-1.17334033715e-12
121	-1.20263202092e-12
122	-1.23192370469e-12
123	-1.26121538846e-12
124	-1.29050707222e-12
125	-1.31979875599e-12
126	-1.34909043976e-12
127	-1.37838212353e-12
128	-1.4076738073e-12
129	-1.43696549106e-12
130	-1.46625717483e-12
131	-1.4955488586e-12
132	-1.52484054237e-12
133	-1.55413222613e-12
134	-1.5834239099e-12
135	-1.61271559367e-12
136	-1.64200727744e-12
137	-1.6712989612e-12
138	-1.72283653241e-12
139	-1.79662008584e-12
140	-1.87040363927e-12
141	-1.9441871927e-12
142	-2.01797074613e-12
143	-2.09175429956e-12
144	-2.16553785299e-12
145	-2.23932140643e-12
146	-2.31310495986e-12
147	-2.38688851329e-12
148	-2.46067206672e-12
149	-2.53445562015e-12
150	-2.60823917358e-12
151	-2.68202272701e-12
152	-2.75580628044e-12
153	-2.82958983387e-12
154	-2.9033733873e-12
155	-2.97715694073e-12
156	-3.05094049416e-12
157	-3.12472404759e-12
158	-3.19850760102e-12
159	-3.27229115445e-12
160	-3.34607470788e-12
161	-3.41985826131e-12
162	-3.49364181474e-12
163	-3.61518912182e-12
164	-3.78450042304e-12
165	-3.95381172426e-12
166	-4.12312302548e-12
167	-4.2924343267e-12
168	-4.46174562792e-12
169	-4.63105692915e-12
170	-4.80036823037e-12
171	-4.96967953159e-12
172	-5.13899083281e-12
173	-5.30830213403e-12
174	-5.47761343525e-12
175	-5.64692473648e-12
176	-5.8162360377e-12
177	-5.98554733892e-12
178	-6.15485864014e-12
179	-6.32416994136e-12
180	-6.49348124258e-12
181	-6.66279254381e-12
182	-6.83210384503e-12
183	-7.00141514625e-12
184	-7.17072644747e-12
185	-7.34003774869e-12
186	-7.50934904991e-12
187	-7.67866035114e-12
188	-7.95514789594e-12
189	-8.338812307e-12
190	-8.72247671807e-12
191	-9.10614112913e-12
192	-9.48980554019e-12
193	-9.87346995125e-12
194	-1.02571343623e-11
195	-1.06407987734e-11
196	-1.10244631844e-11
197	-1.14081275955e-11
198	-1.17917920066e-11
199	-1.21754564176e-11
200	-1.25591208287e-11
201	-1.29427852397e-11
202	-1.33264496508e-11
203	-1.37101140619e-11
204	-1.40937784729e-11
205	-1.4477442884e-11
206	-1.48611072951e-11
207	-1.52447717061e-11
208	-1.56284361172e-11
209	-1.60121005282e-11
210	-1.63957649393e-11
211	-1.67794293504e-11
212	-1.71630937614e-11
213	-1.78981802055e-11
214	-1.89846909966e-11
215	-2.00712017877e-11
216	-2.11577125788e-11
217	-2.22442233699e-11
218	-2.3330734161e-11
219	-2.44172449521e-11
220	-2.55037557432e-11
221	-2.65902665343e-11
222	-2.76767773254e-11
223	-2.87632881165e-11
224	-2.98497989076e-11
225	-3.09363096987e-11
226	-3.20228204898e-11
227	-3.31093312809e-11
228	-3.4195842072e-11
229	-3.52823528631e-11
230	-3.63688636542e-11
231	-3.74553744453e-11
232	-3.85418852364e-11
233	-3.96283960275e-11
234	-4.07149068186e-11
235	-4.18014176097e-11
236	-4.28879284008e-11
237	-4.39744391919e-11
238	-4.74374976576e-11
239	-5.32771212872e-11
240	-5.91167449168e-11
241	-6.49563685464e-11
242	-7.0795992176e-11
243	-7.66356158056e-11
244	-8.24752394352e-11
245	-8.83148630647e-11
246	-9.41544866943e-11
247	-9.99941103239e-11
248	-1.05833733954e-10
249	-1.11673357583e-10
250	-1.17512981213e-10
251	-1.23352604842e-10
252	-1.29192228472e-10
253	-1.35031852101e-10
254	-1.40871475731e-10
255	-1.46711099361e-10
256	-1.5255072299e-10
257	-1.5839034662e-10
258	-1.64229970249e-10
259	-1.70069593879e-10
260	-1.75909217509e-10
261	-1.81748841138e-10
262	-1.87588464768e-10
263	-2.31194577466e-10
264	-3.12567486414e-10
265	-3.93940395363e-10
266	-4.75313304311e-10
267	-5.5668621326e-10
268	-6.38059122209e-10
269	-7.19432031157e-10
270	-8.00804940106e-10
271	-8.82177849054e-10
272	-9.63550758003e-10
273	-1.04492366695e-09
274	-1.1262965759e-09
275	-1.20766948485e-09
276	-1.2890423938e-09
277	-1.37041530275e-09
278	-1.45178821169e-09
279	-1.53316112064e-09
280	-1.61453402959e-09
281	-1.69590693854e-09
282	-1.77727984749e-09
283	-1.85865275644e-09
284	-1.94002566539e-09
285	-2.02139857433e-09
286	-2.10277148328e-09
287	-2.18414439223e-09
288	-1.98245320758e-09
289	-1.49769540769e-09
290	-1.0129376078e-09
291	-5.28179807907e-10
292	-4.34220080159e-11
293	4.41335791875e-10
294	9.26093591765e-10
295	1.41085139166e-09
296	1.89560919155e-09
297	2.38036699144e-09
298	2.86512479133e-09
299	3.34988259122e-09
300	3.83464039111e-09
301	4.319398191e-09
302	4.80415599089e-09
303	5.28891379078e-09
304	5.77367159067e-09
305	6.25842939056e-09
306	6.74318719045e-09
307	7.22794499034e-09
308	7.71270279023e-09
309	8.19746059012e-09
310	8.68221839002e-09
311	9.16697618991e-09
312	9.6517339898e-09
313	1.29317685538e-08
314	1.90071069487e-08
315	2.50824453435e-08
316	3.11577837384e-08
317	3.72331221332e-08
318	4.33084605281e-08
319	4.93837989229e-08
320	5.54591373178e-08
321	6.15344757126e-08
322	6.76098141075e-08
323	7.36851525023e-08
324	7.97604908972e-08
325	8.5835829292e-08
326	9.19111676869e-08
327	9.79865060817e-08
328	1.04061844477e-07
329	1.10137182871e-07
330	1.16212521266e-07
331	1.22287859661e-07
332	1.28363198056e-07
333	1.34438536451e-07
334	1.40513874846e-07
335	1.46589213241e-07
336	1.52664551635e-07
337	1.5873989003e-07
338	1.62811520914e-07
339	1.64879423332e-07
340	1.6694732575e-07
341	1.69015228169e-07
342	1.71083130587e-07
343	1.73151033005e-07
344	1.75218935424e-07
345	1.77286837842e-07
346	1.7935474026e-07
347	1.81422642679e-07
348	1.83490545097e-07
349	1.85558447515e-07
350	1.87626349934e-07
351	1.89694252352e-07
352	1.9176215477e-07
353	1.93830057188e-07
354	1.95897959607e-07
355	1.97965862025e-07
356	2.00033764443e-07
357	2.02101666862e-07
358	2.0416956928e-07
359	2.06237471698e-07
360	2.08305374117e-07
361	2.10373276535e-07
362	2.12441178953e-07
363	2.14829367421e-07
364	2.17537845536e-07
365	2.20246323651e-07
366	2.22954801765e-07
367	2.2566327988e-07
368	2.28371757995e-07
369	2.3108023611e-07
370	2.33788714225e-07
371	2.36497192339e-07
372	2.39205670454e-07
373	2.41914148569e-07
374	2.44622626684e-07
375	2.47331104799e-07
376	2.50039582913e-07
377	2.52748061028e-07
378	2.55456539143e-07
379	2.58165017258e-07
380	2.60873495373e-07
381	2.63581973487e-07
382	2.66290451602e-07
383	2.68998929717e-07
384	2.71707407832e-07
385	2.74415885947e-07
386	2.77124364061e-07
387	2.79832842176e-07
388	2.85066059094e-07
389	2.92824045128e-07
390	3.00582031162e-07
391	3.08340017196e-07
392	3.16098003231e-07
393	3.23855989265e-07
394	3.31613975299e-07
395	3.39371961333e-07
396	3.47129947367e-07
397	3.54887933402e-07
398	3.62645919436e-07
399	3.7040390547e-07
400	3.78161891504e-07
401	3.85919877539e-07
402	3.93677863573e-07
403	4.01435849607e-07
404	4.09193835641e-07
405	4.16951821676e-07
406	4.2470980771e-07
407	4.32467793744e-07
408	4.40225779778e-07
409	4.47983765813e-07
410	4.55741751847e-07
411	4.63499737881e-07
412	4.71257723915e-07
413	4.74696069982e-07
414	4.73814720871e-07
415	4.72933371759e-07
416	4.72052022647e-07
417	4.71170673535e-07
418	4.70289324424e-07
419	4.69407975312e-07
420	4.685266262e-07
421	4.67645277089e-07
422	4.66763927977e-07
423	4.65882578865e-07
424	4.65001229753e-07
425	4.64119880642e-07
426	4.6323853153e-07
427	4.62357182418e-07
428	4.61475833306e-07
429	4.60594484195e-07
430	4.59713135083e-07
431	4.58831785971e-07
432	4.57950436859e-07
433	4.57069087748e-07
434	4.56187738636e-07
435	4.55306389524e-07
436	4.54425040412e-07
437	4.53543691301e-07
438	4.57271052733e-07
439	4.65607187186e-07
440	4.73943321638e-07
441	4.82279456091e-07
442	4.90615590544e-07
443	4.98951724996e-07
444	5.07287859449e-07
445	5.15623993902e-07
446	5.23960128354e-07
447	5.32296262807e-07
448	5.4063239726e-07
449	5.48968531713e-07
450	5.57304666165e-07
451	5.65640800618e-07
452	5.73976935071e-07
453	5.82313069523e-07
454	5.90649203976e-07
455	5.98985338429e-07
456	6.07321472882e-07
457	6.15657607334e-07
458	6.23993741787e-07
459	6.3232987624e-07
460	6.40666010692e-07
461	6.49002145145e-07
462	6.57338279598e-07
463	6.60464231406e-07
464	6.58379925904e-07
465	6.56295620401e-07
466	6.54211314899e-07
467	6.52127009396e-07
468	6.50042703894e-07
469	6.47958398391e-07
470	6.45874092889e-07
471	6.43789787387e-07
472	6.41705481884e-07
473	6.39621176382e-07
474	6.37536870879e-07
475	6.35452565377e-07
476	6.33368259874e-07
477	6.31283954372e-07
478	6.29199648869e-07
479	6.27115343367e-07
480	6.25031037864e-07
481	6.22946732362e-07
482	6.20862426859e-07
483	6.18778121357e-07
484	6.16693815855e-07
485	6.14609510352e-07
486	6.1252520485e-07
487	6.10440899347e-07
488	6.11259951047e-07
489	6.14982403807e-07
490	6.18704856566e-07
491	6.22427309326e-07
492	6.26149762085e-07
493	6.29872214845e-07
494	6.33594667604e-07
495	6.37317120364e-07
496	6.41039573123e-07
497	6.44762025883e-07
498	6.48484478642e-07
499	6.52206931401e-07
500	6.55929384161e-07
501	6.5965183692e-07
502	6.6337428968e-07
503	6.67096742439e-07
504	6.70819195199e-07
505	6.74541647958e-07
506	6.78264100718e-07
507	6.81986553477e-07
508	6.85709006237e-07
509	6.89431458996e-07
510	6.93153911756e-07
511	6.96876364515e-07
512	7.00598817275e-07
513	7.07890386997e-07
514	7.1875113036e-07
515	7.29611873723e-07
516	7.40472617086e-07
517	7.51333360449e-07
518	7.62194103812e-07
519	7.73054847175e-07
520	7.83915590538e-07
521	7.94776333902e-07
522	8.05637077265e-07
523	8.16497820628e-07
524	8.27358563991e-07
525	8.38219307354e-07
526	8.49080050717e-07
527	8.5994079408e-07
528	8.70801537443e-07
529	8.81662280806e-07
530	8.92523024169e-07
531	9.03383767533e-07
532	9.14244510896e-07
533	9.25105254259e-07
534	9.35965997622e-07
535	9.46826740985e-07
536	9.57687484348e-07
537	9.68548227711e-07
538	9.69679714384e-07
539	9.61081782328e-07
540	9.52483850272e-07
541	9.43885918216e-07
542	9.3528798616e-07
543	9.26690054104e-07
544	9.18092122048e-07
545	9.09494189992e-07
546	9.00896257936e-07
547	8.9229832588e-07
548	8.83700393823e-07
549	8.75102461767e-07
550	8.66504529711e-07
551	8.57906597655e-07
552	8.49308665599e-07
553	8.40710733543e-07
554	8.32112801487e-07
555	8.23514869431e-07
556	8.14916937375e-07
557	8.06319005319e-07
558	7.97721073263e-07
559	7.89123141207e-07
560	7.80525209151e-07
561	7.71927277095e-07
562	7.63329345038e-07
563	7.59316772953e-07
564	7.59889640759e-07
565	7.60462508566e-07
566	7.61035376372e-07
567	7.61608244178e-07
568	7.62181111984e-07
569	7.6275397979e-07
570	7.63326847596e-07
571	7.63899715402e-07
572	7.64472583208e-07
573	7.65045451014e-07
574	7.65618318821e-07
575	7.66191186627e-07
576	7.66764054433e-07
577	7.67336922239e-07
578	7.67909790045e-07
579	7.68482657851e-07
580	7.69055525657e-07
581	7.69628393463e-07
582	7.70201261269e-07
583	7.70774129076e-07
584	7.71346996882e-07
585	7.71919864688e-07
586	7.72492732494e-07
587	7.730656003e-07
588	7.72385987118e-07
589	7.70453870147e-07
590	7.68521753176e-07
591	7.66589636205e-07
592	7.64657519234e-07
593	7.62725402264e-07
594	7.60793285293e-07
595	7.58861168322e-07
596	7.56929051351e-07
597	7.5499693438e-07
598	7.53064817409e-07
599	7.51132700439e-07
600	7.49200583468e-07
601	7.47268466497e-07
602	7.45336349526e-07
603	7.43404232555e-07
604	7.41472115584e-07
605	7.39539998613e-07
606	7.37607881643e-07
607	7.35675764672e-07
608	7.33743647701e-07
609	7.3181153073e-07
610	7.29879413759e-07
611	7.27947296788e-07
612	7.26015179818e-07
613	7.19946277911e-07
614	7.09740512557e-07
615	6.99534747204e-07
616	6.8932898185e-07
617	6.79123216497e-07
618	6.68917451143e-07
619	6.5871168579e-07
620	6.48505920436e-07
621	6.38300155083e-07
622	6.28094389729e-07
623	6.17888624376e-07
624	6.07682859022e-07
625	5.97477093668e-07
626	5.87271328315e-07
627	5.77065562961e-07
628	5.66859797608e-07
629	5.56654032254e-07
630	5.46448266901e-07
631	5.36242501547e-07
632	5.26036736194e-07
633	5.1583097084e-07
634	5.05625205487e-07
635	4.95419440133e-07
636	4.85213674779e-07
637	4.75007909426e-07
638	4.40837264414e-07
639	3.82701266355e-07
640	3.24565268296e-07
641	2.66429270237e-07
642	2.08293272178e-07
643	1.50157274119e-07
644	9.20212760605e-08
645	3.38852780015e-08
646	-2.42507200574e-08
647	-8.23867181163e-08
648	-1.40522716175e-07
649	-1.98658714234e-07
650	-2.56794712293e-07
651	-3.14930710352e-07
652	-3.73066708411e-07
653	-4.3120270647e-07
654	-4.89338704529e-07
655	-5.47474702588e-07
656	-6.05610700647e-07
657	-6.63746698706e-07
658	-7.21882696765e-07
659	-7.80018694823e-07
660	-8.38154692882e-07
661	-8.96290690941e-07
662	-9.54426689e-07
663	-1.08947378834e-06
664	-1.30143356781e-06
665	-1.51339334727e-06
666	-1.72535312674e-06
667	-1.9373129062e-06
668	-2.14927268567e-06
669	-2.36123246513e-06
670	-2.57319224459e-06
671	-2.78515202406e-06
672	-2.99711180352e-06
673	-3.20907158299e-06
674	-3.42103136245e-06
675	-3.63299114192e-06
676	-3.84495092138e-06
677	-4.05691070085e-06
678	-4.26887048031e-06
679	-4.48083025977e-06
680	-4.69279003924e-06
681	-4.9047498187e-06
682	-5.11670959817e-06
683	-5.32866937763e-06
684	-5.5406291571e-06
685	-5.75258893656e-06
686	-5.96454871603e-06
687	-6.17650849549e-06
688	-7.04691242965e-06
689	-8.57577454516e-06
690	-1.01046366607e-05
691	-1.16334987762e-05
692	-1.31623608917e-05
693	-1.46912230072e-05
694	-1.62200851227e-05
695	-1.77489472382e-05
696	-1.92778093537e-05
697	-2.08066714692e-05
698	-2.23355335848e-05
699	-2.38643957003e-05
700	-2.53932578158e-05
701	-2.69221199313e-05
702	-2.84509820468e-05
703	-2.99798441623e-05
704	-3.15087062778e-05
705	-3.30375683933e-05
706	-3.45664305088e-05
707	-3.60952926244e-05
708	-3.76241547399e-05
709	-3.91530168554e-05
710	-4.06818789709e-05
711	-4.22107410864e-05
712	-4.37396032019e-05
713	-4.48293719683e-05
714	-4.54800376914e-05
715	-4.61307034146e-05
716	-4.67813691377e-05
717	-4.74320348609e-05
718	-4.8082700584e-05
719	-4.87333663072e-05
720	-4.93840320303e-05
721	-5.00346977535e-05
722	-5.06853634767e-05
723	-5.13360291998e-05
724	-5.1986694923e-05
725	-5.26373606461e-05
726	-5.32880263693e-05
727	-5.39386920924e-05
728	-5.45893578156e-05
729	-5.52400235387e-05
730	-5.58906892619e-05
731	-5.65413549851e-05
732	-5.71920207082e-05
733	-5.78426864314e-05
734	-5.84933521545e-05
735	-5.91440178777e-05
736	-5.97946836008e-05
737	-6.0445349324e-05
738	-6.06338228127e-05
739	-6.0360093505e-05
740	-6.00863641972e-05
741	-5.98126348895e-05
742	-5.95389055817e-05
743	-5.9265176274e-05
744	-5.89914469662e-05
745	-5.87177176585e-05
746	-5.84439883507e-05
747	-5.8170259043e-05
748	-5.78965297352e-05
749	-5.76228004275e-05
750	-5.73490711197e-05
751	-5.7075341812e-05
752	-5.68016125042e-05
753	-5.65278831965e-05
754	-5.62541538887e-05
755	-5.5980424581e-05
756	-5.57066952732e-05
757	-5.54329659655e-05
758	-5.51592366577e-05
759	-5.488550735e-05
760	-5.46117780422e-05
761	-5.43380487345e-05
762	-5.40643194267e-05
763	-5.4122831672e-05
764	-5.451359332e-05
765	-5.4904354968e-05
766	-5.5295116616e-05
767	-5.56858782641e-05
768	-5.60766399121e-05
769	-5.64674015601e-05
770	-5.68581632081e-05
771	-5.72489248561e-05
772	-5.76396865042e-05
773	-5.80304481522e-05
774	-5.84212098002e-05
775	-5.88119714482e-05
776	-5.92027330962e-05
777	-5.95934947443e-05
778	-5.99842563923e-05
779	-6.03750180403e-05
780	-6.07657796883e-05
781	-6.11565413363e-05
782	-6.15473029844e-05
783	-6.19380646324e-05
784	-6.23288262804e-05
785	-6.27195879284e-05
786	-6.31103495764e-05
787	-6.35011112245e-05
788	-6.35831376669e-05
789	-6.33564213702e-05
790	-6.31297050735e-05
791	-6.29029887767e-05
792	-6.267627248e-05
793	-6.24495561833e-05
794	-6.22228398866e-05
795	-6.19961235899e-05
796	-6.17694072932e-05
797	-6.15426909964e-05
798	-6.13159746997e-05
799	-6.1089258403e-05
800	-6.08625421063e-05
801	-6.06358258096e-05
802	-6.04091095128e-05
803	-6.01823932161e-05
804	-5.99556769194e-05
805	-5.97289606227e-05
806	-5.9502244326e-05
807	-5.92755280292e-05
808	-5.90488117325e-05
809	-5.88220954358e-05
810	-5.85953791391e-05
811	-5.83686628424e-05
812	-5.81419465457e-05
813	-5.81209703839e-05
814	-5.83057395368e-05
815	-5.84905086896e-05
816	-5.86752778425e-05
817	-5.88600469954e-05
818	-5.90448161483e-05
819	-5.92295853011e-05
820	-5.9414354454e-05
821	-5.95991236069e-05
822	-5.97838927598e-05
823	-5.99686619127e-05
824	-6.01534310655e-05
825	-6.03382002184e-05
826	-6.05229693713e-05
827	-6.07077385242e-05
828	-6.08925076771e-05
829	-6.10772768299e-05
830	-6.12620459828e-05
831	-6.14468151357e-05
832	-6.16315842886e-05
833	-6.18163534414e-05
834	-6.20011225943e-05
835	-6.21858917472e-05
836	-6.23706609001e-05
837	-6.2555430053e-05
838	-6.26921053886e-05
839	-6.2780685659e-05
840	-6.28692659294e-05
841	-6.29578461997e-05
842	-6.30464264701e-05
843	-6.31350067405e-05
844	-6.32235870108e-05
845	-6.33121672812e-05
846	-6.34007475516e-05
847	-6.34893278219e-05
848	-6.35779080923e-05
849	-6.36664883627e-05
850	-6.3755068633e-05
851	-6.38436489034e-05
852	-6.39322291738e-05
853	-6.40208094441e-05
854	-6.41093897145e-05
855	-6.41979699849e-05
856	-6.42865502552e-05
857	-6.43751305256e-05
858	-6.4463710796e-05
859	-6.45522910663e-05
860	-6.46408713367e-05
861	-6.47294516071e-05
862	-6.48180318774e-05
863	-6.43619944882e-05
864	-6.33613248842e-05
865	-6.23606552802e-05
866	-6.13599856763e-05
867	-6.03593160723e-05
868	-5.93586464683e-05
869	-5.83579768644e-05
870	-5.73573072604e-05
871	-5.63566376564e-05
872	-5.53559680525e-05
873	-5.43552984485e-05
874	-5.33546288445e-05
875	-5.23539592406e-05
876	-5.13532896366e-05
877	-5.03526200326e-05
878	-4.93519504287e-05
879	-4.83512808247e-05
880	-4.73506112207e-05
881	-4.63499416168e-05
882	-4.53492720128e-05
883	-4.43486024089e-05
884	-4.33479328049e-05
885	-4.23472632009e-05
886	-4.1346593597e-05
887	-4.0345923993e-05
888	-4.01907609687e-05
889	-4.08811277755e-05
890	-4.15714945823e-05
891	-4.22618613891e-05
892	-4.29522281959e-05
893	-4.36425950027e-05
894	-4.43329618095e-05
895	-4.50233286163e-05
896	-4.57136954231e-05
897	-4.64040622298e-05
898	-4.70944290366e-05
899	-4.77847958434e-05
900	-4.84751626502e-05
901	-4.9165529457e-05
902	-4.98558962638e-05
903	-5.05462630706e-05
904	-5.12366298774e-05
905	-5.19269966842e-05
906	-5.2617363491e-05
907	-5.33077302978e-05
908	-5.39980971046e-05
909	-5.46884639114e-05
910	-5.53788307182e-05
911	-5.6069197525e-05
912	-5.67595643318e-05
913	-5.6805173886e-05
914	-5.62060079574e-05
915	-5.56068420288e-05
916	-5.50076761002e-05
917	-5.44085101716e-05
918	-5.3809344243e-05
919	-5.32101783144e-05
920	-5.26110123858e-05
921	-5.20118464572e-05
922	-5.14126805286e-05
923	-5.08135146e-05
924	-5.02143486714e-05
925	-4.96151827428e-05
926	-4.90160168142e-05
927	-4.84168508856e-05
928	-4.7817684957e-05
929	-4.72185190284e-05
930	-4.66193530998e-05
931	-4.60201871712e-05
932	-4.54210212426e-05
933	-4.4821855314e-05
934	-4.42226893854e-05
935	-4.36235234568e-05
936	-4.30243575281e-05
937	-4.24251915995e-05
938	-4.21538180246e-05
939	-4.22102463255e-05
940	-4.22666746264e-05
941	-4.23231029272e-05
942	-4.23795312281e-05
943	-4.2435959529e-05
944	-4.24923878299e-05
945	-4.25488161307e-05
946	-4.26052444316e-05
947	-4.26616727325e-05
948	-4.27181010334e-05
949	-4.27745293342e-05
950	-4.28309576351e-05
951	-4.2887385936e-05
952	-4.29438142369e-05
953	-4.30002425377e-05
954	-4.30566708386e-05
955	-4.31130991395e-05
956	-4.31695274404e-05
957	-4.32259557412e-05
958	-4.32823840421e-05
959	-4.3338812343e-05
960	-4.33952406439e-05
961	-4.34516689447e-05
962	-4.35080972456e-05
963	-4.3197060778e-05
964	-4.25185485828e-05
965	-4.18400363875e-05
966	-4.11615241922e-05
967	-4.0483011997e-05
968	-3.98044998017e-05
969	-3.91259876065e-05
970	-3.84474754112e-05
971	-3.77689632159e-05
972	-3.70904510207e-05
973	-3.64119388254e-05
974	-3.57334266301e-05
975	-3.50549144349e-05
976	-3.43764022396e-05
977	-3.36978900443e-05
978	-3.30193778491e-05
979	-3.23408656538e-05
980	-3.16623534586e-05
981	-3.09838412633e-05
982	-3.0305329068e-05
983	-2.96268168728e-05
984	-2.89483046775e-05
985	-2.82697924822e-05
986	-2.7591280287e-05
987	-2.69127680917e-05
988	-2.62569259004e-05
989	-2.56237544066e-05
990	-2.49905829128e-05
991	-2.43574114191e-05
992	-2.37242399253e-05
993	-2.30910684316e-05
994	-2.24578969378e-05
995	-2.1824725444e-05
996	-2.11915539503e-05
997	-2.05583824565e-05
998	-1.99252109628e-05
999	-1.9292039469e-05
1000	-1.86588679752e-05
1001	-1.80256964815e-05
1002	-1.73925249877e-05
1003	-1.6759353494e-05
1004	-1.61261820002e-05
1005	-1.54930105064e-05
1006	-1.48598390127e-05
1007	-1.42266675189e-05
1008	-1.35934960252e-05
1009	-1.29603245314e-05
1010	-1.23271530376e-05
1011	-1.16939815439e-05
1012	-1.10608100501e-05
1013	-1.01607658681e-05
1014	-8.99384062509e-06
1015	-7.8269153821e-06
1016	-6.65999013911e-06
1017	-5.49306489611e-06
1018	-4.32613965312e-06
1019	-3.15921441013e-06
1020	-1.99228916713e-06
1021	-8.2536392414e-07
1022	3.41561318853e-07
1023	1.50848656185e-06
1024	2.67541180484e-06
1025	3.84233704783e-06
1026	5.00926229083e-06
1027	6.17618753382e-06
1028	7.34311277681e-06
1029	8.51003801981e-06
1030	9.6769632628e-06
1031	1.08438885058e-05
1032	1.20108137488e-05
1033	1.31777389918e-05
1034	1.43446642348e-05
1035	1.55115894778e-05
1036	1.66785147208e-05
1037	1.78454399638e-05
1038	2.05793089808e-05
1039	2.48801721459e-05
1040	2.91810353111e-05
1041	3.34818984762e-05
1042	3.77827616414e-05
1043	4.20836248065e-05
1044	4.63844879716e-05
1045	5.06853511368e-05
1046	5.49862143019e-05
1047	5.9287077467e-05
1048	6.35879406322e-05
1049	6.78888037973e-05
1050	7.21896669625e-05
1051	7.64905301276e-05
1052	8.07913932927e-05
1053	8.50922564579e-05
1054	8.9393119623e-05
1055	9.36939827881e-05
1056	9.79948459533e-05
1057	0.000102295709118
1058	0.000106596572284
1059	0.000110897435449
1060	0.000115198298614
1061	0.000119499161779
1062	0.000123800024944
1063	0.000133111125437
1064	0.000147432628208
1065	0.000161754130978
1066	0.000176075633749
1067	0.000190397136519
1068	0.00020471863929
1069	0.000219040142061
1070	0.000233361644831
1071	0.000247683147602
1072	0.000262004650372
1073	0.000276326153143
1074	0.000290647655914
1075	0.000304969158684
1076	0.000319290661455
1077	0.000333612164225
1078	0.000347933666996
1079	0.000362255169767
1080	0.000376576672537
1081	0.000390898175308
1082	0.000405219678078
1083	0.000419541180849
1084	0.00043386268362
1085	0.00044818418639
1086	0.000462505689161
1087	0.000476827191931
1088	0.000529119095787
1089	0.000619382680227
1090	0.000709646264667
1091	0.000799909849106
1092	0.000890173433546
1093	0.000980437017986
1094	0.00107070060243
1095	0.00116096418687
1096	0.0012512277713
1097	0.00134149135574
1098	0.00143175494018
1099	0.00152201852462
1100	0.00161228210906
1101	0.0017025456935
1102	0.00179280927794
1103	0.00188307286238
1104	0.00197333644682
1105	0.00206360003126
1106	0.0021538636157
1107	0.00224412720014
1108	0.00233439078458
1109	0.00242465436902
1110	0.00251491795346
1111	0.0026051815379
1112	0.00269544512234
1113	0.00274445129827
1114	0.00275219864348
1115	0.00275994598869
1116	0.0027676933339
1117	0.00277544067911
1118	0.00278318802431
1119	0.00279093536952
1120	0.00279868271473
1121	0.00280643005994
1122	0.00281417740514
1123	0.00282192475035
1124	0.00282967209556
1125	0.00283741944077
1126	0.00284516678598
1127	0.00285291413118
1128	0.00286066147639
1129	0.0028684088216
1130	0.00287615616681
1131	0.00288390351201
1132	0.00289165085722
1133	0.00289939820243
1134	0.00290714554764
1135	0.00291489289285
1136	0.00292264023805
1137	0.00293038758326
1138	0.00294147223101
1139	0.00295589429893
1140	0.00297031636685
1141	0.00298473843478
1142	0.0029991605027
1143	0.00301358257062
1144	0.00302800463854
1145	0.00304242670646
1146	0.00305684877438
1147	0.00307127084231
1148	0.00308569291023
1149	0.00310011497815
1150	0.00311453704607
1151	0.00312895911399
1152	0.00314338118192
1153	0.00315780324984
1154	0.00317222531776
1155	0.00318664738568
1156	0.0032010694536
1157	0.00321549152152
1158	0.00322991358945
1159	0.00324433565737
1160	0.00325875772529
1161	0.00327317979321
1162	0.00328760186113
1163	0.00328083504367
1164	0.00325287857757
1165	0.00322492211148
1166	0.00319696564538
1167	0.00316900917929
1168	0.00314105271319
1169	0.0031130962471
1170	0.003085139781
1171	0.00305718331491
1172	0.00302922684881
1173	0.00300127038272
1174	0.00297331391662
1175	0.00294535745052
1176	0.00291740098443
1177	0.00288944451833
1178	0.00286148805224
1179	0.00283353158614
1180	0.00280557512005
1181	0.00277761865395
1182	0.00274966218786
1183	0.00272170572176
1184	0.00269374925566
1185	0.00266579278957
1186	0.00263783632347
1187	0.00260987985738
1188	0.00260295130142
1189	0.00261705142934
1190	0.00263115155726
1191	0.00264525168518
1192	0.0026593518131
1193	0.00267345194102
1194	0.00268755206894
1195	0.00270165219686
1196	0.00271575232478
1197	0.0027298524527
1198	0.00274395258063
1199	0.00275805270855
1200	0.00277215283647
1201	0.00278625296439
1202	0.00280035309231
1203	0.00281445322023
1204	0.00282855334815
1205	0.00284265347607
1206	0.00285675360399
1207	0.00287085373191
1208	0.00288495385983
1209	0.00289905398775
1210	0.00291315411567
1211	0.00292725424359
1212	0.00294135437151
1213	0.00294149227897
1214	0.00292766744139
1215	0.00291384260382
1216	0.00290001776624
1217	0.00288619292866
1218	0.00287236809109
1219	0.00285854325351
1220	0.00284471841593
1221	0.00283089357836
1222	0.00281706874078
1223	0.0028032439032
1224	0.00278941906563
1225	0.00277559422805
1226	0.00276176939047
1227	0.0027479445529
1228	0.00273411971532
1229	0.00272029487775
1230	0.00270647004017
1231	0.00269264520259
1232	0.00267882036502
1233	0.00266499552744
1234	0.00265117068986
1235	0.00263734585229
1236	0.00262352101471
1237	0.00260969617713
1238	0.0026129685393
1239	0.00263333875679
1240	0.00265370897429
1241	0.00267407919179
1242	0.00269444940928
1243	0.00271481962678
1244	0.00273518984428
1245	0.00275556006177
1246	0.00277593027927
1247	0.00279630049677
1248	0.00281667071426
1249	0.00283704093176
1250	0.00285741114926
1251	0.00287778136676
1252	0.00289815158425
1253	0.00291852180175
1254	0.00293889201925
1255	0.00295926223674
1256	0.00297963245424
1257	0.00300000267174
1258	0.00302037288923
1259	0.00304074310673
1260	0.00306111332423
1261	0.00308148354172
1262	0.00310185375922
1263	0.00309428871044
1264	0.00305878730257
1265	0.0030232858947
1266	0.00298778448682
1267	0.00295228307895
1268	0.00291678167107
1269	0.0028812802632
1270	0.00284577885532
1271	0.00281027744745
1272	0.00277477603958
1273	0.0027392746317
1274	0.00270377322383
1275	0.00266827181595
1276	0.00263277040808
1277	0.0025972690002
1278	0.00256176759233
1279	0.00252626618445
1280	0.00249076477658
1281	0.00245526336871
1282	0.00241976196083
1283	0.00238426055296
1284	0.00234875914508
1285	0.00231325773721
1286	0.00227775632933
1287	0.00224225492146
1288	0.00222532336215
1289	0.00222696239224
1290	0.00222860142234
1291	0.00223024045243
1292	0.00223187948252
1293	0.00223351851261
1294	0.00223515754271
1295	0.0022367965728
1296	0.00223843560289
1297	0.00224007463298
1298	0.00224171366308
1299	0.00224335269317
1300	0.00224499172326
1301	0.00224663075336
1302	0.00224826978345
1303	0.00224990881354
1304	0.00225154784363
1305	0.00225318687373
1306	0.00225482590382
1307	0.00225646493391
1308	0.00225810396401
1309	0.0022597429941
1310	0.00226138202419
1311	0.00226302105428
1312	0.00226466008438
1313	0.00227072938304
1314	0.00228122913045
1315	0.00229172887786
1316	0.00230222862527
1317	0.00231272837268
1318	0.0023232281201
1319	0.00233372786751
1320	0.00234422761492
1321	0.00235472736233
1322	0.00236522710974
1323	0.00237572685715
1324	0.00238622660456
1325	0.00239672635197
1326	0.00240722609938
1327	0.0024177258468
1328	0.00242822559421
1329	0.00243872534162
1330	0.00244922508903
1331	0.00245972483644
1332	0.00247022458385
1333	0.00248072433126
1334	0.00249122407867
1335	0.00250172382608
1336	0.0025122235735
1337	0.00252272332091
1338	0.00252082545631
1339	0.00250652946589
1340	0.00249223347548
1341	0.00247793748507
1342	0.00246364149465
1343	0.00244934550424
1344	0.00243504951382
1345	0.00242075352341
1346	0.00240645753299
1347	0.00239216154258
1348	0.00237786555217
1349	0.00236356956175
1350	0.00234927357134
1351	0.00233497758092
1352	0.00232068159051
1353	0.0023063856001
1354	0.00229208960968
1355	0.00227779361927
1356	0.00226349762885
1357	0.00224920163844
1358	0.00223490564803
1359	0.00222060965761
1360	0.0022063136672
1361	0.00219201767678
1362	0.00217772168637
1363	0.00217814834184
1364	0.00219329826475
1365	0.00220844818767
1366	0.00222359811058
1367	0.0022387480335
1368	0.00225389795641
1369	0.00226904787933
1370	0.00228419780224
1371	0.00229934772516
1372	0.00231449764807
1373	0.00232964757099
1374	0.00234479749391
1375	0.00235994741682
1376	0.00237509733974
1377	0.00239024726265
1378	0.00240539718557
1379	0.00242054710848
1380	0.0024356970314
1381	0.00245084695431
1382	0.00246599687723
1383	0.00248114680015
1384	0.00249629672306
1385	0.00251144664598
1386	0.00252659656889
1387	0.00254174649181
1388	0.00254326686762
1389	0.00253115711035
1390	0.00251904735307
1391	0.0025069375958
1392	0.00249482783853
1393	0.00248271808125
1394	0.00247060832398
1395	0.00245849856671
1396	0.00244638880944
1397	0.00243427905216
1398	0.00242216929489
1399	0.00241005953762
1400	0.00239794978035
1401	0.00238584002307
1402	0.0023737302658
1403	0.00236162050853
1404	0.00234951075126
1405	0.00233740099398
1406	0.00232529123671
1407	0.00231318147944
1408	0.00230107172217
1409	0.00228896196489
1410	0.00227685220762
1411	0.00226474245035
1412	0.00225263269308
1413	0.00224290252295
1414	0.00223555204412
1415	0.0022282015653
1416	0.00222085108647
1417	0.00221350060764
1418	0.00220615012882
1419	0.00219879964999
1420	0.00219144917116
1421	0.00218409869233
1422	0.00217674821351
1423	0.00216939773468
1424	0.00216204725585
1425	0.00215469677703
1426	0.0021473462982
1427	0.00213999581937
1428	0.00213264534055
1429	0.00212529486172
1430	0.00211794438289
1431	0.00211059390406
1432	0.00210324342524
1433	0.00209589294641
1434	0.00208854246758
1435	0.00208119198876
1436	0.00207384150993
1437	0.0020664910311
1438	0.00206589531675
1439	0.00207205466776
1440	0.00207821401876
1441	0.00208437336977
1442	0.00209053272078
1443	0.00209669207178
1444	0.00210285142279
1445	0.00210901077379
1446	0.0021151701248
1447	0.0021213294758
1448	0.00212748882681
1449	0.00213364817781
1450	0.00213980752882
1451	0.00214596687982
1452	0.00215212623083
1453	0.00215828558183
1454	0.00216444493284
1455	0.00217060428384
1456	0.00217676363485
1457	0.00218292298586
1458	0.00218908233686
1459	0.00219524168787
1460	0.00220140103887
1461	0.00220756038988
1462	0.00221371974088
1463	0.00220260730842
1464	0.00217422230977
1465	0.00214583731113
1466	0.00211745231248
1467	0.00208906731384
1468	0.00206068231519
1469	0.00203229731655
1470	0.0020039123179
1471	0.00197552731926
1472	0.00194714232061
1473	0.00191875732197
1474	0.00189037232332
1475	0.00186198732468
1476	0.00183360232604
1477	0.00180521732739
1478	0.00177683232875
1479	0.0017484473301
1480	0.00172006233146
1481	0.00169167733281
1482	0.00166329233417
1483	0.00163490733552
1484	0.00160652233688
1485	0.00157813733823
1486	0.00154975233959
1487	0.00152136734094
1488	0.00148302997225
1489	0.00143473977477
1490	0.0013864495773
1491	0.00133815937982
1492	0.00128986918235
1493	0.00124157898488
1494	0.0011932887874
1495	0.00114499858993
1496	0.00109670839246
1497	0.00104841819498
1498	0.00100012799751
1499	0.000951837800035
1500	0.000903547602562
1501	0.000855257405088
1502	0.000806967207614
1503	0.000758677010141
1504	0.000710386812667
1505	0.000662096615193
1506	0.00061380641772
1507	0.000565516220246
1508	0.000517226022772
1509	0.000468935825299
1510	0.000420645627825
1511	0.000372355430351
1512	0.000324065232878
1513	0.000295024182489
1514	0.000285233181326
1515	0.000275442180164
1516	0.000265651179002
1517	0.000255860177839
1518	0.000246069176677
1519	0.000236278175515
1520	0.000226487174352
1521	0.00021669617319
1522	0.000206905172028
1523	0.000197114170866
1524	0.000187323169703
1525	0.000177532168541
1526	0.000167741167379
1527	0.000157950166216
1528	0.000148159165054
1529	0.000138368163892
1530	0.000128577162729
1531	0.000118786161567
1532	0.000108995160405
1533	9.92041592425e-05
1534	8.94131580802e-05
1535	7.96221569179e-05
1536	6.98311557556e-05
1537	6.00401545933e-05
1538	5.40613575633e-05
1539	5.1894946284e-05
1540	4.97285350046e-05
1541	4.75621237253e-05
1542	4.53957124459e-05
1543	4.32293011666e-05
1544	4.10628898872e-05
1545	3.88964786079e-05
1546	3.67300673285e-05
1547	3.45636560492e-05
1548	3.23972447698e-05
1549	3.02308334905e-05
1550	2.80644222111e-05
1551	2.58980109318e-05
1552	2.37315996524e-05
1553	2.15651883731e-05
1554	1.93987770937e-05
1555	1.72323658144e-05
1556	1.5065954535e-05
1557	1.28995432557e-05
1558	1.07331319763e-05
1559	8.56672069698e-06
1560	6.40030941763e-06
1561	4.23389813828e-06
1562	2.06748685893e-06
1563	6.41412948548e-07
1564	-4.42877487221e-08
1565	-7.29988445992e-07
1566	-1.41568914326e-06
1567	-2.10138984053e-06
1568	-2.7870905378e-06
1569	-3.47279123507e-06
1570	-4.15849193234e-06
1571	-4.84419262961e-06
1572	-5.52989332688e-06
1573	-6.21559402415e-06
1574	-6.90129472142e-06
1575	-7.58699541869e-06
1576	-8.27269611596e-06
1577	-8.95839681323e-06
1578	-9.6440975105e-06
1579	-1.03297982078e-05
1580	-1.1015498905e-05
1581	-1.17011996023e-05
1582	-1.23869002996e-05
1583	-1.30726009969e-05
1584	-1.37583016941e-05
1585	-1.44440023914e-05
1586	-1.51297030887e-05
1587	-1.58154037859e-05
1588	-1.63019605541e-05
1589	-1.65893635972e-05
1590	-1.68767666403e-05
1591	-1.71641696834e-05
1592	-1.74515727265e-05
1593	-1.77389757696e-05
1594	-1.80263788127e-05
1595	-1.83137818558e-05
1596	-1.86011848989e-05
1597	-1.88885879421e-05
1598	-1.91759909852e-05
1599	-1.94633940283e-05
1600	-1.97507970714e-05
1601	-2.00382001145e-05
1602	-2.03256031576e-05
1603	-2.06130062007e-05
1604	-2.09004092438e-05
1605	-2.11878122869e-05
1606	-2.147521533e-05
1607	-2.17626183731e-05
1608	-2.20500214162e-05
1609	-2.23374244593e-05
1610	-2.26248275024e-05
1611	-2.29122305455e-05
1612	-2.31996335886e-05
1613	-2.34308937714e-05
1614	-2.36060082888e-05
1615	-2.37811228062e-05
1616	-2.39562373235e-05
1617	-2.41313518409e-05
1618	-2.43064663583e-05
1619	-2.44815808757e-05
1620	-2.4656695393e-05
1621	-2.48318099104e-05
1622	-2.50069244278e-05
1623	-2.51820389451e-05
1624	-2.53571534625e-05
1625	-2.55322679799e-05
1626	-2.57073824973e-05
1627	-2.58824970146e-05
1628	-2.6057611532e-05
1629	-2.62327260494e-05
1630	-2.64078405667e-05
1631	-2.65829550841e-05
1632	-2.67580696015e-05
1633	-2.69331841189e-05
1634	-2.71082986362e-05
1635	-2.72834131536e-05
1636	-2.7458527671e-05
1637	-2.76336421883e-05
1638	-2.76203016043e-05
1639	-2.74184963568e-05
1640	-2.72166911092e-05
1641	-2.70148858616e-05
1642	-2.6813080614e-05
1643	-2.66112753664e-05
1644	-2.64094701188e-05
1645	-2.62076648712e-05
1646	-2.60058596237e-05
1647	-2.58040543761e-05
1648	-2.56022491285e-05
1649	-2.54004438809e-05
1650	-2.51986386333e-05
1651	-2.49968333857e-05
1652	-2.47950281381e-05
1653	-2.45932228905e-05
1654	-2.4391417643e-05
1655	-2.41896123954e-05
1656	-2.39878071478e-05
1657	-2.37860019002e-05
1658	-2.35841966526e-05
1659	-2.3382391405e-05
1660	-2.31805861574e-05
1661	-2.29787809098e-05
1662	-2.27769756623e-05
1663	-2.28664651804e-05
1664	-2.32472644701e-05
1665	-2.36280637599e-05
1666	-2.40088630497e-05
1667	-2.43896623394e-05
1668	-2.47704616292e-05
1669	-2.51512609189e-05
1670	-2.55320602087e-05
1671	-2.59128594985e-05
1672	-2.62936587882e-05
1673	-2.6674458078e-05
1674	-2.70552573677e-05
1675	-2.74360566575e-05
1676	-2.78168559473e-05
1677	-2.8197655237e-05
1678	-2.85784545268e-05
1679	-2.89592538165e-05
1680	-2.93400531063e-05
1681	-2.97208523961e-05
1682	-3.01016516858e-05
1683	-3.04824509756e-05
1684	-3.08632502654e-05
1685	-3.12440495551e-05
1686	-3.16248488449e-05
1687	-3.20056481346e-05
1688	-3.21620598553e-05
1689	-3.20940722737e-05
1690	-3.20260846921e-05
1691	-3.19580971105e-05
1692	-3.18901095289e-05
1693	-3.18221219474e-05
1694	-3.17541343658e-05
1695	-3.16861467842e-05
1696	-3.16181592026e-05
1697	-3.1550171621e-05
1698	-3.14821840395e-05
1699	-3.14141964579e-05
1700	-3.13462088763e-05
1701	-3.12782212947e-05
1702	-3.12102337131e-05
1703	-3.11422461316e-05
1704	-3.107425855e-05
1705	-3.10062709684e-05
1706	-3.09382833868e-05
1707	-3.08702958052e-05
1708	-3.08023082237e-05
1709	-3.07343206421e-05
1710	-3.06663330605e-05
1711	-3.05983454789e-05
1712	-3.05303578973e-05
1713	-3.04692650659e-05
1714	-3.04150673506e-05
1715	-3.03608696352e-05
1716	-3.03066719198e-05
1717	-3.02524742045e-05
1718	-3.01982764891e-05
1719	-3.01440787737e-05
1720	-3.00898810583e-05
1721	-3.0035683343e-05
1722	-2.99814856276e-05
1723	-2.99272879122e-05
1724	-2.98730901969e-05
1725	-2.98188924815e-05
1726	-2.97646947661e-05
1727	-2.97104970507e-05
1728	-2.96562993354e-05
1729	-2.960210162e-05
1730	-2.95479039046e-05
1731	-2.94937061893e-05
1732	-2.94395084739e-05
1733	-2.93853107585e-05
1734	-2.93311130431e-05
1735	-2.92769153278e-05
1736	-2.92227176124e-05
1737	-2.9168519897e-05
1738	-2.92155661e-05
1739	-2.93638616722e-05
1740	-2.95121572443e-05
1741	-2.96604528165e-05
1742	-2.98087483887e-05
1743	-2.99570439608e-05
1744	-3.0105339533e-05
1745	-3.02536351052e-05
1746	-3.04019306773e-05
1747	-3.05502262495e-05
1748	-3.06985218217e-05
1749	-3.08468173938e-05
1750	-3.0995112966e-05
1751	-3.11434085382e-05
1752	-3.12917041103e-05
1753	-3.14399996825e-05
1754	-3.15882952547e-05
1755	-3.17365908268e-05
1756	-3.1884886399e-05
1757	-3.20331819712e-05
1758	-3.21814775433e-05
1759	-3.23297731155e-05
1760	-3.24780686877e-05
1761	-3.26263642598e-05
1762	-3.2774659832e-05
1763	-3.27950692966e-05
1764	-3.26875856693e-05
1765	-3.2580102042e-05
1766	-3.24726184147e-05
1767	-3.23651347874e-05
1768	-3.22576511601e-05
1769	-3.21501675328e-05
1770	-3.20426839055e-05
1771	-3.19352002782e-05
1772	-3.18277166509e-05
1773	-3.17202330236e-05
1774	-3.16127493962e-05
1775	-3.15052657689e-05
1776	-3.13977821416e-05
1777	-3.12902985143e-05
1778	-3.1182814887e-05
1779	-3.10753312597e-05
1780	-3.09678476324e-05
1781	-3.08603640051e-05
1782	-3.07528803778e-05
1783	-3.06453967505e-05
1784	-3.05379131232e-05
1785	-3.04304294959e-05
1786	-3.03229458686e-05
1787	-3.02154622413e-05
1788	-3.02747283206e-05
1789	-3.05007533423e-05
1790	-3.07267783641e-05
1791	-3.09528033859e-05
1792	-3.11788284077e-05
1793	-3.14048534294e-05
1794	-3.16308784512e-05
1795	-3.1856903473e-05
1796	-3.20829284947e-05
1797	-3.23089535165e-05
1798	-3.25349785383e-05
1799	-3.276100356e-05
1800	-3.29870285818e-05
1801	-3.32130536036e-05
1802	-3.34390786253e-05
1803	-3.36651036471e-05
1804	-3.38911286689e-05
1805	-3.41171536907e-05
1806	-3.43431787124e-05
1807	-3.45692037342e-05
1808	-3.4795228756e-05
1809	-3.50212537777e-05
1810	-3.52472787995e-05
1811	-3.54733038213e-05
1812	-3.5699328843e-05
1813	-3.56034964693e-05
1814	-3.51857886238e-05
1815	-3.47680807782e-05
1816	-3.43503729327e-05
1817	-3.39326650872e-05
1818	-3.35149572416e-05
1819	-3.30972493961e-05
1820	-3.26795415505e-05
1821	-3.2261833705e-05
1822	-3.18441258594e-05
1823	-3.14264180139e-05
1824	-3.10087101683e-05
1825	-3.05910023228e-05
1826	-3.01732944772e-05
1827	-2.97555866317e-05
1828	-2.93378787861e-05
1829	-2.89201709406e-05
1830	-2.8502463095e-05
1831	-2.80847552495e-05
1832	-2.76670474039e-05
1833	-2.72493395584e-05
1834	-2.68316317128e-05
1835	-2.64139238673e-05
1836	-2.59962160217e-05
1837	-2.55785081762e-05
1838	-2.54234476339e-05
1839	-2.55310493493e-05
1840	-2.56386510648e-05
1841	-2.57462527802e-05
1842	-2.58538544956e-05
1843	-2.59614562111e-05
1844	-2.60690579265e-05
1845	-2.61766596419e-05
1846	-2.62842613574e-05
1847	-2.63918630728e-05
1848	-2.64994647882e-05
1849	-2.66070665036e-05
1850	-2.67146682191e-05
1851	-2.68222699345e-05
1852	-2.69298716499e-05
1853	-2.70374733654e-05
1854	-2.71450750808e-05
1855	-2.72526767962e-05
1856	-2.73602785117e-05
1857	-2.74678802271e-05
1858	-2.75754819425e-05
1859	-2.76830836579e-05
1860	-2.77906853734e-05
1861	-2.78982870888e-05
1862	-2.80058888042e-05
1863	-2.79397696103e-05
1864	-2.76999194811e-05
1865	-2.7460069352e-05
1866	-2.72202192229e-05
1867	-2.69803690937e-05
1868	-2.67405189646e-05
1869	-2.65006688354e-05
1870	-2.62608187063e-05
1871	-2.60209685771e-05
1872	-2.5781118448e-05
1873	-2.55412683189e-05
1874	-2.53014181897e-05
1875	-2.50615680606e-05
1876	-2.48217179314e-05
1877	-2.45818678023e-05
1878	-2.43420176732e-05
1879	-2.4102167544e-05
1880	-2.38623174149e-05
1881	-2.36224672857e-05
1882	-2.33826171566e-05
1883	-2.31427670275e-05
1884	-2.29029168983e-05
1885	-2.26630667692e-05
1886	-2.242321664e-05
1887	-2.21833665109e-05
1888	-2.16826120731e-05
1889	-2.09209380672e-05
1890	-2.01592640613e-05
1891	-1.93975900555e-05
1892	-1.86359160496e-05
1893	-1.78742420437e-05
1894	-1.71125680378e-05
1895	-1.63508940319e-05
1896	-1.5589220026e-05
1897	-1.48275460202e-05
1898	-1.40658720143e-05
1899	-1.33041980084e-05
1900	-1.25425240025e-05
1901	-1.17808499966e-05
1902	-1.10191759908e-05
1903	-1.02575019849e-05
1904	-9.49582797899e-06
1905	-8.7341539731e-06
1906	-7.97247996722e-06
1907	-7.21080596134e-06
1908	-6.44913195546e-06
1909	-5.68745794957e-06
1910	-4.92578394369e-06
1911	-4.16410993781e-06
1912	-3.40243593193e-06
1913	-2.97570882858e-06
1914	-2.88394847721e-06
1915	-2.79218812583e-06
1916	-2.70042777446e-06
1917	-2.60866742309e-06
1918	-2.51690707172e-06
1919	-2.42514672035e-06
1920	-2.33338636898e-06
1921	-2.2416260176e-06
1922	-2.14986566623e-06
1923	-2.05810531486e-06
1924	-1.96634496349e-06
1925	-1.87458461212e-06
1926	-1.78282426075e-06
1927	-1.69106390937e-06
1928	-1.599303558e-06
1929	-1.50754320663e-06
1930	-1.41578285526e-06
1931	-1.32402250389e-06
1932	-1.23226215252e-06
1933	-1.14050180114e-06
1934	-1.04874144977e-06
1935	-9.569810984e-07
1936	-8.65220747029e-07
1937	-7.73460395657e-07
1938	-7.13152796507e-07
1939	-6.84299837879e-07
1940	-6.55446879252e-07
1941	-6.26593920625e-07
1942	-5.97740961998e-07
1943	-5.68888003371e-07
1944	-5.40035044744e-07
1945	-5.11182086116e-07
1946	-4.82329127489e-07
1947	-4.53476168862e-07
1948	-4.24623210235e-07
1949	-3.95770251608e-07
1950	-3.6691729298e-07
1951	-3.38064334353e-07
1952	-3.09211375726e-07
1953	-2.80358417099e-07
1954	-2.51505458472e-07
1955	-2.22652499845e-07
1956	-1.93799541217e-07
1957	-1.6494658259e-07
1958	-1.36093623963e-07
1959	-1.07240665336e-07
1960	-7.83877067087e-08
1961	-4.95347480815e-08
1962	-2.06817894543e-08
1963	-2.7424083247e-09
1964	4.28273164365e-09
1965	1.1307871612e-08
1966	1.83330115804e-08
1967	2.53581515487e-08
1968	3.23832915171e-08
1969	3.94084314854e-08
1970	4.64335714538e-08
1971	5.34587114221e-08
1972	6.04838513905e-08
1973	6.75089913588e-08
1974	7.45341313272e-08
1975	8.15592712955e-08
1976	8.85844112639e-08
1977	9.56095512323e-08
1978	1.02634691201e-07
1979	1.09659831169e-07
1980	1.16684971137e-07
1981	1.23710111106e-07
1982	1.30735251074e-07
1983	1.37760391042e-07
1984	1.44785531011e-07
1985	1.51810670979e-07
1986	1.58835810947e-07
1987	1.65860950916e-07
1988	1.72703053296e-07
1989	1.79362106816e-07
1990	1.86021160336e-07
1991	1.92680213855e-07
1992	1.99339267375e-07
1993	2.05998320895e-07
1994	2.12657374415e-07
1995	2.19316427935e-07
1996	2.25975481454e-07
1997	2.32634534974e-07
1998	2.39293588494e-07
1999	2.45952642014e-07
2000	2.52611695533e-07
2001	2.59270749053e-07
2002	2.65929802573e-07
2003	2.72588856093e-07
2004	2.79247909612e-07
2005	2.85906963132e-07
2006	2.92566016652e-07
2007	2.99225070172e-07
2008	3.05884123692e-07
2009	3.12543177211e-07
2010	3.19202230731e-07
2011	3.25861284251e-07
2012	3.32520337771e-07
2013	3.35194495237e-07
2014	3.3388350815e-07
2015	3.32572521063e-07
2016	3.31261533976e-07
2017	3.2995054689e-07
2018	3.28639559803e-07
2019	3.27328572716e-07
2020	3.26017585629e-07
2021	3.24706598543e-07
2022	3.23395611456e-07
2023	3.22084624369e-07
2024	3.20773637282e-07
2025	3.19462650195e-07
2026	3.18151663109e-07
2027	3.16840676022e-07
2028	3.15529688935e-07
2029	3.14218701848e-07
2030	3.12907714762e-07
2031	3.11596727675e-07
2032	3.10285740588e-07
2033	3.08974753501e-07
2034	3.07663766415e-07
2035	3.06352779328e-07
2036	3.05041792241e-07
2037	3.03730805154e-07
2038	3.04097083608e-07
2039	3.06140733497e-07
2040	3.08184383386e-07
2041	3.10228033274e-07
2042	3.12271683163e-07
2043	3.14315333052e-07
2044	3.1635898294e-07
2045	3.18402632829e-07
2046	3.20446282718e-07
2047	3.22489932606e-07
2048	3.24533582495e-07
2049	3.26577232384e-07
2050	3.28620882273e-07
2051	3.30664532161e-07
2052	3.3270818205e-07
2053	3.34751831939e-07
2054	3.36795481827e-07
2055	3.38839131716e-07
2056	3.40882781605e-07
2057	3.42926431493e-07
2058	3.44970081382e-07
2059	3.47013731271e-07
2060	3.49057381159e-07
2061	3.51101031048e-07
2062	3.53144680937e-07
2063	3.53339478866e-07
2064	3.51685306677e-07
2065	3.50031134488e-07
2066	3.48376962299e-07
2067	3.4672279011e-07
2068	3.45068617921e-07
2069	3.43414445732e-07
2070	3.41760273542e-07
2071	3.40106101353e-07
2072	3.38451929164e-07
2073	3.36797756975e-07
2074	3.35143584786e-07
2075	3.33489412597e-07
2076	3.31835240408e-07
2077	3.30181068219e-07
2078	3.2852689603e-07
2079	3.2687272384e-07
2080	3.25218551651e-07
2081	3.23564379462e-07
2082	3.21910207273e-07
2083	3.20256035084e-07
2084	3.18601862895e-07
2085	3.16947690706e-07
2086	3.15293518517e-07
2087	3.13639346328e-07
2088	3.13577836481e-07
2089	3.15109091996e-07
2090	3.16640347512e-07
2091	3.18171603027e-07
2092	3.19702858543e-07
2093	3.21234114058e-07
2094	3.22765369574e-07
2095	3.24296625089e-07
2096	3.25827880604e-07
2097	3.2735913612e-07
2098	3.28890391635e-07
2099	3.30421647151e-07
2100	3.31952902666e-07
2101	3.33484158182e-07
2102	3.35015413697e-07
2103	3.36546669213e-07
2104	3.38077924728e-07
2105	3.39609180244e-07
2106	3.41140435759e-07
2107	3.42671691275e-07
2108	3.4420294679e-07
2109	3.45734202306e-07
2110	3.47265457821e-07
2111	3.48796713337e-07
2112	3.50327968852e-07
2113	3.50909217616e-07
2114	3.50540397442e-07
2115	3.50171577268e-07
2116	3.49802757094e-07
2117	3.4943393692e-07
2118	3.49065116746e-07
2119	3.48696296573e-07
2120	3.48327476399e-07
2121	3.47958656225e-07
2122	3.47589836051e-07
2123	3.47221015877e-07
2124	3.46852195703e-07
2125	3.46483375529e-07
2126	3.46114555355e-07
2127	3.45745735181e-07
2128	3.45376915007e-07
2129	3.45008094833e-07
2130	3.44639274659e-07
2131	3.44270454486e-07
2132	3.43901634312e-07
2133	3.43532814138e-07
2134	3.43163993964e-07
2135	3.4279517379e-07
2136	3.42426353616e-07
2137	3.42057533442e-07
2138	3.39138758431e-07
2139	3.33669859689e-07
2140	3.28200960948e-07
2141	3.22732062206e-07
2142	3.17263163465e-07
2143	3.11794264723e-07
2144	3.06325365982e-07
2145	3.0085646724e-07
2146	2.95387568499e-07
2147	2.89918669757e-07
2148	2.84449771016e-07
2149	2.78980872274e-07
2150	2.73511973533e-07
2151	2.68043074791e-07
2152	2.6257417605e-07
2153	2.57105277308e-07
2154	2.51636378567e-07
2155	2.46167479825e-07
2156	2.40698581084e-07
2157	2.35229682342e-07
2158	2.29760783601e-07
2159	2.24291884859e-07
2160	2.18822986118e-07
2161	2.13354087376e-07
2162	2.07885188635e-07
2163	2.07039278349e-07
2164	2.10816666297e-07
2165	2.14594054246e-07
2166	2.18371442194e-07
2167	2.22148830143e-07
2168	2.25926218091e-07
2169	2.2970360604e-07
2170	2.33480993988e-07
2171	2.37258381937e-07
2172	2.41035769885e-07
2173	2.44813157834e-07
2174	2.48590545783e-07
2175	2.52367933731e-07
2176	2.5614532168e-07
2177	2.59922709628e-07
2178	2.63700097577e-07
2179	2.67477485525e-07
2180	2.71254873474e-07
2181	2.75032261422e-07
2182	2.78809649371e-07
2183	2.82587037319e-07
2184	2.86364425268e-07
2185	2.90141813216e-07
2186	2.93919201165e-07
2187	2.97696589113e-07
2188	2.97912479881e-07
2189	2.94566632058e-07
2190	2.91220784236e-07
2191	2.87874936414e-07
2192	2.84529088591e-07
2193	2.81183240769e-07
2194	2.77837392946e-07
2195	2.74491545124e-07
2196	2.71145697301e-07
2197	2.67799849479e-07
2198	2.64454001656e-07
2199	2.61108153834e-07
2200	2.57762306011e-07
2201	2.54416458189e-07
2202	2.51070610366e-07
2203	2.47724762544e-07
2204	2.44378914721e-07
2205	2.41033066899e-07
2206	2.37687219076e-07
2207	2.34341371254e-07
2208	2.30995523431e-07
2209	2.27649675609e-07
2210	2.24303827786e-07
2211	2.20957979964e-07
2212	2.17612132142e-07
2213	2.1881154866e-07
2214	2.24556541132e-07
2215	2.30301533604e-07
2216	2.36046526075e-07
2217	2.41791518547e-07
2218	2.47536511019e-07
2219	2.53281503491e-07
2220	2.59026495963e-07
2221	2.64771488435e-07
2222	2.70516480907e-07
2223	2.76261473379e-07
2224	2.82006465851e-07
2225	2.87751458323e-07
2226	2.93496450794e-07
2227	2.99241443266e-07
2228	3.04986435738e-07
2229	3.1073142821e-07
2230	3.16476420682e-07
2231	3.22221413154e-07
2232	3.27966405626e-07
2233	3.33711398098e-07
2234	3.3945639057e-07
2235	3.45201383042e-07
2236	3.50946375513e-07
2237	3.56691367985e-07
2238	3.57356465478e-07
2239	3.5294131579e-07
2240	3.48526166102e-07
2241	3.44111016414e-07
2242	3.39695866726e-07
2243	3.35280717038e-07
2244	3.3086556735e-07
2245	3.26450417662e-07
2246	3.22035267974e-07
2247	3.17620118286e-07
2248	3.13204968598e-07
2249	3.0878981891e-07
2250	3.04374669223e-07
2251	2.99959519535e-07
2252	2.95544369847e-07
2253	2.91129220159e-07
2254	2.86714070471e-07
2255	2.82298920783e-07
2256	2.77883771095e-07
2257	2.73468621407e-07
2258	2.69053471719e-07
2259	2.64638322031e-07
2260	2.60223172343e-07
2261	2.55808022655e-07
2262	2.51392872967e-07
2263	2.49356566632e-07
2264	2.49699270423e-07
2265	2.50041974214e-07
2266	2.50384678005e-07
2267	2.50727381796e-07
2268	2.51070085587e-07
2269	2.51412789378e-07
2270	2.51755493169e-07
2271	2.5209819696e-07
2272	2.52440900751e-07
2273	2.52783604541e-07
2274	2.53126308332e-07
2275	2.53469012123e-07
2276	2.53811715914e-07
2277	2.54154419705e-07
2278	2.54497123496e-07
2279	2.54839827287e-07
2280	2.55182531078e-07
2281	2.55525234869e-07
2282	2.5586793866e-07
2283	2.56210642451e-07
2284	2.56553346242e-07
2285	2.56896050033e-07
2286	2.57238753824e-07
2287	2.57581457615e-07
2288	2.53498412592e-07
2289	2.44989305049e-07
2290	2.36480197506e-07
2291	2.27971089963e-07
2292	2.1946198242e-07
2293	2.10952874877e-07
2294	2.02443767335e-07
2295	1.93934659792e-07
2296	1.85425552249e-07
2297	1.76916444706e-07
2298	1.68407337163e-07
2299	1.5989822962e-07
2300	1.51389122078e-07
2301	1.42880014535e-07
2302	1.34370906992e-07
2303	1.25861799449e-07
2304	1.17352691906e-07
2305	1.08843584363e-07
2306	1.00334476821e-07
2307	9.18253692778e-08
2308	8.33162617349e-08
2309	7.48071541921e-08
2310	6.62980466492e-08
2311	5.77889391064e-08
2312	4.92798315636e-08
2313	4.43758424577e-08
2314	4.30772301189e-08
2315	4.17786177801e-08
2316	4.04800054413e-08
2317	3.91813931025e-08
2318	3.78827807637e-08
2319	3.65841684249e-08
2320	3.5285556086e-08
2321	3.39869437472e-08
2322	3.26883314084e-08
2323	3.13897190696e-08
2324	3.00911067308e-08
2325	2.8792494392e-08
2326	2.74938820532e-08
2327	2.61952697143e-08
2328	2.48966573755e-08
2329	2.35980450367e-08
2330	2.22994326979e-08
2331	2.10008203591e-08
2332	1.97022080203e-08
2333	1.84035956815e-08
2334	1.71049833427e-08
2335	1.58063710038e-08
2336	1.4507758665e-08
2337	1.32091463262e-08
2338	1.24193859813e-08
2339	1.21385144872e-08
2340	1.1857642993e-08
2341	1.15767714988e-08
2342	1.12959000046e-08
2343	1.10150285104e-08
2344	1.07341570162e-08
2345	1.0453285522e-08
2346	1.01724140278e-08
2347	9.89154253363e-09
2348	9.61067103944e-09
2349	9.32979954525e-09
2350	9.04892805106e-09
2351	8.76805655687e-09
2352	8.48718506268e-09
2353	8.20631356849e-09
2354	7.9254420743e-09
2355	7.64457058011e-09
2356	7.36369908592e-09
2357	7.08282759173e-09
2358	6.80195609754e-09
2359	6.52108460335e-09
2360	6.24021310916e-09
2361	5.95934161497e-09
2362	5.67847012078e-09
2363	5.47744803556e-09
2364	5.35628120475e-09
2365	5.23511437394e-09
2366	5.11394754313e-09
2367	4.99278071232e-09
2368	4.87161388151e-09
2369	4.7504470507e-09
2370	4.62928021988e-09
2371	4.50811338907e-09
2372	4.38694655826e-09
2373	4.26577972745e-09
2374	4.14461289664e-09
2375	4.02344606583e-09
2376	3.90227923502e-09
2377	3.78111240421e-09
2378	3.6599455734e-09
2379	3.53877874259e-09
2380	3.41761191178e-09
2381	3.29644508097e-09
2382	3.17527825016e-09
2383	3.05411141935e-09
2384	2.93294458853e-09
2385	2.81177775772e-09
2386	2.69061092691e-09
2387	2.5694440961e-09
2388	2.48285891447e-09
2389	2.4308579404e-09
2390	2.37885696632e-09
2391	2.32685599224e-09
2392	2.27485501817e-09
2393	2.22285404409e-09
2394	2.17085307001e-09
2395	2.11885209594e-09
2396	2.06685112186e-09
2397	2.01485014778e-09
2398	1.96284917371e-09
2399	1.91084819963e-09
2400	1.85884722555e-09
2401	1.80684625148e-09
2402	1.7548452774e-09
2403	1.70284430332e-09
2404	1.65084332925e-09
2405	1.59884235517e-09
2406	1.54684138109e-09
2407	1.49484040702e-09
2408	1.44283943294e-09
2409	1.39083845886e-09
2410	1.33883748478e-09
2411	1.28683651071e-09
2412	1.23483553663e-09
2413	1.21282929684e-09
2414	1.2208200336e-09
2415	1.22881077036e-09
2416	1.23680150712e-09
2417	1.24479224387e-09
2418	1.25278298063e-09
2419	1.26077371739e-09
2420	1.26876445415e-09
2421	1.27675519091e-09
2422	1.28474592766e-09
2423	1.29273666442e-09
2424	1.30072740118e-09
2425	1.30871813794e-09
2426	1.3167088747e-09
2427	1.32469961146e-09
2428	1.33269034821e-09
2429	1.34068108497e-09
2430	1.34867182173e-09
2431	1.35666255849e-09
2432	1.36465329525e-09
2433	1.37264403201e-09
2434	1.38063476876e-09
2435	1.38862550552e-09
2436	1.39661624228e-09
2437	1.40460697904e-09
2438	1.39605532413e-09
2439	1.37096002811e-09
2440	1.34586473209e-09
2441	1.32076943606e-09
2442	1.29567414004e-09
2443	1.27057884402e-09
2444	1.245483548e-09
2445	1.22038825198e-09
2446	1.19529295595e-09
2447	1.17019765993e-09
2448	1.14510236391e-09
2449	1.12000706789e-09
2450	1.09491177187e-09
2451	1.06981647584e-09
2452	1.04472117982e-09
2453	1.0196258838e-09
2454	9.94530587778e-10
2455	9.69435291756e-10
2456	9.44339995734e-10
2457	9.19244699712e-10
2458	8.9414940369e-10
2459	8.69054107668e-10
2460	8.43958811646e-10
2461	8.18863515624e-10
2462	7.93768219602e-10
2463	7.81061263541e-10
2464	7.80743592728e-10
2465	7.80425921915e-10
2466	7.80108251102e-10
2467	7.7979058029e-10
2468	7.79472909477e-10
2469	7.79155238664e-10
2470	7.78837567852e-10
2471	7.78519897039e-10
2472	7.78202226226e-10
2473	7.77884555413e-10
2474	7.77566884601e-10
2475	7.77249213788e-10
2476	7.76931542975e-10
2477	7.76613872163e-10
2478	7.7629620135e-10
2479	7.75978530537e-10
2480	7.75660859724e-10
2481	7.75343188912e-10
2482	7.75025518099e-10
2483	7.74707847286e-10
2484	7.74390176473e-10
2485	7.74072505661e-10
2486	7.73754834848e-10
2487	7.73437164035e-10
2488	7.67054659356e-10
2489	7.54606853337e-10
2490	7.42159047318e-10
2491	7.29711241299e-10
2492	7.1726343528e-10
2493	7.04815629261e-10
2494	6.92367823242e-10
2495	6.79920017222e-10
2496	6.67472211203e-10
2497	6.55024405184e-10
2498	6.42576599165e-10
2499	6.30128793146e-10
2500	6.17680987127e-10
2501	6.05233181108e-10
2502	5.92785375089e-10
2503	5.8033756907e-10
2504	5.67889763051e-10
2505	5.55441957032e-10
2506	5.42994151012e-10
2507	5.30546344993e-10
2508	5.18098538974e-10
2509	5.05650732955e-10
2510	4.93202926936e-10
2511	4.80755120917e-10
2512	4.68307314898e-10
2513	4.63315988755e-10
2514	4.65781723005e-10
2515	4.68247457254e-10
2516	4.70713191504e-10
2517	4.73178925754e-10
2518	4.75644660004e-10
2519	4.78110394254e-10
2520	4.80576128503e-10
2521	4.83041862753e-10
2522	4.85507597003e-10
2523	4.87973331253e-10
2524	4.90439065503e-10
2525	4.92904799752e-10
2526	4.95370534002e-10
2527	4.97836268252e-10
2528	5.00302002502e-10
2529	5.02767736752e-10
2530	5.05233471001e-10
2531	5.07699205251e-10
2532	5.10164939501e-10
2533	5.12630673751e-10
2534	5.15096408001e-10
2535	5.1756214225e-10
2536	5.200278765e-10
2537	5.2249361075e-10
2538	5.1972028451e-10
2539	5.11707485839e-10
2540	5.03694687168e-10
2541	4.95681888497e-10
2542	4.87669089826e-10
2543	4.79656291155e-10
2544	4.71643492484e-10
2545	4.63630693813e-10
2546	4.55617895142e-10
2547	4.47605096471e-10
2548	4.395922978e-10
2549	4.31579499129e-10
2550	4.23566700459e-10
2551	4.15553901788e-10
2552	4.07541103117e-10
2553	3.99528304446e-10
2554	3.91515505775e-10
2555	3.83502707104e-10
2556	3.75489908433e-10
2557	3.67477109762e-10
2558	3.59464311091e-10
2559	3.5145151242e-10
2560	3.43438713749e-10
2561	3.35425915078e-10
2562	3.27413116407e-10
2563	3.19933674195e-10
2564	3.1298763079e-10
2565	3.06041587386e-10
2566	2.99095543982e-10
2567	2.92149500577e-10
2568	2.85203457173e-10
2569	2.78257413769e-10
2570	2.71311370365e-10
2571	2.6436532696e-10
2572	2.57419283556e-10
2573	2.50473240152e-10
2574	2.43527196747e-10
2575	2.36581153343e-10
2576	2.29635109939e-10
2577	2.22689066534e-10
2578	2.1574302313e-10
2579	2.08796979726e-10
2580	2.01850936322e-10
2581	1.94904892917e-10
2582	1.87958849513e-10
2583	1.81012806109e-10
2584	1.74066762704e-10
2585	1.671207193e-10
2586	1.60174675896e-10
2587	1.53228632492e-10
2588	1.48646219955e-10
2589	1.46427627799e-10
2590	1.44209035643e-10
2591	1.41990443486e-10
2592	1.3977185133e-10
2593	1.37553259174e-10
2594	1.35334667017e-10
2595	1.33116074861e-10
2596	1.30897482704e-10
2597	1.28678890548e-10
2598	1.26460298392e-10
2599	1.24241706235e-10
2600	1.22023114079e-10
2601	1.19804521923e-10
2602	1.17585929766e-10
2603	1.1536733761e-10
2604	1.13148745453e-10
2605	1.10930153297e-10
2606	1.08711561141e-10
2607	1.06492968984e-10
2608	1.04274376828e-10
2609	1.02055784671e-10
2610	9.98371925151e-11
2611	9.76186003587e-11
2612	9.54000082023e-11
2613	9.38323598359e-11
2614	9.29157079552e-11
2615	9.19990560745e-11
2616	9.10824041937e-11
2617	9.0165752313e-11
2618	8.92491004323e-11
2619	8.83324485515e-11
2620	8.74157966708e-11
2621	8.64991447901e-11
2622	8.55824929094e-11
2623	8.46658410286e-11
2624	8.37491891479e-11
2625	8.28325372672e-11
2626	8.19158853864e-11
2627	8.09992335057e-11
2628	8.0082581625e-11
2629	7.91659297443e-11
2630	7.82492778635e-11
2631	7.73326259828e-11
2632	7.64159741021e-11
2633	7.54993222213e-11
2634	7.45826703406e-11
2635	7.36660184599e-11
2636	7.27493665792e-11
2637	7.18327146984e-11
2638	7.21982204754e-11
2639	7.38459886976e-11
2640	7.54937569198e-11
2641	7.7141525142e-11
2642	7.87892933642e-11
2643	8.04370615863e-11
2644	8.20848298085e-11
2645	8.37325980307e-11
2646	8.53803662529e-11
2647	8.70281344751e-11
2648	8.86759026973e-11
2649	9.03236709195e-11
2650	9.19714391417e-11
2651	9.36192073639e-11
2652	9.52669755861e-11
2653	9.69147438082e-11
2654	9.85625120304e-11
2655	1.00210280253e-10
2656	1.01858048475e-10
2657	1.03505816697e-10
2658	1.05153584919e-10
2659	1.06801353141e-10
2660	1.08449121364e-10
2661	1.10096889586e-10
2662	1.11744657808e-10
2663	1.12019101693e-10
2664	1.10920107938e-10
2665	1.09821114183e-10
2666	1.08722120429e-10
2667	1.07623126674e-10
2668	1.06524132919e-10
2669	1.05425139164e-10
2670	1.0432614541e-10
2671	1.03227151655e-10
2672	1.021281579e-10
2673	1.01029164145e-10
2674	9.99301703905e-11
2675	9.88311766358e-11
2676	9.7732182881e-11
2677	9.66331891263e-11
2678	9.55341953715e-11
2679	9.44352016168e-11
2680	9.3336207862e-11
2681	9.22372141073e-11
2682	9.11382203525e-11
2683	9.00392265977e-11
2684	8.8940232843e-11
2685	8.78412390882e-11
2686	8.67422453335e-11
2687	8.56432515787e-11
2688	8.50146846666e-11
2689	8.48565837728e-11
2690	8.4698482879e-11
2691	8.45403819852e-11
2692	8.43822810914e-11
2693	8.42241801976e-11
2694	8.40660793038e-11
2695	8.390797841e-11
2696	8.37498775162e-11
2697	8.35917766223e-11
2698	8.34336757285e-11
2699	8.32755748347e-11
2700	8.31174739409e-11
2701	8.29593730471e-11
2702	8.28012721533e-11
2703	8.26431712595e-11
2704	8.24850703657e-11
2705	8.23269694719e-11
2706	8.21688685781e-11
2707	8.20107676843e-11
2708	8.18526667905e-11
2709	8.16945658967e-11
2710	8.15364650029e-11
2711	8.13783641091e-11
2712	8.12202632153e-11
2713	8.08729079192e-11
2714	8.03362823138e-11
2715	7.97996567084e-11
2716	7.9263031103e-11
2717	7.87264054976e-11
2718	7.81897798921e-11
2719	7.76531542867e-11
2720	7.71165286813e-11
2721	7.65799030759e-11
2722	7.60432774705e-11
2723	7.55066518651e-11
2724	7.49700262597e-11
2725	7.44334006542e-11
2726	7.38967750488e-11
2727	7.33601494434e-11
2728	7.2823523838e-11
2729	7.22868982326e-11
2730	7.17502726272e-11
2731	7.12136470217e-11
2732	7.06770214163e-11
2733	7.01403958109e-11
2734	6.96037702055e-11
2735	6.90671446001e-11
2736	6.85305189947e-11
2737	6.79938933893e-11
2738	6.76669324514e-11
2739	6.7549653966e-11
2740	6.74323754807e-11
2741	6.73150969954e-11
2742	6.71978185101e-11
2743	6.70805400248e-11
2744	6.69632615395e-11
2745	6.68459830542e-11
2746	6.67287045689e-11
2747	6.66114260836e-11
2748	6.64941475982e-11
2749	6.63768691129e-11
2750	6.62595906276e-11
2751	6.61423121423e-11
2752	6.6025033657e-11
2753	6.59077551717e-11
2754	6.57904766864e-11
2755	6.56731982011e-11
2756	6.55559197157e-11
2757	6.54386412304e-11
2758	6.53213627451e-11
2759	6.52040842598e-11
2760	6.50868057745e-11
2761	6.49695272892e-11
2762	6.48522488039e-11
2763	6.55504441488e-11
2764	6.70641831294e-11
2765	6.857792211e-11
2766	7.00916610906e-11
2767	7.16054000712e-11
2768	7.31191390518e-11
2769	7.46328780324e-11
2770	7.61466170129e-11
2771	7.76603559935e-11
2772	7.91740949741e-11
2773	8.06878339547e-11
2774	8.22015729353e-11
2775	8.37153119159e-11
2776	8.52290508965e-11
2777	8.67427898771e-11
2778	8.82565288577e-11
2779	8.97702678382e-11
2780	9.12840068188e-11
2781	9.27977457994e-11
2782	9.431148478e-11
2783	9.58252237606e-11
2784	9.73389627412e-11
2785	9.88527017218e-11
2786	1.00366440702e-10
2787	1.01880179683e-10
2788	1.01732093168e-10
2789	9.99220376148e-11
2790	9.81119820621e-11
2791	9.63019265093e-11
2792	9.44918709566e-11
2793	9.26818154038e-11
2794	9.08717598511e-11
2795	8.90617042984e-11
2796	8.72516487456e-11
2797	8.54415931929e-11
2798	8.36315376401e-11
2799	8.18214820874e-11
2800	8.00114265346e-11
2801	7.82013709819e-11
2802	7.63913154291e-11
2803	7.45812598764e-11
2804	7.27712043236e-11
2805	7.09611487709e-11
2806	6.91510932182e-11
2807	6.73410376654e-11
2808	6.55309821127e-11
2809	6.37209265599e-11
2810	6.19108710072e-11
2811	6.01008154544e-11
2812	5.82907599017e-11
2813	5.73501657174e-11
2814	5.72791086755e-11
2815	5.72080516336e-11
2816	5.71369945917e-11
2817	5.70659375497e-11
2818	5.69948805078e-11
2819	5.69238234659e-11
2820	5.6852766424e-11
2821	5.67817093821e-11
2822	5.67106523402e-11
2823	5.66395952983e-11
2824	5.65685382564e-11
2825	5.64974812144e-11
2826	5.64264241725e-11
2827	5.63553671306e-11
2828	5.62843100887e-11
2829	5.62132530468e-11
2830	5.61421960049e-11
2831	5.6071138963e-11
2832	5.60000819211e-11
2833	5.59290248792e-11
2834	5.58579678372e-11
2835	5.57869107953e-11
2836	5.57158537534e-11
2837	5.56447967115e-11
2838	5.52490420566e-11
2839	5.45285612395e-11
2840	5.38080804224e-11
2841	5.30875996054e-11
2842	5.23671187883e-11
2843	5.16466379712e-11
2844	5.09261571542e-11
2845	5.02056763371e-11
2846	4.948519552e-11
2847	4.8764714703e-11
2848	4.80442338859e-11
2849	4.73237530688e-11
2850	4.66032722518e-11
2851	4.58827914347e-11
2852	4.51623106176e-11
2853	4.44418298005e-11
2854	4.37213489835e-11
2855	4.30008681664e-11
2856	4.22803873493e-11
2857	4.15599065323e-11
2858	4.08394257152e-11
2859	4.01189448981e-11
2860	3.93984640811e-11
2861	3.8677983264e-11
2862	3.79575024469e-11
2863	3.7441950995e-11
2864	3.71313470855e-11
2865	3.68207431759e-11
2866	3.65101392663e-11
2867	3.61995353567e-11
2868	3.58889314472e-11
2869	3.55783275376e-11
2870	3.5267723628e-11
2871	3.49571197185e-11
2872	3.46465158089e-11
2873	3.43359118993e-11
2874	3.40253079897e-11
2875	3.37147040802e-11
2876	3.34041001706e-11
2877	3.3093496261e-11
2878	3.27828923515e-11
2879	3.24722884419e-11
2880	3.21616845323e-11
2881	3.18510806228e-11
2882	3.15404767132e-11
2883	3.12298728036e-11
2884	3.0919268894e-11
2885	3.06086649845e-11
2886	3.02980610749e-11
2887	2.99874571653e-11
2888	2.98392069312e-11
2889	2.9853324899e-11
2890	2.98674428668e-11
2891	2.98815608346e-11
2892	2.98956788024e-11
2893	2.99097967702e-11
2894	2.99239147381e-11
2895	2.99380327059e-11
2896	2.99521506737e-11
2897	2.99662686415e-11
2898	2.99803866093e-11
2899	2.99945045771e-11
2900	3.00086225449e-11
2901	3.00227405127e-11
2902	3.00368584806e-11
2903	3.00509764484e-11
2904	3.00650944162e-11
2905	3.0079212384e-11
2906	3.00933303518e-11
2907	3.01074483196e-11
2908	3.01215662874e-11
2909	3.01356842552e-11
2910	3.0149802223e-11
2911	3.01639201909e-11
2912	3.01780381587e-11
2913	3.00916168796e-11
2914	2.99046472802e-11
2915	2.97176776807e-11
2916	2.95307080812e-11
2917	2.93437384818e-11
2918	2.91567688823e-11
2919	2.89697992828e-11
2920	2.87828296833e-11
2921	2.85958600839e-11
2922	2.84088904844e-11
2923	2.82219208849e-11
2924	2.80349512855e-11
2925	2.7847981686e-11
2926	2.76610120865e-11
2927	2.74740424871e-11
2928	2.72870728876e-11
2929	2.71001032881e-11
2930	2.69131336887e-11
2931	2.67261640892e-11
2932	2.65391944897e-11
2933	2.63522248902e-11
2934	2.61652552908e-11
2935	2.59782856913e-11
2936	2.57913160918e-11
2937	2.56043464924e-11
2938	2.53445265345e-11
2939	2.50118495872e-11
2940	2.46791726398e-11
2941	2.43464956925e-11
2942	2.40138187452e-11
2943	2.36811417978e-11
2944	2.33484648505e-11
2945	2.30157879032e-11
2946	2.26831109558e-11
2947	2.23504340085e-11
2948	2.20177570611e-11
2949	2.16850801138e-11
2950	2.13524031665e-11
2951	2.10197262191e-11
2952	2.06870492718e-11
2953	2.03543723244e-11
2954	2.00216953771e-11
2955	1.96890184298e-11
2956	1.93563414824e-11
2957	1.90236645351e-11
2958	1.86909875877e-11
2959	1.83583106404e-11
2960	1.80256336931e-11
2961	1.76929567457e-11
2962	1.73602797984e-11
2963	1.68274837432e-11
2964	1.60945502095e-11
2965	1.53616166758e-11
2966	1.46286831421e-11
2967	1.38957496084e-11
2968	1.31628160747e-11
2969	1.2429882541e-11
2970	1.16969490073e-11
2971	1.09640154736e-11
2972	1.02310819399e-11
2973	9.49814840621e-12
2974	8.76521487251e-12
2975	8.03228133882e-12
2976	7.29934780512e-12
2977	6.56641427142e-12
2978	5.83348073772e-12
2979	5.10054720402e-12
2980	4.36761367032e-12
2981	3.63468013663e-12
2982	2.90174660293e-12
2983	2.16881306923e-12
2984	1.43587953553e-12
2985	7.02946001832e-13
2986	-2.9987531866e-14
2987	-7.62921065564e-13
2988	-8.81854301036e-13
2989	-3.86730398206e-13
2990	1.08393504625e-13
2991	6.03517407455e-13
2992	1.09864131029e-12
2993	1.59376521312e-12
2994	2.08888911595e-12
2995	2.58401301878e-12
2996	3.07913692161e-12
2997	3.57426082444e-12
2998	4.06938472727e-12
2999	4.5645086301e-12
3000	5.05963253293e-12
3001	5.55475643576e-12
3002	6.04988033859e-12
3003	6.54500424142e-12
3004	7.04012814425e-12
3005	7.53525204708e-12
3006	8.03037594991e-12
3007	8.52549985274e-12
3008	9.02062375558e-12
3009	9.51574765841e-12
3010	1.00108715612e-11
3011	1.05059954641e-11
3012	1.10011193669e-11
3013	1.11889956901e-11
3014	1.10695957527e-11
3015	1.09501958152e-11
3016	1.08307958778e-11
3017	1.07113959404e-11
3018	1.05919960029e-11
3019	1.04725960655e-11
3020	1.03531961281e-11
3021	1.02337961907e-11
3022	1.01143962532e-11
3023	9.9949963158e-12
3024	9.87559637837e-12
3025	9.75619644095e-12
3026	9.63679650352e-12
3027	9.51739656609e-12
3028	9.39799662866e-12
3029	9.27859669123e-12
3030	9.15919675381e-12
3031	9.03979681638e-12
3032	8.92039687895e-12
3033	8.80099694152e-12
3034	8.68159700409e-12
3035	8.56219706667e-12
3036	8.44279712924e-12
3037	8.32339719181e-12
3038	8.03617211734e-12
3039	7.58110610966e-12
3040	7.12604010198e-12
3041	6.67097409429e-12
3042	6.21590808661e-12
3043	5.76084207893e-12
3044	5.30577607125e-12
3045	4.85071006357e-12
3046	4.39564405589e-12
3047	3.94057804821e-12
3048	3.48551204052e-12
3049	3.03044603284e-12
3050	2.57538002516e-12
3051	2.12031401748e-12
3052	1.6652480098e-12
3053	1.21018200212e-12
3054	7.55115994434e-13
3055	3.00049986753e-13
3056	-1.55016020929e-13
3057	-6.10082028611e-13
3058	-1.06514803629e-12
3059	-1.52021404397e-12
3060	-1.97528005166e-12
3061	-2.43034605934e-12
3062	-2.88541206702e-12
3063	-2.64527783767e-12
3064	-1.70987739852e-12
3065	-7.7447695938e-13
3066	1.60923479764e-13
3067	1.09632391891e-12
3068	2.03172435805e-12
3069	2.9671247972e-12
3070	3.90252523634e-12
3071	4.83792567548e-12
3072	5.77332611463e-12
3073	6.70872655377e-12
3074	7.64412699292e-12
3075	8.57952743206e-12
3076	9.5149278712e-12
3077	1.04503283103e-11
3078	1.13857287495e-11
3079	1.23211291886e-11
3080	1.32565296278e-11
3081	1.41919300669e-11
3082	1.51273305061e-11
3083	1.60627309452e-11
3084	1.69981313844e-11
3085	1.79335318235e-11
3086	1.88689322626e-11
3087	1.98043327018e-11
3088	1.99612683823e-11
3089	1.93396648268e-11
3090	1.87180612713e-11
3091	1.80964577158e-11
3092	1.74748541603e-11
3093	1.68532506048e-11
3094	1.62316470493e-11
3095	1.56100434938e-11
3096	1.49884399383e-11
3097	1.43668363828e-11
3098	1.37452328273e-11
3099	1.31236292718e-11
3100	1.25020257163e-11
3101	1.18804221608e-11
3102	1.12588186053e-11
3103	1.06372150498e-11
3104	1.00156114943e-11
3105	9.39400793882e-12
3106	8.77240438331e-12
3107	8.15080082781e-12
3108	7.52919727231e-12
3109	6.90759371681e-12
3110	6.28599016131e-12
3111	5.66438660581e-12
3112	5.04278305031e-12
3113	4.94468093793e-12
3114	5.37013075876e-12
3115	5.79558057959e-12
3116	6.22103040043e-12
3117	6.64648022126e-12
3118	7.0719300421e-12
3119	7.49737986293e-12
3120	7.92282968376e-12
3121	8.3482795046e-12
3122	8.77372932543e-12
3123	9.19917914627e-12
3124	9.6246289671e-12
3125	1.00500787879e-11
3126	1.04755286088e-11
3127	1.09009784296e-11
3128	1.13264282504e-11
3129	1.17518780713e-11
3130	1.21773278921e-11
3131	1.26027777129e-11
3132	1.30282275338e-11
3133	1.34536773546e-11
3134	1.38791271754e-11
3135	1.43045769963e-11
3136	1.47300268171e-11
3137	1.51554766379e-11
3138	1.51448541179e-11
3139	1.46981168613e-11
3140	1.42513796047e-11
3141	1.38046423481e-11
3142	1.33579050915e-11
3143	1.29111678349e-11
3144	1.24644305782e-11
3145	1.20176933216e-11
3146	1.1570956065e-11
3147	1.11242188084e-11
3148	1.06774815518e-11
3149	1.02307442952e-11
3150	9.78400703861e-12
3151	9.337269782e-12
3152	8.8905325254e-12
3153	8.44379526879e-12
3154	7.99705801219e-12
3155	7.55032075558e-12
3156	7.10358349897e-12
3157	6.65684624237e-12
3158	6.21010898576e-12
3159	5.76337172915e-12
3160	5.31663447255e-12
3161	4.86989721594e-12
3162	4.42315995934e-12
3163	4.14405842909e-12
3164	4.0326090529e-12
3165	3.9211596767e-12
3166	3.80971030051e-12
3167	3.69826092431e-12
3168	3.58681154812e-12
3169	3.47536217193e-12
3170	3.36391279573e-12
3171	3.25246341954e-12
3172	3.14101404334e-12
3173	3.02956466715e-12
3174	2.91811529095e-12
3175	2.80666591476e-12
3176	2.69521653856e-12
3177	2.58376716237e-12
3178	2.47231778618e-12
3179	2.36086840998e-12
3180	2.24941903379e-12
3181	2.13796965759e-12
3182	2.0265202814e-12
3183	1.9150709052e-12
3184	1.80362152901e-12
3185	1.69217215281e-12
3186	1.58072277662e-12
3187	1.46927340043e-12
3188	1.48926436725e-12
3189	1.6407086596e-12
3190	1.79215295196e-12
3191	1.94359724431e-12
3192	2.09504153666e-12
3193	2.24648582901e-12
3194	2.39793012136e-12
3195	2.54937441371e-12
3196	2.70081870606e-12
3197	2.85226299841e-12
3198	3.00370729076e-12
3199	3.15515158311e-12
3200	3.30659587546e-12
3201	3.45804016781e-12
3202	3.60948446016e-12
3203	3.76092875251e-12
3204	3.91237304486e-12
3205	4.06381733721e-12
3206	4.21526162957e-12
3207	4.36670592192e-12
3208	4.51815021427e-12
3209	4.66959450662e-12
3210	4.82103879897e-12
3211	4.97248309132e-12
3212	5.12392738367e-12
3213	5.12122594824e-12
3214	4.96436344047e-12
3215	4.8075009327e-12
3216	4.65063842493e-12
3217	4.49377591716e-12
3218	4.33691340939e-12
3219	4.18005090163e-12
3220	4.02318839386e-12
3221	3.86632588609e-12
3222	3.70946337832e-12
3223	3.55260087055e-12
3224	3.39573836278e-12
3225	3.23887585501e-12
3226	3.08201334725e-12
3227	2.92515083948e-12
3228	2.76828833171e-12
3229	2.61142582394e-12
3230	2.45456331617e-12
3231	2.2977008084e-12
3232	2.14083830063e-12
3233	1.98397579286e-12
3234	1.8271132851e-12
3235	1.67025077733e-12
3236	1.51338826956e-12
3237	1.35652576179e-12
3238	1.27415569346e-12
3239	1.26628553769e-12
3240	1.25841538192e-12
3241	1.25054522614e-12
3242	1.24267507037e-12
3243	1.2348049146e-12
3244	1.22693475883e-12
3245	1.21906460305e-12
3246	1.21119444728e-12
3247	1.20332429151e-12
3248	1.19545413574e-12
3249	1.18758397996e-12
3250	1.17971382419e-12
3251	1.17184366842e-12
3252	1.16397351265e-12
3253	1.15610335687e-12
3254	1.1482332011e-12
3255	1.14036304533e-12
3256	1.13249288956e-12
3257	1.12462273379e-12
3258	1.11675257801e-12
3259	1.10888242224e-12
3260	1.10101226647e-12
3261	1.0931421107e-12
3262	1.08527195492e-12
3263	1.07792656325e-12
3264	1.07110598873e-12
3265	1.0642854142e-12
3266	1.05746483968e-12
3267	1.05064426516e-12
3268	1.04382369063e-12
3269	1.03700311611e-12
3270	1.03018254159e-12
3271	1.02336196706e-12
3272	1.01654139254e-12
3273	1.00972081801e-12
3274	1.00290024349e-12
3275	9.96079668968e-13
3276	9.89259094444e-13
3277	9.82438519921e-13
3278	9.75617945398e-13
3279	9.68797370874e-13
3280	9.61976796351e-13
3281	9.55156221827e-13
3282	9.48335647304e-13
3283	9.4151507278e-13
3284	9.34694498257e-13
3285	9.27873923733e-13
3286	9.2105334921e-13
3287	9.14232774686e-13
3288	8.89923701298e-13
3289	8.48124347493e-13
3290	8.06324993689e-13
3291	7.64525639884e-13
3292	7.22726286079e-13
3293	6.80926932275e-13
3294	6.3912757847e-13
3295	5.97328224665e-13
3296	5.5552887086e-13
3297	5.13729517056e-13
3298	4.71930163251e-13
3299	4.30130809446e-13
3300	3.88331455642e-13
3301	3.46532101837e-13
3302	3.04732748032e-13
3303	2.62933394228e-13
3304	2.21134040423e-13
3305	1.79334686618e-13
3306	1.37535332814e-13
3307	9.5735979009e-14
3308	5.39366252044e-14
3309	1.21372713997e-14
3310	-2.9662082405e-14
3311	-7.14614362097e-14
3312	-1.13260790014e-13
3313	-1.34161539481e-13
3314	-1.34161539481e-13
3315	-1.34161539481e-13
3316	-1.34161539481e-13
3317	-1.34161539481e-13
3318	-1.34161539481e-13
3319	-1.34161539481e-13
3320	-1.34161539481e-13
3321	-1.34161539481e-13
3322	-1.34161539481e-13
3323	-1.34161539481e-13
3324	-1.34161539481e-13
