50	-6.03503097604e-14
51	-6.12181130249e-14
52	-6.20859162894e-14
53	-6.29537195539e-14
54	-6.38215228184e-14
55	-6.46893260829e-14
56	-6.55571293474e-14
57	-6.64249326119e-14
58	-6.72927358764e-14
59	-6.81605391409e-14
60	-6.90283424054e-14
61	-6.98961456699e-14
62	-7.07639489344e-14
63	-7.1981155776e-14
64	-7.35477668714e-14
65	-7.51143779668e-14
66	-7.66809890621e-14
67	-7.82476001575e-14
68	-7.98142112529e-14
69	-8.13808223482e-14
70	-8.29474334436e-14
71	-8.4514044539e-14
72	-8.60806556343e-14
73	-8.76472667297e-14
74	-8.92138778251e-14
75	-9.07804889204e-14
76	-9.23471000158e-14
77	-9.39137111112e-14
78	-9.54803222066e-14
79	-9.70469333019e-14
80	-9.86135443973e-14
81	-1.00180155493e-13
82	-1.01746766588e-13
83	-1.03313377683e-13
84	-1.04879988779e-13
85	-1.06446599874e-13
86	-1.0801321097e-13
87	-1.09579822065e-13
88	-1.11337772425e-13
89	-1.13287062568e-13
90	-1.15236352712e-13
91	-1.17185642855e-13
92	-1.19134932999e-13
93	-1.21084223143e-13
94	-1.23033513286e-13
95	-1.2498280343e-13
96	-1.26932093573e-13
97	-1.28881383717e-13
98	-1.3083067386e-13
99	-1.32779964004e-13
100	-1.34729254147e-13
101	-1.36678544291e-13
102	-1.38627834434e-13
103	-1.40577124578e-13
104	-1.42526414721e-13
105	-1.44475704865e-13
106	-1.46424995008e-13
107	-1.48374285152e-13
108	-1.50323575295e-13
109	-1.52272865439e-13
110	-1.54222155582e-13
111	-1.56171445726e-13
112	-1.58120735869e-13
113	-1.60273833471e-13
114	-1.62630739241e-13
115	-1.64987645011e-13
116	-1.67344550781e-13
117	-1.6970145655e-13
118	-1.7205836232e-13
119	-1.7441526809e-13
120	-1.7677217386e-13
121	-1.7912907963e-13
122	-1.814859854e-13
123	-1.8384289117e-13
124	-1.8619979694e-13
125	-1.8855670271e-13
126	-1.9091360848e-13
127	-1.9327051425e-13
128	-1.9562742002e-13
129	-1.97984325789e-13
130	-2.00341231559e-13
131	-2.02698137329e-13
132	-2.05055043099e-13
133	-2.07411948869e-13
134	-2.09768854639e-13
135	-2.12125760409e-13
136	-2.14482666179e-13
137	-2.16839571949e-13
138	-2.198321724e-13
139	-2.23460470242e-13
140	-2.27088768083e-13
141	-2.30717065925e-13
142	-2.34345363766e-13
143	-2.37973661608e-13
144	-2.41601959449e-13
145	-2.45230257291e-13
146	-2.48858555132e-13
147	-2.52486852973e-13
148	-2.56115150815e-13
149	-2.59743448656e-13
150	-2.63371746498e-13
151	-2.67000044339e-13
152	-2.70628342181e-13
153	-2.74256640022e-13
154	-2.77884937864e-13
155	-2.81513235705e-13
156	-2.85141533547e-13
157	-2.88769831388e-13
158	-2.9239812923e-13
159	-2.96026427071e-13
160	-2.99654724913e-13
161	-3.03283022754e-13
162	-3.06911320595e-13
163	-3.113982022e-13
164	-3.16743671889e-13
165	-3.22089141579e-13
166	-3.27434611269e-13
167	-3.32780080959e-13
168	-3.38125550648e-13
169	-3.43471020338e-13
170	-3.48816490028e-13
171	-3.54161959718e-13
172	-3.59507429407e-13
173	-3.64852899097e-13
174	-3.70198368787e-13
175	-3.75543838477e-13
176	-3.80889308166e-13
177	-3.86234777856e-13
178	-3.91580247546e-13
179	-3.96925717236e-13
180	-4.02271186925e-13
181	-4.07616656615e-13
182	-4.12962126305e-13
183	-4.18307595995e-13
184	-4.23653065684e-13
185	-4.28998535374e-13
186	-4.34344005064e-13
187	-4.39689474754e-13
188	-4.44818475901e-13
189	-4.49731007249e-13
190	-4.54643538597e-13
191	-4.59556069945e-13
192	-4.64468601293e-13
193	-4.69381132641e-13
194	-4.74293663989e-13
195	-4.79206195337e-13
196	-4.84118726684e-13
197	-4.89031258032e-13
198	-4.9394378938e-13
199	-4.98856320728e-13
200	-5.03768852076e-13
201	-5.08681383424e-13
202	-5.13593914772e-13
203	-5.1850644612e-13
204	-5.23418977468e-13
205	-5.28331508815e-13
206	-5.33244040163e-13
207	-5.38156571511e-13
208	-5.43069102859e-13
209	-5.47981634207e-13
210	-5.52894165555e-13
211	-5.57806696903e-13
212	-5.62719228251e-13
213	-5.63448325136e-13
214	-5.59993960012e-13
215	-5.56539594889e-13
216	-5.53085229766e-13
217	-5.49630864642e-13
218	-5.46176499519e-13
219	-5.42722134396e-13
220	-5.39267769272e-13
221	-5.35813404149e-13
222	-5.32359039026e-13
223	-5.28904673902e-13
224	-5.25450308779e-13
225	-5.21995943656e-13
226	-5.18541578532e-13
227	-5.15087213409e-13
228	-5.11632848286e-13
229	-5.08178483162e-13
230	-5.04724118039e-13
231	-5.01269752916e-13
232	-4.97815387792e-13
233	-4.94361022669e-13
234	-4.90906657546e-13
235	-4.87452292422e-13
236	-4.83997927299e-13
237	-4.80543562176e-13
238	-4.35473604115e-13
239	-3.48787746866e-13
240	-2.62101889616e-13
241	-1.75416032367e-13
242	-8.87301751175e-14
243	-2.04431786806e-15
244	8.46415393814e-14
245	1.71327396631e-13
246	2.5801325388e-13
247	3.4469911113e-13
248	4.31384968379e-13
249	5.18070825629e-13
250	6.04756682878e-13
251	6.91442540127e-13
252	7.78128397377e-13
253	8.64814254626e-13
254	9.51500111876e-13
255	1.03818596913e-12
256	1.12487182637e-12
257	1.21155768362e-12
258	1.29824354087e-12
259	1.38492939812e-12
260	1.47161525537e-12
261	1.55830111262e-12
262	1.64498696987e-12
263	2.44259885821e-12
264	3.95114256011e-12
265	5.45968626202e-12
266	6.96822996392e-12
267	8.47677366582e-12
268	9.98531736772e-12
269	1.14938610696e-11
270	1.30024047715e-11
271	1.45109484734e-11
272	1.60194921753e-11
273	1.75280358772e-11
274	1.90365795791e-11
275	2.0545123281e-11
276	2.20536669829e-11
277	2.35622106848e-11
278	2.50707543867e-11
279	2.65792980886e-11
280	2.80878417905e-11
281	2.95963854925e-11
282	3.11049291944e-11
283	3.26134728963e-11
284	3.41220165982e-11
285	3.56305603001e-11
286	3.7139104002e-11
287	3.86476477039e-11
288	3.45012427279e-11
289	2.46998386977e-11
290	1.48984346675e-11
291	5.09703063731e-12
292	-4.70437339288e-12
293	-1.45057774231e-11
294	-2.43071814533e-11
295	-3.41085854835e-11
296	-4.39099895137e-11
297	-5.37113935438e-11
298	-6.3512797574e-11
299	-7.33142016042e-11
300	-8.31156056344e-11
301	-9.29170096646e-11
302	-1.02718413695e-10
303	-1.12519817725e-10
304	-1.22321221755e-10
305	-1.32122625785e-10
306	-1.41924029816e-10
307	-1.51725433846e-10
308	-1.61526837876e-10
309	-1.71328241906e-10
310	-1.81129645936e-10
311	-1.90931049967e-10
312	-2.00732453997e-10
313	-2.68882639726e-10
314	-3.95382172147e-10
315	-5.21881704567e-10
316	-6.48381236987e-10
317	-7.74880769407e-10
318	-9.01380301828e-10
319	-1.02787983425e-09
320	-1.15437936667e-09
321	-1.28087889909e-09
322	-1.40737843151e-09
323	-1.53387796393e-09
324	-1.66037749635e-09
325	-1.78687702877e-09
326	-1.91337656119e-09
327	-2.03987609361e-09
328	-2.16637562603e-09
329	-2.29287515845e-09
330	-2.41937469087e-09
331	-2.54587422329e-09
332	-2.67237375571e-09
333	-2.79887328813e-09
334	-2.92537282055e-09
335	-3.05187235297e-09
336	-3.17837188539e-09
337	-3.30487141781e-09
338	-3.38953701828e-09
339	-3.43236824932e-09
340	-3.47519948035e-09
341	-3.51803071139e-09
342	-3.56086194242e-09
343	-3.60369317346e-09
344	-3.64652440449e-09
345	-3.68935563553e-09
346	-3.73218686656e-09
347	-3.7750180976e-09
348	-3.81784932863e-09
349	-3.86068055967e-09
350	-3.9035117907e-09
351	-3.94634302174e-09
352	-3.98917425278e-09
353	-4.03200548381e-09
354	-4.07483671485e-09
355	-4.11766794588e-09
356	-4.16049917692e-09
357	-4.20333040795e-09
358	-4.24616163899e-09
359	-4.28899287002e-09
360	-4.33182410106e-09
361	-4.37465533209e-09
362	-4.41748656313e-09
363	-4.46683001375e-09
364	-4.52268575711e-09
365	-4.57854150047e-09
366	-4.63439724383e-09
367	-4.69025298718e-09
368	-4.74610873054e-09
369	-4.8019644739e-09
370	-4.85782021726e-09
371	-4.91367596062e-09
372	-4.96953170398e-09
373	-5.02538744734e-09
374	-5.0812431907e-09
375	-5.13709893405e-09
376	-5.19295467741e-09
377	-5.24881042077e-09
378	-5.30466616413e-09
379	-5.36052190749e-09
380	-5.41637765085e-09
381	-5.47223339421e-09
382	-5.52808913757e-09
383	-5.58394488093e-09
384	-5.63980062428e-09
385	-5.69565636764e-09
386	-5.751512111e-09
387	-5.80736785436e-09
388	-5.9153578345e-09
389	-6.07548267739e-09
390	-6.23560752028e-09
391	-6.39573236317e-09
392	-6.55585720606e-09
393	-6.71598204895e-09
394	-6.87610689184e-09
395	-7.03623173473e-09
396	-7.19635657762e-09
397	-7.35648142051e-09
398	-7.5166062634e-09
399	-7.6767311063e-09
400	-7.83685594919e-09
401	-7.99698079208e-09
402	-8.15710563497e-09
403	-8.31723047786e-09
404	-8.47735532075e-09
405	-8.63748016364e-09
406	-8.79760500653e-09
407	-8.95772984942e-09
408	-9.11785469231e-09
409	-9.2779795352e-09
410	-9.43810437809e-09
411	-9.59822922098e-09
412	-9.75835406387e-09
413	-9.82886029024e-09
414	-9.8097467546e-09
415	-9.79063321896e-09
416	-9.77151968333e-09
417	-9.75240614769e-09
418	-9.73329261206e-09
419	-9.71417907642e-09
420	-9.69506554079e-09
421	-9.67595200515e-09
422	-9.65683846952e-09
423	-9.63772493388e-09
424	-9.61861139824e-09
425	-9.59949786261e-09
426	-9.58038432697e-09
427	-9.56127079134e-09
428	-9.5421572557e-09
429	-9.52304372007e-09
430	-9.50393018443e-09
431	-9.48481664879e-09
432	-9.46570311316e-09
433	-9.44658957752e-09
434	-9.42747604189e-09
435	-9.40836250625e-09
436	-9.38924897062e-09
437	-9.37013543498e-09
438	-9.44603695262e-09
439	-9.61695481158e-09
440	-9.78787267053e-09
441	-9.95879052949e-09
442	-1.01297083884e-08
443	-1.03006262474e-08
444	-1.04715441064e-08
445	-1.06424619653e-08
446	-1.08133798243e-08
447	-1.09842976832e-08
448	-1.11552155422e-08
449	-1.13261334012e-08
450	-1.14970512601e-08
451	-1.16679691191e-08
452	-1.1838886978e-08
453	-1.2009804837e-08
454	-1.21807226959e-08
455	-1.23516405549e-08
456	-1.25225584139e-08
457	-1.26934762728e-08
458	-1.28643941318e-08
459	-1.30353119907e-08
460	-1.32062298497e-08
461	-1.33771477086e-08
462	-1.35480655676e-08
463	-1.36113928331e-08
464	-1.35671279633e-08
465	-1.35228630935e-08
466	-1.34785982237e-08
467	-1.34343333539e-08
468	-1.33900684842e-08
469	-1.33458036144e-08
470	-1.33015387446e-08
471	-1.32572738748e-08
472	-1.3213009005e-08
473	-1.31687441352e-08
474	-1.31244792654e-08
475	-1.30802143956e-08
476	-1.30359495258e-08
477	-1.2991684656e-08
478	-1.29474197862e-08
479	-1.29031549164e-08
480	-1.28588900466e-08
481	-1.28146251769e-08
482	-1.27703603071e-08
483	-1.27260954373e-08
484	-1.26818305675e-08
485	-1.26375656977e-08
486	-1.25933008279e-08
487	-1.25490359581e-08
488	-1.25643154677e-08
489	-1.26391402562e-08
490	-1.27139650447e-08
491	-1.27887898331e-08
492	-1.28636146216e-08
493	-1.29384394101e-08
494	-1.30132641986e-08
495	-1.3088088987e-08
496	-1.31629137755e-08
497	-1.3237738564e-08
498	-1.33125633525e-08
499	-1.33873881409e-08
500	-1.34622129294e-08
501	-1.35370377179e-08
502	-1.36118625064e-08
503	-1.36866872948e-08
504	-1.37615120833e-08
505	-1.38363368718e-08
506	-1.39111616603e-08
507	-1.39859864487e-08
508	-1.40608112372e-08
509	-1.41356360257e-08
510	-1.42104608142e-08
511	-1.42852856026e-08
512	-1.43601103911e-08
513	-1.45076215232e-08
514	-1.47278201533e-08
515	-1.49480187834e-08
516	-1.51682174134e-08
517	-1.53884160435e-08
518	-1.56086146736e-08
519	-1.58288133036e-08
520	-1.60490119337e-08
521	-1.62692105638e-08
522	-1.64894091939e-08
523	-1.67096078239e-08
524	-1.6929806454e-08
525	-1.71500050841e-08
526	-1.73702037141e-08
527	-1.75904023442e-08
528	-1.78106009743e-08
529	-1.80307996043e-08
530	-1.82509982344e-08
531	-1.84711968645e-08
532	-1.86913954945e-08
533	-1.89115941246e-08
534	-1.91317927547e-08
535	-1.93519913847e-08
536	-1.95721900148e-08
537	-1.97923886449e-08
538	-1.98136720772e-08
539	-1.96360369989e-08
540	-1.94584019206e-08
541	-1.92807668422e-08
542	-1.91031317639e-08
543	-1.89254966856e-08
544	-1.87478616073e-08
545	-1.8570226529e-08
546	-1.83925914506e-08
547	-1.82149563723e-08
548	-1.8037321294e-08
549	-1.78596862157e-08
550	-1.76820511374e-08
551	-1.75044160591e-08
552	-1.73267809807e-08
553	-1.71491459024e-08
554	-1.69715108241e-08
555	-1.67938757458e-08
556	-1.66162406675e-08
557	-1.64386055891e-08
558	-1.62609705108e-08
559	-1.60833354325e-08
560	-1.59057003542e-08
561	-1.57280652759e-08
562	-1.55504301976e-08
563	-1.54661684298e-08
564	-1.54752815999e-08
565	-1.54843947701e-08
566	-1.54935079403e-08
567	-1.55026211104e-08
568	-1.55117342806e-08
569	-1.55208474508e-08
570	-1.55299606209e-08
571	-1.55390737911e-08
572	-1.55481869613e-08
573	-1.55573001314e-08
574	-1.55664133016e-08
575	-1.55755264718e-08
576	-1.55846396419e-08
577	-1.55937528121e-08
578	-1.56028659823e-08
579	-1.56119791524e-08
580	-1.56210923226e-08
581	-1.56302054928e-08
582	-1.56393186629e-08
583	-1.56484318331e-08
584	-1.56575450033e-08
585	-1.56666581734e-08
586	-1.56757713436e-08
587	-1.56848845138e-08
588	-1.56681000497e-08
589	-1.56254174799e-08
590	-1.558273491e-08
591	-1.55400523402e-08
592	-1.54973697704e-08
593	-1.54546872006e-08
594	-1.54120046308e-08
595	-1.5369322061e-08
596	-1.53266394911e-08
597	-1.52839569213e-08
598	-1.52412743515e-08
599	-1.51985917817e-08
600	-1.51559092119e-08
601	-1.5113226642e-08
602	-1.50705440722e-08
603	-1.50278615024e-08
604	-1.49851789326e-08
605	-1.49424963628e-08
606	-1.4899813793e-08
607	-1.48571312231e-08
608	-1.48144486533e-08
609	-1.47717660835e-08
610	-1.47290835137e-08
611	-1.46864009439e-08
612	-1.46437183741e-08
613	-1.45164702041e-08
614	-1.4304654829e-08
615	-1.4092839454e-08
616	-1.38810240789e-08
617	-1.36692087038e-08
618	-1.34573933288e-08
619	-1.32455779537e-08
620	-1.30337625786e-08
621	-1.28219472036e-08
622	-1.26101318285e-08
623	-1.23983164534e-08
624	-1.21865010783e-08
625	-1.19746857033e-08
626	-1.17628703282e-08
627	-1.15510549531e-08
628	-1.13392395781e-08
629	-1.1127424203e-08
630	-1.09156088279e-08
631	-1.07037934529e-08
632	-1.04919780778e-08
633	-1.02801627027e-08
634	-1.00683473277e-08
635	-9.85653195261e-09
636	-9.64471657754e-09
637	-9.43290120247e-09
638	-8.73345016292e-09
639	-7.5463538264e-09
640	-6.35925748988e-09
641	-5.17216115336e-09
642	-3.98506481683e-09
643	-2.79796848031e-09
644	-1.61087214379e-09
645	-4.23775807271e-10
646	7.6332052925e-10
647	1.95041686577e-09
648	3.13751320229e-09
649	4.32460953881e-09
650	5.51170587533e-09
651	6.69880221185e-09
652	7.88589854838e-09
653	9.0729948849e-09
654	1.02600912214e-08
655	1.14471875579e-08
656	1.26342838945e-08
657	1.3821380231e-08
658	1.50084765675e-08
659	1.6195572904e-08
660	1.73826692405e-08
661	1.85697655771e-08
662	1.97568619136e-08
663	2.25075191259e-08
664	2.68217693109e-08
665	3.11360194959e-08
666	3.5450269681e-08
667	3.9764519866e-08
668	4.4078770051e-08
669	4.8393020236e-08
670	5.27072704211e-08
671	5.70215206061e-08
672	6.13357707911e-08
673	6.56500209761e-08
674	6.99642711612e-08
675	7.42785213462e-08
676	7.85927715312e-08
677	8.29070217162e-08
678	8.72212719012e-08
679	9.15355220863e-08
680	9.58497722713e-08
681	1.00164022456e-07
682	1.04478272641e-07
683	1.08792522826e-07
684	1.13106773011e-07
685	1.17421023196e-07
686	1.21735273381e-07
687	1.26049523566e-07
688	1.43749976488e-07
689	1.74836917308e-07
690	2.05923858129e-07
691	2.37010798949e-07
692	2.68097739769e-07
693	2.9918468059e-07
694	3.3027162141e-07
695	3.6135856223e-07
696	3.92445503051e-07
697	4.23532443871e-07
698	4.54619384692e-07
699	4.85706325512e-07
700	5.16793266332e-07
701	5.47880207153e-07
702	5.78967147973e-07
703	6.10054088793e-07
704	6.41141029614e-07
705	6.72227970434e-07
706	7.03314911255e-07
707	7.34401852075e-07
708	7.65488792895e-07
709	7.96575733716e-07
710	8.27662674536e-07
711	8.58749615356e-07
712	8.89836556177e-07
713	9.12003623343e-07
714	9.25250619927e-07
715	9.38497616512e-07
716	9.51744613096e-07
717	9.6499160968e-07
718	9.78238606265e-07
719	9.91485602849e-07
720	1.00473259943e-06
721	1.01797959602e-06
722	1.0312265926e-06
723	1.04447358919e-06
724	1.05772058577e-06
725	1.07096758236e-06
726	1.08421457894e-06
727	1.09746157552e-06
728	1.11070857211e-06
729	1.12395556869e-06
730	1.13720256528e-06
731	1.15044956186e-06
732	1.16369655845e-06
733	1.17694355503e-06
734	1.19019055161e-06
735	1.2034375482e-06
736	1.21668454478e-06
737	1.22993154137e-06
738	1.23378571345e-06
739	1.22824684638e-06
740	1.2227079793e-06
741	1.21716911223e-06
742	1.21163024516e-06
743	1.20609137809e-06
744	1.20055251102e-06
745	1.19501364395e-06
746	1.18947477688e-06
747	1.1839359098e-06
748	1.17839704273e-06
749	1.17285817566e-06
750	1.16731930859e-06
751	1.16178044152e-06
752	1.15624157445e-06
753	1.15070270738e-06
754	1.14516384031e-06
755	1.13962497323e-06
756	1.13408610616e-06
757	1.12854723909e-06
758	1.12300837202e-06
759	1.11746950495e-06
760	1.11193063788e-06
761	1.10639177081e-06
762	1.10085290374e-06
763	1.10209276556e-06
764	1.11011151645e-06
765	1.11813026733e-06
766	1.12614901822e-06
767	1.13416776911e-06
768	1.14218651999e-06
769	1.15020527088e-06
770	1.15822402176e-06
771	1.16624277265e-06
772	1.17426152354e-06
773	1.18228027442e-06
774	1.19029902531e-06
775	1.19831777619e-06
776	1.20633652708e-06
777	1.21435527796e-06
778	1.22237402885e-06
779	1.23039277974e-06
780	1.23841153062e-06
781	1.24643028151e-06
782	1.25444903239e-06
783	1.26246778328e-06
784	1.27048653417e-06
785	1.27850528505e-06
786	1.28652403594e-06
787	1.29454278682e-06
788	1.29627598e-06
789	1.29172346209e-06
790	1.28717094418e-06
791	1.28261842628e-06
792	1.27806590837e-06
793	1.27351339046e-06
794	1.26896087255e-06
795	1.26440835465e-06
796	1.25985583674e-06
797	1.25530331883e-06
798	1.25075080092e-06
799	1.24619828302e-06
800	1.24164576511e-06
801	1.2370932472e-06
802	1.23254072929e-06
803	1.22798821139e-06
804	1.22343569348e-06
805	1.21888317557e-06
806	1.21433065766e-06
807	1.20977813976e-06
808	1.20522562185e-06
809	1.20067310394e-06
810	1.19612058603e-06
811	1.19156806812e-06
812	1.18701555022e-06
813	1.1866927368e-06
814	1.19059973436e-06
815	1.19450673193e-06
816	1.19841372949e-06
817	1.20232072705e-06
818	1.20622772462e-06
819	1.21013472218e-06
820	1.21404171974e-06
821	1.2179487173e-06
822	1.22185571487e-06
823	1.22576271243e-06
824	1.22966970999e-06
825	1.23357670756e-06
826	1.23748370512e-06
827	1.24139070268e-06
828	1.24529770024e-06
829	1.24920469781e-06
830	1.25311169537e-06
831	1.25701869293e-06
832	1.2609256905e-06
833	1.26483268806e-06
834	1.26873968562e-06
835	1.27264668318e-06
836	1.27655368075e-06
837	1.28046067831e-06
838	1.28346992157e-06
839	1.28558138724e-06
840	1.2876928529e-06
841	1.28980431857e-06
842	1.29191578423e-06
843	1.2940272499e-06
844	1.29613871556e-06
845	1.29825018123e-06
846	1.30036164689e-06
847	1.30247311256e-06
848	1.30458457822e-06
849	1.30669604389e-06
850	1.30880750955e-06
851	1.31091897522e-06
852	1.31303044088e-06
853	1.31514190655e-06
854	1.31725337221e-06
855	1.31936483788e-06
856	1.32147630354e-06
857	1.3235877692e-06
858	1.32569923487e-06
859	1.32781070053e-06
860	1.3299221662e-06
861	1.33203363186e-06
862	1.33414509753e-06
863	1.32504032422e-06
864	1.30471901218e-06
865	1.28439770015e-06
866	1.26407638811e-06
867	1.24375507607e-06
868	1.22343376404e-06
869	1.203112452e-06
870	1.18279113996e-06
871	1.16246982793e-06
872	1.14214851589e-06
873	1.12182720385e-06
874	1.10150589181e-06
875	1.08118457978e-06
876	1.06086326774e-06
877	1.0405419557e-06
878	1.02022064367e-06
879	9.99899331629e-07
880	9.79578019592e-07
881	9.59256707555e-07
882	9.38935395518e-07
883	9.1861408348e-07
884	8.98292771443e-07
885	8.77971459406e-07
886	8.57650147369e-07
887	8.37328835332e-07
888	8.34593131973e-07
889	8.49443520896e-07
890	8.64293909819e-07
891	8.79144298741e-07
892	8.93994687664e-07
893	9.08845076587e-07
894	9.23695465509e-07
895	9.38545854432e-07
896	9.53396243355e-07
897	9.68246632278e-07
898	9.830970212e-07
899	9.97947410123e-07
900	1.01279779905e-06
901	1.02764818797e-06
902	1.04249857689e-06
903	1.05734896581e-06
904	1.07219935474e-06
905	1.08704974366e-06
906	1.10190013258e-06
907	1.11675052151e-06
908	1.13160091043e-06
909	1.14645129935e-06
910	1.16130168827e-06
911	1.1761520772e-06
912	1.19100246612e-06
913	1.19249202759e-06
914	1.18062038383e-06
915	1.16874874007e-06
916	1.15687709631e-06
917	1.14500545255e-06
918	1.13313380879e-06
919	1.12126216503e-06
920	1.10939052127e-06
921	1.09751887751e-06
922	1.08564723375e-06
923	1.07377558999e-06
924	1.06190394623e-06
925	1.05003230247e-06
926	1.03816065871e-06
927	1.02628901495e-06
928	1.01441737119e-06
929	1.00254572743e-06
930	9.90674083673e-07
931	9.78802439913e-07
932	9.66930796153e-07
933	9.55059152394e-07
934	9.43187508634e-07
935	9.31315864875e-07
936	9.19444221115e-07
937	9.07572577355e-07
938	9.0302857463e-07
939	9.05812425801e-07
940	9.08596276972e-07
941	9.11380128143e-07
942	9.14163979314e-07
943	9.16947830485e-07
944	9.19731681656e-07
945	9.22515532827e-07
946	9.25299383998e-07
947	9.2808323517e-07
948	9.30867086341e-07
949	9.33650937512e-07
950	9.36434788683e-07
951	9.39218639854e-07
952	9.42002491025e-07
953	9.44786342196e-07
954	9.47570193367e-07
955	9.50354044538e-07
956	9.53137895709e-07
957	9.55921746881e-07
958	9.58705598052e-07
959	9.61489449223e-07
960	9.64273300394e-07
961	9.67057151565e-07
962	9.69841002736e-07
963	9.6465061995e-07
964	9.51485765385e-07
965	9.38320910819e-07
966	9.25156056254e-07
967	9.11991201688e-07
968	8.98826347122e-07
969	8.85661492557e-07
970	8.72496637991e-07
971	8.59331783426e-07
972	8.4616692886e-07
973	8.33002074294e-07
974	8.19837219729e-07
975	8.06672365163e-07
976	7.93507510598e-07
977	7.80342656032e-07
978	7.67177801466e-07
979	7.54012946901e-07
980	7.40848092335e-07
981	7.2768323777e-07
982	7.14518383204e-07
983	7.01353528638e-07
984	6.88188674073e-07
985	6.75023819507e-07
986	6.61858964942e-07
987	6.48694110376e-07
988	6.35955342836e-07
989	6.23642675359e-07
990	6.11330007882e-07
991	5.99017340405e-07
992	5.86704672929e-07
993	5.74392005452e-07
994	5.62079337975e-07
995	5.49766670498e-07
996	5.37454003021e-07
997	5.25141335544e-07
998	5.12828668068e-07
999	5.00516000591e-07
1000	4.88203333114e-07
1001	4.75890665637e-07
1002	4.6357799816e-07
1003	4.51265330683e-07
1004	4.38952663206e-07
1005	4.2663999573e-07
1006	4.14327328253e-07
1007	4.02014660776e-07
1008	3.89701993299e-07
1009	3.77389325822e-07
1010	3.65076658345e-07
1011	3.52763990869e-07
1012	3.40451323392e-07
1013	3.23850738242e-07
1014	3.02962100893e-07
1015	2.82073463544e-07
1016	2.61184826195e-07
1017	2.40296188846e-07
1018	2.19407551498e-07
1019	1.98518914149e-07
1020	1.776302768e-07
1021	1.56741639451e-07
1022	1.35853002102e-07
1023	1.14964364753e-07
1024	9.40757274043e-08
1025	7.31870900555e-08
1026	5.22984527066e-08
1027	3.14098153577e-08
1028	1.05211780088e-08
1029	-1.036745934e-08
1030	-3.12560966889e-08
1031	-5.21447340378e-08
1032	-7.30333713867e-08
1033	-9.39220087355e-08
1034	-1.14810646084e-07
1035	-1.35699283433e-07
1036	-1.56587920782e-07
1037	-1.77476558131e-07
1038	-2.33675407398e-07
1039	-3.25185603734e-07
1040	-4.16695800069e-07
1041	-5.08205996405e-07
1042	-5.99716192741e-07
1043	-6.91226389076e-07
1044	-7.82736585412e-07
1045	-8.74246781748e-07
1046	-9.65756978083e-07
1047	-1.05726717442e-06
1048	-1.14877737075e-06
1049	-1.24028756709e-06
1050	-1.33179776343e-06
1051	-1.42330795976e-06
1052	-1.5148181561e-06
1053	-1.60632835243e-06
1054	-1.69783854877e-06
1055	-1.7893487451e-06
1056	-1.88085894144e-06
1057	-1.97236913778e-06
1058	-2.06387933411e-06
1059	-2.15538953045e-06
1060	-2.24689972678e-06
1061	-2.33840992312e-06
1062	-2.42992011945e-06
1063	-2.63720382192e-06
1064	-2.96026484208e-06
1065	-3.28332586224e-06
1066	-3.6063868824e-06
1067	-3.92944790256e-06
1068	-4.25250892272e-06
1069	-4.57556994288e-06
1070	-4.89863096304e-06
1071	-5.22169198321e-06
1072	-5.54475300337e-06
1073	-5.86781402353e-06
1074	-6.19087504369e-06
1075	-6.51393606385e-06
1076	-6.83699708401e-06
1077	-7.16005810417e-06
1078	-7.48311912433e-06
1079	-7.80618014449e-06
1080	-8.12924116465e-06
1081	-8.45230218481e-06
1082	-8.77536320497e-06
1083	-9.09842422513e-06
1084	-9.42148524529e-06
1085	-9.74454626545e-06
1086	-1.00676072856e-05
1087	-1.03906683058e-05
1088	-1.15885267173e-05
1089	-1.36612119985e-05
1090	-1.57338972796e-05
1091	-1.78065825608e-05
1092	-1.98792678419e-05
1093	-2.19519531231e-05
1094	-2.40246384043e-05
1095	-2.60973236854e-05
1096	-2.81700089666e-05
1097	-3.02426942477e-05
1098	-3.23153795289e-05
1099	-3.43880648101e-05
1100	-3.64607500912e-05
1101	-3.85334353724e-05
1102	-4.06061206535e-05
1103	-4.26788059347e-05
1104	-4.47514912158e-05
1105	-4.6824176497e-05
1106	-4.88968617782e-05
1107	-5.09695470593e-05
1108	-5.30422323405e-05
1109	-5.51149176216e-05
1110	-5.71876029028e-05
1111	-5.9260288184e-05
1112	-6.13329734651e-05
1113	-6.24517619151e-05
1114	-6.26166206511e-05
1115	-6.27814793871e-05
1116	-6.29463381231e-05
1117	-6.31111968592e-05
1118	-6.32760555952e-05
1119	-6.34409143312e-05
1120	-6.36057730673e-05
1121	-6.37706318033e-05
1122	-6.39354905393e-05
1123	-6.41003492754e-05
1124	-6.42652080114e-05
1125	-6.44300667474e-05
1126	-6.45949254835e-05
1127	-6.47597842195e-05
1128	-6.49246429555e-05
1129	-6.50895016916e-05
1130	-6.52543604276e-05
1131	-6.54192191636e-05
1132	-6.55840778997e-05
1133	-6.57489366357e-05
1134	-6.59137953717e-05
1135	-6.60786541078e-05
1136	-6.62435128438e-05
1137	-6.64083715798e-05
1138	-6.66419232087e-05
1139	-6.69441701517e-05
1140	-6.72464170946e-05
1141	-6.75486640376e-05
1142	-6.78509109806e-05
1143	-6.81531579235e-05
1144	-6.84554048665e-05
1145	-6.87576518094e-05
1146	-6.90598987524e-05
1147	-6.93621456954e-05
1148	-6.96643926383e-05
1149	-6.99666395813e-05
1150	-7.02688865242e-05
1151	-7.05711334672e-05
1152	-7.08733804102e-05
1153	-7.11756273531e-05
1154	-7.14778742961e-05
1155	-7.1780121239e-05
1156	-7.2082368182e-05
1157	-7.2384615125e-05
1158	-7.26868620679e-05
1159	-7.29891090109e-05
1160	-7.32913559538e-05
1161	-7.35936028968e-05
1162	-7.38958498398e-05
1163	-7.37201440057e-05
1164	-7.30664681783e-05
1165	-7.24127923508e-05
1166	-7.17591165233e-05
1167	-7.11054406959e-05
1168	-7.04517648684e-05
1169	-6.97980890409e-05
1170	-6.91444132135e-05
1171	-6.8490737386e-05
1172	-6.78370615585e-05
1173	-6.7183385731e-05
1174	-6.65297099036e-05
1175	-6.58760340761e-05
1176	-6.52223582486e-05
1177	-6.45686824212e-05
1178	-6.39150065937e-05
1179	-6.32613307662e-05
1180	-6.26076549388e-05
1181	-6.19539791113e-05
1182	-6.13003032838e-05
1183	-6.06466274564e-05
1184	-5.99929516289e-05
1185	-5.93392758014e-05
1186	-5.86855999739e-05
1187	-5.80319241465e-05
1188	-5.78438082423e-05
1189	-5.81212693922e-05
1190	-5.8398730542e-05
1191	-5.86761916918e-05
1192	-5.89536528417e-05
1193	-5.92311139915e-05
1194	-5.95085751414e-05
1195	-5.97860362912e-05
1196	-6.0063497441e-05
1197	-6.03409585909e-05
1198	-6.06184197407e-05
1199	-6.08958808906e-05
1200	-6.11733420404e-05
1201	-6.14508031902e-05
1202	-6.17282643401e-05
1203	-6.20057254899e-05
1204	-6.22831866398e-05
1205	-6.25606477896e-05
1206	-6.28381089394e-05
1207	-6.31155700893e-05
1208	-6.33930312391e-05
1209	-6.3670492389e-05
1210	-6.39479535388e-05
1211	-6.42254146886e-05
1212	-6.45028758385e-05
1213	-6.44650998223e-05
1214	-6.41120747964e-05
1215	-6.37590497704e-05
1216	-6.34060247445e-05
1217	-6.30529997186e-05
1218	-6.26999746927e-05
1219	-6.23469496668e-05
1220	-6.19939246409e-05
1221	-6.1640899615e-05
1222	-6.1287874589e-05
1223	-6.09348495631e-05
1224	-6.05818245372e-05
1225	-6.02287995113e-05
1226	-5.98757744854e-05
1227	-5.95227494595e-05
1228	-5.91697244336e-05
1229	-5.88166994077e-05
1230	-5.84636743817e-05
1231	-5.81106493558e-05
1232	-5.77576243299e-05
1233	-5.7404599304e-05
1234	-5.70515742781e-05
1235	-5.66985492522e-05
1236	-5.63455242263e-05
1237	-5.59924992003e-05
1238	-5.59893173468e-05
1239	-5.63359920806e-05
1240	-5.66826668143e-05
1241	-5.70293415481e-05
1242	-5.73760162818e-05
1243	-5.77226910155e-05
1244	-5.80693657493e-05
1245	-5.8416040483e-05
1246	-5.87627152168e-05
1247	-5.91093899505e-05
1248	-5.94560646842e-05
1249	-5.9802739418e-05
1250	-6.01494141517e-05
1251	-6.04960888855e-05
1252	-6.08427636192e-05
1253	-6.11894383529e-05
1254	-6.15361130867e-05
1255	-6.18827878204e-05
1256	-6.22294625542e-05
1257	-6.25761372879e-05
1258	-6.29228120216e-05
1259	-6.32694867554e-05
1260	-6.36161614891e-05
1261	-6.39628362229e-05
1262	-6.43095109566e-05
1263	-6.40730911629e-05
1264	-6.32535540312e-05
1265	-6.24340168996e-05
1266	-6.16144797679e-05
1267	-6.07949426362e-05
1268	-5.99754055045e-05
1269	-5.91558683728e-05
1270	-5.83363312411e-05
1271	-5.75167941094e-05
1272	-5.66972569777e-05
1273	-5.5877719846e-05
1274	-5.50581827143e-05
1275	-5.42386455827e-05
1276	-5.3419108451e-05
1277	-5.25995713193e-05
1278	-5.17800341876e-05
1279	-5.09604970559e-05
1280	-5.01409599242e-05
1281	-4.93214227925e-05
1282	-4.85018856608e-05
1283	-4.76823485291e-05
1284	-4.68628113974e-05
1285	-4.60432742657e-05
1286	-4.52237371341e-05
1287	-4.44042000024e-05
1288	-4.39554404192e-05
1289	-4.38774731765e-05
1290	-4.37995059338e-05
1291	-4.37215386911e-05
1292	-4.36435714485e-05
1293	-4.35656042058e-05
1294	-4.34876369631e-05
1295	-4.34096697204e-05
1296	-4.33317024778e-05
1297	-4.32537352351e-05
1298	-4.31757679924e-05
1299	-4.30978007497e-05
1300	-4.3019833507e-05
1301	-4.29418662644e-05
1302	-4.28638990217e-05
1303	-4.2785931779e-05
1304	-4.27079645363e-05
1305	-4.26299972937e-05
1306	-4.2552030051e-05
1307	-4.24740628083e-05
1308	-4.23960955656e-05
1309	-4.23181283229e-05
1310	-4.22401610803e-05
1311	-4.21621938376e-05
1312	-4.20842265949e-05
1313	-4.20401812672e-05
1314	-4.20300592339e-05
1315	-4.20199372006e-05
1316	-4.20098151674e-05
1317	-4.19996931341e-05
1318	-4.19895711009e-05
1319	-4.19794490676e-05
1320	-4.19693270344e-05
1321	-4.19592050011e-05
1322	-4.19490829678e-05
1323	-4.19389609346e-05
1324	-4.19288389013e-05
1325	-4.19187168681e-05
1326	-4.19085948348e-05
1327	-4.18984728016e-05
1328	-4.18883507683e-05
1329	-4.1878228735e-05
1330	-4.18681067018e-05
1331	-4.18579846685e-05
1332	-4.18478626353e-05
1333	-4.1837740602e-05
1334	-4.18276185688e-05
1335	-4.18174965355e-05
1336	-4.18073745022e-05
1337	-4.1797252469e-05
1338	-4.15281557483e-05
1339	-4.10000736073e-05
1340	-4.04719914663e-05
1341	-3.99439093253e-05
1342	-3.94158271842e-05
1343	-3.88877450432e-05
1344	-3.83596629022e-05
1345	-3.78315807612e-05
1346	-3.73034986202e-05
1347	-3.67754164791e-05
1348	-3.62473343381e-05
1349	-3.57192521971e-05
1350	-3.51911700561e-05
1351	-3.46630879151e-05
1352	-3.4135005774e-05
1353	-3.3606923633e-05
1354	-3.3078841492e-05
1355	-3.2550759351e-05
1356	-3.202267721e-05
1357	-3.14945950689e-05
1358	-3.09665129279e-05
1359	-3.04384307869e-05
1360	-2.99103486459e-05
1361	-2.93822665049e-05
1362	-2.88541843638e-05
1363	-2.84433620571e-05
1364	-2.81498045352e-05
1365	-2.78562470132e-05
1366	-2.75626894913e-05
1367	-2.72691319694e-05
1368	-2.69755744474e-05
1369	-2.66820169255e-05
1370	-2.63884594036e-05
1371	-2.60949018817e-05
1372	-2.58013443597e-05
1373	-2.55077868378e-05
1374	-2.52142293159e-05
1375	-2.49206717939e-05
1376	-2.4627114272e-05
1377	-2.43335567501e-05
1378	-2.40399992281e-05
1379	-2.37464417062e-05
1380	-2.34528841843e-05
1381	-2.31593266624e-05
1382	-2.28657691404e-05
1383	-2.25722116185e-05
1384	-2.22786540966e-05
1385	-2.19850965746e-05
1386	-2.16915390527e-05
1387	-2.13979815308e-05
1388	-2.08598072465e-05
1389	-2.00770056831e-05
1390	-1.92942041196e-05
1391	-1.85114025562e-05
1392	-1.77286009928e-05
1393	-1.69457994293e-05
1394	-1.61629978659e-05
1395	-1.53801963024e-05
1396	-1.4597394739e-05
1397	-1.38145931756e-05
1398	-1.30317916121e-05
1399	-1.22489900487e-05
1400	-1.14661884852e-05
1401	-1.06833869218e-05
1402	-9.90058535834e-06
1403	-9.1177837949e-06
1404	-8.33498223146e-06
1405	-7.55218066802e-06
1406	-6.76937910457e-06
1407	-5.98657754113e-06
1408	-5.20377597769e-06
1409	-4.42097441425e-06
1410	-3.63817285081e-06
1411	-2.85537128736e-06
1412	-2.07256972392e-06
1413	-1.05308084525e-06
1414	2.03105707958e-07
1415	1.45929226117e-06
1416	2.71547881438e-06
1417	3.97166536759e-06
1418	5.2278519208e-06
1419	6.48403847401e-06
1420	7.74022502722e-06
1421	8.99641158043e-06
1422	1.02525981336e-05
1423	1.15087846868e-05
1424	1.27649712401e-05
1425	1.40211577933e-05
1426	1.52773443465e-05
1427	1.65335308997e-05
1428	1.77897174529e-05
1429	1.90459040061e-05
1430	2.03020905593e-05
1431	2.15582771125e-05
1432	2.28144636657e-05
1433	2.40706502189e-05
1434	2.53268367722e-05
1435	2.65830233254e-05
1436	2.78392098786e-05
1437	2.90953964318e-05
1438	3.20936870377e-05
1439	3.68341592943e-05
1440	4.15746315509e-05
1441	4.63151038074e-05
1442	5.1055576064e-05
1443	5.57960483205e-05
1444	6.05365205771e-05
1445	6.52769928337e-05
1446	7.00174650902e-05
1447	7.47579373468e-05
1448	7.94984096033e-05
1449	8.42388818599e-05
1450	8.89793541164e-05
1451	9.3719826373e-05
1452	9.84602986296e-05
1453	0.000103200770886
1454	0.000107941243143
1455	0.000112681715399
1456	0.000117422187656
1457	0.000122162659912
1458	0.000126903132169
1459	0.000131643604425
1460	0.000136384076682
1461	0.000141124548939
1462	0.000145865021195
1463	0.000154209432924
1464	0.000166157947447
1465	0.00017810646197
1466	0.000190054976493
1467	0.000202003491016
1468	0.000213952005539
1469	0.000225900520061
1470	0.000237849034584
1471	0.000249797549107
1472	0.00026174606363
1473	0.000273694578153
1474	0.000285643092676
1475	0.000297591607198
1476	0.000309540121721
1477	0.000321488636244
1478	0.000333437150767
1479	0.00034538566529
1480	0.000357334179813
1481	0.000369282694336
1482	0.000381231208858
1483	0.000393179723381
1484	0.000405128237904
1485	0.000417076752427
1486	0.00042902526695
1487	0.000440973781473
1488	0.000496787204284
1489	0.000596467557204
1490	0.000696147910124
1491	0.000795828263044
1492	0.000895508615964
1493	0.000995188968884
1494	0.0010948693218
1495	0.00119454967472
1496	0.00129423002764
1497	0.00139391038056
1498	0.00149359073348
1499	0.0015932710864
1500	0.00169295143932
1501	0.00179263179224
1502	0.00189231214516
1503	0.00199199249808
1504	0.002091672851
1505	0.00219135320392
1506	0.00229103355684
1507	0.00239071390976
1508	0.00249039426268
1509	0.0025900746156
1510	0.00268975496852
1511	0.00278943532144
1512	0.00288911567436
1513	0.00293696402676
1514	0.00293297794944
1515	0.00292899187213
1516	0.00292500579481
1517	0.0029210197175
1518	0.00291703364018
1519	0.00291304756287
1520	0.00290906148555
1521	0.00290507540824
1522	0.00290108933092
1523	0.00289710325361
1524	0.00289311717629
1525	0.00288913109898
1526	0.00288514502166
1527	0.00288115894435
1528	0.00287717286703
1529	0.00287318678972
1530	0.0028692007124
1531	0.00286521463509
1532	0.00286122855777
1533	0.00285724248046
1534	0.00285325640314
1535	0.00284927032583
1536	0.00284528424851
1537	0.0028412981712
1538	0.00285170279818
1539	0.00287649881505
1540	0.00290129483192
1541	0.00292609084879
1542	0.00295088686565
1543	0.00297568288252
1544	0.00300047889939
1545	0.00302527491626
1546	0.00305007093313
1547	0.00307486695
1548	0.00309966296686
1549	0.00312445898373
1550	0.0031492550006
1551	0.00317405101747
1552	0.00319884703434
1553	0.00322364305121
1554	0.00324843906808
1555	0.00327323508494
1556	0.00329803110181
1557	0.00332282711868
1558	0.00334762313555
1559	0.00337241915242
1560	0.00339721516929
1561	0.00342201118615
1562	0.00344680720302
1563	0.00345071662472
1564	0.00343373844001
1565	0.0034167602553
1566	0.00339978207058
1567	0.00338280388587
1568	0.00336582570116
1569	0.00334884751644
1570	0.00333186933173
1571	0.00331489114702
1572	0.0032979129623
1573	0.00328093477759
1574	0.00326395659288
1575	0.00324697840817
1576	0.00323000022345
1577	0.00321302203874
1578	0.00319604385403
1579	0.00317906566931
1580	0.0031620874846
1581	0.00314510929989
1582	0.00312813111517
1583	0.00311115293046
1584	0.00309417474575
1585	0.00307719656103
1586	0.00306021837632
1587	0.00304324019161
1588	0.0030311589136
1589	0.00302397478316
1590	0.00301679065273
1591	0.0030096065223
1592	0.00300242239187
1593	0.00299523826144
1594	0.00298805413101
1595	0.00298087000058
1596	0.00297368587015
1597	0.00296650173972
1598	0.00295931760928
1599	0.00295213347885
1600	0.00294494934842
1601	0.00293776521799
1602	0.00293058108756
1603	0.00292339695713
1604	0.0029162128267
1605	0.00290902869627
1606	0.00290184456584
1607	0.00289466043541
1608	0.00288747630497
1609	0.00288029217454
1610	0.00287310804411
1611	0.00286592391368
1612	0.00285873978325
1613	0.00285336349492
1614	0.00284979513902
1615	0.00284622678312
1616	0.00284265842721
1617	0.00283909007131
1618	0.00283552171541
1619	0.00283195335951
1620	0.00282838500361
1621	0.00282481664771
1622	0.00282124829181
1623	0.00281767993591
1624	0.00281411158
1625	0.0028105432241
1626	0.0028069748682
1627	0.0028034065123
1628	0.0027998381564
1629	0.0027962698005
1630	0.0027927014446
1631	0.00278913308869
1632	0.00278556473279
1633	0.00278199637689
1634	0.00277842802099
1635	0.00277485966509
1636	0.00277129130919
1637	0.00276772295329
1638	0.00275065953939
1639	0.00272010038276
1640	0.00268954122613
1641	0.00265898206951
1642	0.00262842291288
1643	0.00259786375625
1644	0.00256730459962
1645	0.00253674544299
1646	0.00250618628637
1647	0.00247562712974
1648	0.00244506797311
1649	0.00241450881648
1650	0.00238394965985
1651	0.00235339050323
1652	0.0023228313466
1653	0.00229227218997
1654	0.00226171303334
1655	0.00223115387671
1656	0.00220059472009
1657	0.00217003556346
1658	0.00213947640683
1659	0.0021089172502
1660	0.00207835809357
1661	0.00204779893695
1662	0.00201723978032
1663	0.00201501642657
1664	0.00204113033542
1665	0.00206724424427
1666	0.00209335815312
1667	0.00211947206197
1668	0.00214558597082
1669	0.00217169987967
1670	0.00219781378852
1671	0.00222392769737
1672	0.00225004160622
1673	0.00227615551507
1674	0.00230226942392
1675	0.00232838333277
1676	0.00235449724162
1677	0.00238061115047
1678	0.00240672505932
1679	0.00243283896817
1680	0.00245895287702
1681	0.00248506678587
1682	0.00251118069472
1683	0.00253729460357
1684	0.00256340851242
1685	0.00258952242127
1686	0.00261563633012
1687	0.00264175023897
1688	0.00265005353978
1689	0.00264054530124
1690	0.0026310370627
1691	0.00262152882415
1692	0.00261202058561
1693	0.00260251234707
1694	0.00259300410852
1695	0.00258349586998
1696	0.00257398763144
1697	0.0025644793929
1698	0.00255497115435
1699	0.00254546291581
1700	0.00253595467727
1701	0.00252644643872
1702	0.00251693820018
1703	0.00250742996164
1704	0.0024979217231
1705	0.00248841348455
1706	0.00247890524601
1707	0.00246939700747
1708	0.00245988876892
1709	0.00245038053038
1710	0.00244087229184
1711	0.0024313640533
1712	0.00242185581475
1713	0.00241358324767
1714	0.0024065464176
1715	0.00239950958754
1716	0.00239247275748
1717	0.00238543592742
1718	0.00237839909736
1719	0.0023713622673
1720	0.00236432543723
1721	0.00235728860717
1722	0.00235025177711
1723	0.00234321494705
1724	0.00233617811699
1725	0.00232914128693
1726	0.00232210445687
1727	0.0023150676268
1728	0.00230803079674
1729	0.00230099396668
1730	0.00229395713662
1731	0.00228692030656
1732	0.0022798834765
1733	0.00227284664644
1734	0.00226580981637
1735	0.00225877298631
1736	0.00225173615625
1737	0.00224469932619
1738	0.00224573772738
1739	0.00225485179459
1740	0.00226396586179
1741	0.00227307992899
1742	0.0022821939962
1743	0.0022913080634
1744	0.00230042213061
1745	0.00230953619781
1746	0.00231865026502
1747	0.00232776433222
1748	0.00233687839942
1749	0.00234599246663
1750	0.00235510653383
1751	0.00236422060104
1752	0.00237333466824
1753	0.00238244873545
1754	0.00239156280265
1755	0.00240067686985
1756	0.00240979093706
1757	0.00241890500426
1758	0.00242801907147
1759	0.00243713313867
1760	0.00244624720588
1761	0.00245536127308
1762	0.00246447534029
1763	0.00246431003746
1764	0.00245486485782
1765	0.00244541967817
1766	0.00243597449853
1767	0.00242652931889
1768	0.00241708413925
1769	0.00240763895961
1770	0.00239819377997
1771	0.00238874860033
1772	0.00237930342069
1773	0.00236985824105
1774	0.00236041306141
1775	0.00235096788177
1776	0.00234152270213
1777	0.00233207752249
1778	0.00232263234285
1779	0.00231318716321
1780	0.00230374198357
1781	0.00229429680393
1782	0.00228485162429
1783	0.00227540644464
1784	0.002265961265
1785	0.00225651608536
1786	0.00224707090572
1787	0.00223762572608
1788	0.00224075598742
1789	0.00225646238627
1790	0.00227216878513
1791	0.00228787518398
1792	0.00230358158283
1793	0.00231928798168
1794	0.00233499438053
1795	0.00235070077938
1796	0.00236640717823
1797	0.00238211357708
1798	0.00239781997594
1799	0.00241352637479
1800	0.00242923277364
1801	0.00244493917249
1802	0.00246064557134
1803	0.00247635197019
1804	0.00249205836904
1805	0.0025077647679
1806	0.00252347116675
1807	0.0025391775656
1808	0.00255488396445
1809	0.0025705903633
1810	0.00258629676215
1811	0.002602003161
1812	0.00261770955985
1813	0.00260995986539
1814	0.00257875276025
1815	0.00254754565511
1816	0.00251633854997
1817	0.00248513144483
1818	0.00245392433969
1819	0.00242271723455
1820	0.0023915101294
1821	0.00236030302426
1822	0.00232909591912
1823	0.00229788881398
1824	0.00226668170884
1825	0.0022354746037
1826	0.00220426749856
1827	0.00217306039342
1828	0.00214185328828
1829	0.00211064618314
1830	0.002079439078
1831	0.00204823197286
1832	0.00201702486772
1833	0.00198581776258
1834	0.00195461065744
1835	0.0019234035523
1836	0.00189219644716
1837	0.00186098934201
1838	0.00184905183225
1839	0.00185638501501
1840	0.00186371819778
1841	0.00187105138054
1842	0.00187838456331
1843	0.00188571774607
1844	0.00189305092884
1845	0.0019003841116
1846	0.00190771729437
1847	0.00191505047713
1848	0.0019223836599
1849	0.00192971684266
1850	0.00193705002543
1851	0.0019443832082
1852	0.00195171639096
1853	0.00195904957373
1854	0.00196638275649
1855	0.00197371593926
1856	0.00198104912202
1857	0.00198838230479
1858	0.00199571548755
1859	0.00200304867032
1860	0.00201038185308
1861	0.00201771503585
1862	0.00202504821861
1863	0.00201994180395
1864	0.00200239507394
1865	0.00198484834393
1866	0.00196730161392
1867	0.00194975488391
1868	0.0019322081539
1869	0.00191466142389
1870	0.00189711469388
1871	0.00187956796387
1872	0.00186202123386
1873	0.00184447450385
1874	0.00182692777384
1875	0.00180938104383
1876	0.00179183431382
1877	0.00177428758381
1878	0.0017567408538
1879	0.00173919412379
1880	0.00172164739378
1881	0.00170410066377
1882	0.00168655393376
1883	0.00166900720375
1884	0.00165146047373
1885	0.00163391374372
1886	0.00161636701371
1887	0.0015988202837
1888	0.00156274482873
1889	0.0015081395651
1890	0.00145353430148
1891	0.00139892903785
1892	0.00134432377423
1893	0.0012897185106
1894	0.00123511324698
1895	0.00118050798335
1896	0.00112590271973
1897	0.0010712974561
1898	0.00101669219248
1899	0.000962086928853
1900	0.000907481665228
1901	0.000852876401603
1902	0.000798271137977
1903	0.000743665874352
1904	0.000689060610727
1905	0.000634455347102
1906	0.000579850083477
1907	0.000525244819852
1908	0.000470639556226
1909	0.000416034292601
1910	0.000361429028976
1911	0.000306823765351
1912	0.000252218501726
1913	0.000221591997379
1914	0.000214945673327
1915	0.000208299349274
1916	0.000201653025222
1917	0.00019500670117
1918	0.000188360377117
1919	0.000181714053065
1920	0.000175067729013
1921	0.000168421404961
1922	0.000161775080908
1923	0.000155128756856
1924	0.000148482432804
1925	0.000141836108751
1926	0.000135189784699
1927	0.000128543460647
1928	0.000121897136595
1929	0.000115250812542
1930	0.00010860448849
1931	0.000101958164438
1932	9.53118403853e-05
1933	8.8665516333e-05
1934	8.20191922807e-05
1935	7.53728682284e-05
1936	6.87265441761e-05
1937	6.20802201238e-05
1938	5.76576845432e-05
1939	5.5459070942e-05
1940	5.32604573408e-05
1941	5.10618437396e-05
1942	4.88632301384e-05
1943	4.66646165372e-05
1944	4.4466002936e-05
1945	4.22673893348e-05
1946	4.00687757336e-05
1947	3.78701621323e-05
1948	3.56715485311e-05
1949	3.34729349299e-05
1950	3.12743213287e-05
1951	2.90757077275e-05
1952	2.68770941263e-05
1953	2.46784805251e-05
1954	2.24798669239e-05
1955	2.02812533227e-05
1956	1.80826397214e-05
1957	1.58840261202e-05
1958	1.3685412519e-05
1959	1.14867989178e-05
1960	9.2881853166e-06
1961	7.08957171539e-06
1962	4.89095811418e-06
1963	3.4987176398e-06
1964	2.91289932848e-06
1965	2.32708101716e-06
1966	1.74126270583e-06
1967	1.15544439451e-06
1968	5.69626083184e-07
1969	-1.61922281398e-08
1970	-6.02010539464e-07
1971	-1.18782885079e-06
1972	-1.77364716211e-06
1973	-2.35946547344e-06
1974	-2.94528378476e-06
1975	-3.53110209608e-06
1976	-4.11692040741e-06
1977	-4.70273871873e-06
1978	-5.28855703006e-06
1979	-5.87437534138e-06
1980	-6.4601936527e-06
1981	-7.04601196403e-06
1982	-7.63183027535e-06
1983	-8.21764858668e-06
1984	-8.803466898e-06
1985	-9.38928520933e-06
1986	-9.97510352065e-06
1987	-1.0560921832e-05
1988	-1.11150588705e-05
1989	-1.1637512685e-05
1990	-1.21599664996e-05
1991	-1.26824203142e-05
1992	-1.32048741287e-05
1993	-1.37273279433e-05
1994	-1.42497817579e-05
1995	-1.47722355725e-05
1996	-1.5294689387e-05
1997	-1.58171432016e-05
1998	-1.63395970162e-05
1999	-1.68620508307e-05
2000	-1.73845046453e-05
2001	-1.79069584599e-05
2002	-1.84294122744e-05
2003	-1.8951866089e-05
2004	-1.94743199036e-05
2005	-1.99967737181e-05
2006	-2.05192275327e-05
2007	-2.10416813473e-05
2008	-2.15641351618e-05
2009	-2.20865889764e-05
2010	-2.2609042791e-05
2011	-2.31314966055e-05
2012	-2.36539504201e-05
2013	-2.38878541045e-05
2014	-2.38331896648e-05
2015	-2.3778525225e-05
2016	-2.37238607852e-05
2017	-2.36691963454e-05
2018	-2.36145319057e-05
2019	-2.35598674659e-05
2020	-2.35052030261e-05
2021	-2.34505385864e-05
2022	-2.33958741466e-05
2023	-2.33412097068e-05
2024	-2.3286545267e-05
2025	-2.32318808273e-05
2026	-2.31772163875e-05
2027	-2.31225519477e-05
2028	-2.3067887508e-05
2029	-2.30132230682e-05
2030	-2.29585586284e-05
2031	-2.29038941886e-05
2032	-2.28492297489e-05
2033	-2.27945653091e-05
2034	-2.27399008693e-05
2035	-2.26852364296e-05
2036	-2.26305719898e-05
2037	-2.257590755e-05
2038	-2.26378436326e-05
2039	-2.28163875992e-05
2040	-2.29949315658e-05
2041	-2.31734755324e-05
2042	-2.3352019499e-05
2043	-2.35305634656e-05
2044	-2.37091074322e-05
2045	-2.38876513988e-05
2046	-2.40661953654e-05
2047	-2.4244739332e-05
2048	-2.44232832986e-05
2049	-2.46018272652e-05
2050	-2.47803712318e-05
2051	-2.49589151984e-05
2052	-2.5137459165e-05
2053	-2.53160031316e-05
2054	-2.54945470982e-05
2055	-2.56730910648e-05
2056	-2.58516350314e-05
2057	-2.6030178998e-05
2058	-2.62087229646e-05
2059	-2.63872669313e-05
2060	-2.65658108979e-05
2061	-2.67443548645e-05
2062	-2.69228988311e-05
2063	-2.69550431392e-05
2064	-2.68407784325e-05
2065	-2.67265137259e-05
2066	-2.66122490192e-05
2067	-2.64979843126e-05
2068	-2.63837196059e-05
2069	-2.62694548992e-05
2070	-2.61551901926e-05
2071	-2.60409254859e-05
2072	-2.59266607793e-05
2073	-2.58123960726e-05
2074	-2.56981313659e-05
2075	-2.55838666593e-05
2076	-2.54696019526e-05
2077	-2.53553372459e-05
2078	-2.52410725393e-05
2079	-2.51268078326e-05
2080	-2.5012543126e-05
2081	-2.48982784193e-05
2082	-2.47840137126e-05
2083	-2.4669749006e-05
2084	-2.45554842993e-05
2085	-2.44412195927e-05
2086	-2.4326954886e-05
2087	-2.42126901793e-05
2088	-2.42185302366e-05
2089	-2.43444828268e-05
2090	-2.4470435417e-05
2091	-2.45963880071e-05
2092	-2.47223405973e-05
2093	-2.48482931874e-05
2094	-2.49742457776e-05
2095	-2.51001983677e-05
2096	-2.52261509579e-05
2097	-2.5352103548e-05
2098	-2.54780561382e-05
2099	-2.56040087283e-05
2100	-2.57299613185e-05
2101	-2.58559139086e-05
2102	-2.59818664988e-05
2103	-2.61078190889e-05
2104	-2.62337716791e-05
2105	-2.63597242692e-05
2106	-2.64856768594e-05
2107	-2.66116294495e-05
2108	-2.67375820397e-05
2109	-2.68635346298e-05
2110	-2.698948722e-05
2111	-2.71154398101e-05
2112	-2.72413924003e-05
2113	-2.7293002164e-05
2114	-2.72702642348e-05
2115	-2.72475263056e-05
2116	-2.72247883764e-05
2117	-2.72020504472e-05
2118	-2.7179312518e-05
2119	-2.71565745889e-05
2120	-2.71338366597e-05
2121	-2.71110987305e-05
2122	-2.70883608013e-05
2123	-2.70656228721e-05
2124	-2.7042884943e-05
2125	-2.70201470138e-05
2126	-2.69974090846e-05
2127	-2.69746711554e-05
2128	-2.69519332262e-05
2129	-2.69291952971e-05
2130	-2.69064573679e-05
2131	-2.68837194387e-05
2132	-2.68609815095e-05
2133	-2.68382435803e-05
2134	-2.68155056512e-05
2135	-2.6792767722e-05
2136	-2.67700297928e-05
2137	-2.67472918636e-05
2138	-2.65232919121e-05
2139	-2.60980166079e-05
2140	-2.56727413037e-05
2141	-2.52474659995e-05
2142	-2.48221906953e-05
2143	-2.43969153911e-05
2144	-2.39716400869e-05
2145	-2.35463647827e-05
2146	-2.31210894785e-05
2147	-2.26958141743e-05
2148	-2.22705388701e-05
2149	-2.18452635659e-05
2150	-2.14199882617e-05
2151	-2.09947129575e-05
2152	-2.05694376533e-05
2153	-2.01441623491e-05
2154	-1.97188870449e-05
2155	-1.92936117407e-05
2156	-1.88683364365e-05
2157	-1.84430611323e-05
2158	-1.80177858281e-05
2159	-1.75925105239e-05
2160	-1.71672352197e-05
2161	-1.67419599155e-05
2162	-1.63166846113e-05
2163	-1.62531317034e-05
2164	-1.65513254301e-05
2165	-1.68495191568e-05
2166	-1.71477128835e-05
2167	-1.74459066102e-05
2168	-1.77441003369e-05
2169	-1.80422940636e-05
2170	-1.83404877903e-05
2171	-1.8638681517e-05
2172	-1.89368752437e-05
2173	-1.92350689704e-05
2174	-1.95332626971e-05
2175	-1.98314564238e-05
2176	-2.01296501505e-05
2177	-2.04278438772e-05
2178	-2.07260376039e-05
2179	-2.10242313306e-05
2180	-2.13224250573e-05
2181	-2.1620618784e-05
2182	-2.19188125107e-05
2183	-2.22170062374e-05
2184	-2.25151999641e-05
2185	-2.28133936908e-05
2186	-2.31115874175e-05
2187	-2.34097811442e-05
2188	-2.34276677913e-05
2189	-2.31652283587e-05
2190	-2.29027889261e-05
2191	-2.26403494935e-05
2192	-2.23779100609e-05
2193	-2.21154706283e-05
2194	-2.18530311958e-05
2195	-2.15905917632e-05
2196	-2.13281523306e-05
2197	-2.1065712898e-05
2198	-2.08032734654e-05
2199	-2.05408340328e-05
2200	-2.02783946003e-05
2201	-2.00159551677e-05
2202	-1.97535157351e-05
2203	-1.94910763025e-05
2204	-1.92286368699e-05
2205	-1.89661974373e-05
2206	-1.87037580048e-05
2207	-1.84413185722e-05
2208	-1.81788791396e-05
2209	-1.7916439707e-05
2210	-1.76540002744e-05
2211	-1.73915608418e-05
2212	-1.71291214093e-05
2213	-1.72244528229e-05
2214	-1.76775796108e-05
2215	-1.81307063987e-05
2216	-1.85838331866e-05
2217	-1.90369599745e-05
2218	-1.94900867624e-05
2219	-1.99432135503e-05
2220	-2.03963403382e-05
2221	-2.08494671261e-05
2222	-2.1302593914e-05
2223	-2.17557207019e-05
2224	-2.22088474898e-05
2225	-2.26619742777e-05
2226	-2.31151010656e-05
2227	-2.35682278535e-05
2228	-2.40213546414e-05
2229	-2.44744814293e-05
2230	-2.49276082172e-05
2231	-2.53807350051e-05
2232	-2.5833861793e-05
2233	-2.62869885809e-05
2234	-2.67401153688e-05
2235	-2.71932421567e-05
2236	-2.76463689446e-05
2237	-2.80994957325e-05
2238	-2.81523286432e-05
2239	-2.78048399235e-05
2240	-2.74573512038e-05
2241	-2.7109862484e-05
2242	-2.67623737643e-05
2243	-2.64148850446e-05
2244	-2.60673963248e-05
2245	-2.57199076051e-05
2246	-2.53724188854e-05
2247	-2.50249301656e-05
2248	-2.46774414459e-05
2249	-2.43299527261e-05
2250	-2.39824640064e-05
2251	-2.36349752867e-05
2252	-2.32874865669e-05
2253	-2.29399978472e-05
2254	-2.25925091275e-05
2255	-2.22450204077e-05
2256	-2.1897531688e-05
2257	-2.15500429683e-05
2258	-2.12025542485e-05
2259	-2.08550655288e-05
2260	-2.05075768091e-05
2261	-2.01600880893e-05
2262	-1.98125993696e-05
2263	-1.96523170353e-05
2264	-1.9679254211e-05
2265	-1.97061913867e-05
2266	-1.97331285624e-05
2267	-1.97600657382e-05
2268	-1.97870029139e-05
2269	-1.98139400896e-05
2270	-1.98408772653e-05
2271	-1.9867814441e-05
2272	-1.98947516167e-05
2273	-1.99216887924e-05
2274	-1.99486259681e-05
2275	-1.99755631438e-05
2276	-2.00025003195e-05
2277	-2.00294374952e-05
2278	-2.00563746709e-05
2279	-2.00833118467e-05
2280	-2.01102490224e-05
2281	-2.01371861981e-05
2282	-2.01641233738e-05
2283	-2.01910605495e-05
2284	-2.02179977252e-05
2285	-2.02449349009e-05
2286	-2.02718720766e-05
2287	-2.02988092523e-05
2288	-1.99763438286e-05
2289	-1.93044510391e-05
2290	-1.86325582496e-05
2291	-1.79606654601e-05
2292	-1.72887726706e-05
2293	-1.66168798811e-05
2294	-1.59449870917e-05
2295	-1.52730943022e-05
2296	-1.46012015127e-05
2297	-1.39293087232e-05
2298	-1.32574159337e-05
2299	-1.25855231442e-05
2300	-1.19136303547e-05
2301	-1.12417375653e-05
2302	-1.05698447758e-05
2303	-9.89795198629e-06
2304	-9.2260591968e-06
2305	-8.55416640732e-06
2306	-7.88227361783e-06
2307	-7.21038082835e-06
2308	-6.53848803886e-06
2309	-5.86659524938e-06
2310	-5.19470245989e-06
2311	-4.5228096704e-06
2312	-3.85091688092e-06
2313	-3.46379673308e-06
2314	-3.3614696327e-06
2315	-3.25914253232e-06
2316	-3.15681543193e-06
2317	-3.05448833155e-06
2318	-2.95216123116e-06
2319	-2.84983413078e-06
2320	-2.74750703039e-06
2321	-2.64517993001e-06
2322	-2.54285282962e-06
2323	-2.44052572924e-06
2324	-2.33819862885e-06
2325	-2.23587152847e-06
2326	-2.13354442808e-06
2327	-2.0312173277e-06
2328	-1.92889022731e-06
2329	-1.82656312693e-06
2330	-1.72423602655e-06
2331	-1.62190892616e-06
2332	-1.51958182578e-06
2333	-1.41725472539e-06
2334	-1.31492762501e-06
2335	-1.21260052462e-06
2336	-1.11027342424e-06
2337	-1.00794632385e-06
2338	-9.45687043186e-07
2339	-9.23498484395e-07
2340	-9.01309925605e-07
2341	-8.79121366814e-07
2342	-8.56932808023e-07
2343	-8.34744249232e-07
2344	-8.12555690441e-07
2345	-7.90367131651e-07
2346	-7.6817857286e-07
2347	-7.45990014069e-07
2348	-7.23801455278e-07
2349	-7.01612896487e-07
2350	-6.79424337697e-07
2351	-6.57235778906e-07
2352	-6.35047220115e-07
2353	-6.12858661324e-07
2354	-5.90670102533e-07
2355	-5.68481543743e-07
2356	-5.46292984952e-07
2357	-5.24104426161e-07
2358	-5.0191586737e-07
2359	-4.79727308579e-07
2360	-4.57538749789e-07
2361	-4.35350190998e-07
2362	-4.13161632207e-07
2363	-3.97484535071e-07
2364	-3.88319376266e-07
2365	-3.79154217461e-07
2366	-3.69989058657e-07
2367	-3.60823899852e-07
2368	-3.51658741047e-07
2369	-3.42493582242e-07
2370	-3.33328423438e-07
2371	-3.24163264633e-07
2372	-3.14998105828e-07
2373	-3.05832947023e-07
2374	-2.96667788219e-07
2375	-2.87502629414e-07
2376	-2.78337470609e-07
2377	-2.69172311804e-07
2378	-2.60007153e-07
2379	-2.50841994195e-07
2380	-2.4167683539e-07
2381	-2.32511676585e-07
2382	-2.23346517781e-07
2383	-2.14181358976e-07
2384	-2.05016200171e-07
2385	-1.95851041367e-07
2386	-1.86685882562e-07
2387	-1.77520723757e-07
2388	-1.71050184597e-07
2389	-1.67274464431e-07
2390	-1.63498744266e-07
2391	-1.597230241e-07
2392	-1.55947303934e-07
2393	-1.52171583768e-07
2394	-1.48395863603e-07
2395	-1.44620143437e-07
2396	-1.40844423271e-07
2397	-1.37068703105e-07
2398	-1.3329298294e-07
2399	-1.29517262774e-07
2400	-1.25741542608e-07
2401	-1.21965822443e-07
2402	-1.18190102277e-07
2403	-1.14414382111e-07
2404	-1.10638661945e-07
2405	-1.0686294178e-07
2406	-1.03087221614e-07
2407	-9.93115014481e-08
2408	-9.55357812824e-08
2409	-9.17600611166e-08
2410	-8.79843409509e-08
2411	-8.42086207852e-08
2412	-8.04329006194e-08
2413	-7.86748756623e-08
2414	-7.89346967472e-08
2415	-7.91945178321e-08
2416	-7.9454338917e-08
2417	-7.97141600018e-08
2418	-7.99739810867e-08
2419	-8.02338021716e-08
2420	-8.04936232565e-08
2421	-8.07534443413e-08
2422	-8.10132654262e-08
2423	-8.12730865111e-08
2424	-8.15329075959e-08
2425	-8.17927286808e-08
2426	-8.20525497657e-08
2427	-8.23123708506e-08
2428	-8.25721919354e-08
2429	-8.28320130203e-08
2430	-8.30918341052e-08
2431	-8.33516551901e-08
2432	-8.36114762749e-08
2433	-8.38712973598e-08
2434	-8.41311184447e-08
2435	-8.43909395295e-08
2436	-8.46507606144e-08
2437	-8.49105816993e-08
2438	-8.41941047303e-08
2439	-8.25012559677e-08
2440	-8.08084072051e-08
2441	-7.91155584425e-08
2442	-7.74227096799e-08
2443	-7.57298609173e-08
2444	-7.40370121547e-08
2445	-7.23441633921e-08
2446	-7.06513146295e-08
2447	-6.89584658669e-08
2448	-6.72656171043e-08
2449	-6.55727683417e-08
2450	-6.38799195791e-08
2451	-6.21870708165e-08
2452	-6.04942220539e-08
2453	-5.88013732912e-08
2454	-5.71085245286e-08
2455	-5.5415675766e-08
2456	-5.37228270034e-08
2457	-5.20299782408e-08
2458	-5.03371294782e-08
2459	-4.86442807156e-08
2460	-4.6951431953e-08
2461	-4.52585831904e-08
2462	-4.35657344278e-08
2463	-4.262226667e-08
2464	-4.24282370981e-08
2465	-4.22342075263e-08
2466	-4.20401779544e-08
2467	-4.18461483826e-08
2468	-4.16521188107e-08
2469	-4.14580892389e-08
2470	-4.1264059667e-08
2471	-4.10700300952e-08
2472	-4.08760005233e-08
2473	-4.06819709515e-08
2474	-4.04879413796e-08
2475	-4.02939118078e-08
2476	-4.00998822359e-08
2477	-3.99058526641e-08
2478	-3.97118230922e-08
2479	-3.95177935204e-08
2480	-3.93237639485e-08
2481	-3.91297343767e-08
2482	-3.89357048048e-08
2483	-3.8741675233e-08
2484	-3.85476456611e-08
2485	-3.83536160893e-08
2486	-3.81595865174e-08
2487	-3.79655569456e-08
2488	-3.75172105816e-08
2489	-3.68145278228e-08
2490	-3.6111845064e-08
2491	-3.54091623053e-08
2492	-3.47064795465e-08
2493	-3.40037967878e-08
2494	-3.3301114029e-08
2495	-3.25984312702e-08
2496	-3.18957485115e-08
2497	-3.11930657527e-08
2498	-3.0490382994e-08
2499	-2.97877002352e-08
2500	-2.90850174764e-08
2501	-2.83823347177e-08
2502	-2.76796519589e-08
2503	-2.69769692002e-08
2504	-2.62742864414e-08
2505	-2.55716036826e-08
2506	-2.48689209239e-08
2507	-2.41662381651e-08
2508	-2.34635554063e-08
2509	-2.27608726476e-08
2510	-2.20581898888e-08
2511	-2.13555071301e-08
2512	-2.06528243713e-08
2513	-2.02981992971e-08
2514	-2.02916590052e-08
2515	-2.02851187132e-08
2516	-2.02785784213e-08
2517	-2.02720381294e-08
2518	-2.02654978374e-08
2519	-2.02589575455e-08
2520	-2.02524172536e-08
2521	-2.02458769616e-08
2522	-2.02393366697e-08
2523	-2.02327963778e-08
2524	-2.02262560858e-08
2525	-2.02197157939e-08
2526	-2.0213175502e-08
2527	-2.020663521e-08
2528	-2.02000949181e-08
2529	-2.01935546261e-08
2530	-2.01870143342e-08
2531	-2.01804740423e-08
2532	-2.01739337503e-08
2533	-2.01673934584e-08
2534	-2.01608531665e-08
2535	-2.01543128745e-08
2536	-2.01477725826e-08
2537	-2.01412322907e-08
2538	-1.99451575512e-08
2539	-1.95595334613e-08
2540	-1.91739093714e-08
2541	-1.87882852816e-08
2542	-1.84026611917e-08
2543	-1.80170371018e-08
2544	-1.7631413012e-08
2545	-1.72457889221e-08
2546	-1.68601648322e-08
2547	-1.64745407424e-08
2548	-1.60889166525e-08
2549	-1.57032925626e-08
2550	-1.53176684727e-08
2551	-1.49320443829e-08
2552	-1.4546420293e-08
2553	-1.41607962031e-08
2554	-1.37751721133e-08
2555	-1.33895480234e-08
2556	-1.30039239335e-08
2557	-1.26182998437e-08
2558	-1.22326757538e-08
2559	-1.18470516639e-08
2560	-1.1461427574e-08
2561	-1.10758034842e-08
2562	-1.06901793943e-08
2563	-1.03679530667e-08
2564	-1.01091295355e-08
2565	-9.85030600419e-09
2566	-9.59148247291e-09
2567	-9.33265894164e-09
2568	-9.07383541037e-09
2569	-8.81501187909e-09
2570	-8.55618834782e-09
2571	-8.29736481655e-09
2572	-8.03854128528e-09
2573	-7.779717754e-09
2574	-7.52089422273e-09
2575	-7.26207069146e-09
2576	-7.00324716018e-09
2577	-6.74442362891e-09
2578	-6.48560009764e-09
2579	-6.22677656637e-09
2580	-5.96795303509e-09
2581	-5.70912950382e-09
2582	-5.45030597255e-09
2583	-5.19148244127e-09
2584	-4.93265891e-09
2585	-4.67383537873e-09
2586	-4.41501184746e-09
2587	-4.15618831618e-09
2588	-3.98837563203e-09
2589	-3.91158109207e-09
2590	-3.83478655211e-09
2591	-3.75799201215e-09
2592	-3.6811974722e-09
2593	-3.60440293224e-09
2594	-3.52760839228e-09
2595	-3.45081385232e-09
2596	-3.37401931236e-09
2597	-3.2972247724e-09
2598	-3.22043023245e-09
2599	-3.14363569249e-09
2600	-3.06684115253e-09
2601	-2.99004661257e-09
2602	-2.91325207261e-09
2603	-2.83645753265e-09
2604	-2.7596629927e-09
2605	-2.68286845274e-09
2606	-2.60607391278e-09
2607	-2.52927937282e-09
2608	-2.45248483286e-09
2609	-2.3756902929e-09
2610	-2.29889575295e-09
2611	-2.22210121299e-09
2612	-2.14530667303e-09
2613	-2.09027946968e-09
2614	-2.05702136508e-09
2615	-2.02376326047e-09
2616	-1.99050515586e-09
2617	-1.95724705125e-09
2618	-1.92398894665e-09
2619	-1.89073084204e-09
2620	-1.85747273743e-09
2621	-1.82421463282e-09
2622	-1.79095652822e-09
2623	-1.75769842361e-09
2624	-1.724440319e-09
2625	-1.6911822144e-09
2626	-1.65792410979e-09
2627	-1.62466600518e-09
2628	-1.59140790057e-09
2629	-1.55814979597e-09
2630	-1.52489169136e-09
2631	-1.49163358675e-09
2632	-1.45837548214e-09
2633	-1.42511737754e-09
2634	-1.39185927293e-09
2635	-1.35860116832e-09
2636	-1.32534306371e-09
2637	-1.29208495911e-09
2638	-1.28032214372e-09
2639	-1.29005637432e-09
2640	-1.29979060491e-09
2641	-1.3095248355e-09
2642	-1.3192590661e-09
2643	-1.32899329669e-09
2644	-1.33872752729e-09
2645	-1.34846175788e-09
2646	-1.35819598848e-09
2647	-1.36793021907e-09
2648	-1.37766444966e-09
2649	-1.38739868026e-09
2650	-1.39713291085e-09
2651	-1.40686714145e-09
2652	-1.41660137204e-09
2653	-1.42633560264e-09
2654	-1.43606983323e-09
2655	-1.44580406382e-09
2656	-1.45553829442e-09
2657	-1.46527252501e-09
2658	-1.47500675561e-09
2659	-1.4847409862e-09
2660	-1.4944752168e-09
2661	-1.50420944739e-09
2662	-1.51394367798e-09
2663	-1.50543063828e-09
2664	-1.47866882284e-09
2665	-1.4519070074e-09
2666	-1.42514519196e-09
2667	-1.39838337652e-09
2668	-1.37162156108e-09
2669	-1.34485974564e-09
2670	-1.3180979302e-09
2671	-1.29133611476e-09
2672	-1.26457429932e-09
2673	-1.23781248388e-09
2674	-1.21105066843e-09
2675	-1.18428885299e-09
2676	-1.15752703755e-09
2677	-1.13076522211e-09
2678	-1.10400340667e-09
2679	-1.07724159123e-09
2680	-1.05047977579e-09
2681	-1.02371796035e-09
2682	-9.9695614491e-10
2683	-9.70194329469e-10
2684	-9.43432514029e-10
2685	-9.16670698588e-10
2686	-8.89908883148e-10
2687	-8.63147067707e-10
2688	-8.44768373609e-10
2689	-8.34773498975e-10
2690	-8.24778624341e-10
2691	-8.14783749706e-10
2692	-8.04788875072e-10
2693	-7.94794000438e-10
2694	-7.84799125803e-10
2695	-7.74804251169e-10
2696	-7.64809376535e-10
2697	-7.548145019e-10
2698	-7.44819627266e-10
2699	-7.34824752631e-10
2700	-7.24829877997e-10
2701	-7.14835003363e-10
2702	-7.04840128728e-10
2703	-6.94845254094e-10
2704	-6.8485037946e-10
2705	-6.74855504825e-10
2706	-6.64860630191e-10
2707	-6.54865755557e-10
2708	-6.44870880922e-10
2709	-6.34876006288e-10
2710	-6.24881131653e-10
2711	-6.14886257019e-10
2712	-6.04891382385e-10
2713	-5.94791050795e-10
2714	-5.84585253386e-10
2715	-5.74379455977e-10
2716	-5.64173658568e-10
2717	-5.53967861159e-10
2718	-5.4376206375e-10
2719	-5.33556266341e-10
2720	-5.23350468932e-10
2721	-5.13144671523e-10
2722	-5.02938874114e-10
2723	-4.92733076705e-10
2724	-4.82527279297e-10
2725	-4.72321481888e-10
2726	-4.62115684479e-10
2727	-4.5190988707e-10
2728	-4.41704089661e-10
2729	-4.31498292252e-10
2730	-4.21292494843e-10
2731	-4.11086697434e-10
2732	-4.00880900025e-10
2733	-3.90675102616e-10
2734	-3.80469305207e-10
2735	-3.70263507798e-10
2736	-3.60057710389e-10
2737	-3.4985191298e-10
2738	-3.41781864591e-10
2739	-3.3584774639e-10
2740	-3.29913628189e-10
2741	-3.23979509988e-10
2742	-3.18045391787e-10
2743	-3.12111273586e-10
2744	-3.06177155385e-10
2745	-3.00243037183e-10
2746	-2.94308918982e-10
2747	-2.88374800781e-10
2748	-2.8244068258e-10
2749	-2.76506564379e-10
2750	-2.70572446178e-10
2751	-2.64638327977e-10
2752	-2.58704209776e-10
2753	-2.52770091575e-10
2754	-2.46835973374e-10
2755	-2.40901855172e-10
2756	-2.34967736971e-10
2757	-2.2903361877e-10
2758	-2.23099500569e-10
2759	-2.17165382368e-10
2760	-2.11231264167e-10
2761	-2.05297145966e-10
2762	-1.99363027765e-10
2763	-1.95767949826e-10
2764	-1.94512112375e-10
2765	-1.93256274924e-10
2766	-1.92000437473e-10
2767	-1.90744600022e-10
2768	-1.89488762571e-10
2769	-1.8823292512e-10
2770	-1.86977087669e-10
2771	-1.85721250218e-10
2772	-1.84465412767e-10
2773	-1.83209575315e-10
2774	-1.81953737864e-10
2775	-1.80697900413e-10
2776	-1.79442062962e-10
2777	-1.78186225511e-10
2778	-1.7693038806e-10
2779	-1.75674550609e-10
2780	-1.74418713158e-10
2781	-1.73162875707e-10
2782	-1.71907038256e-10
2783	-1.70651200804e-10
2784	-1.69395363353e-10
2785	-1.68139525902e-10
2786	-1.66883688451e-10
2787	-1.65627851e-10
2788	-1.6243348615e-10
2789	-1.57300426459e-10
2790	-1.52167366768e-10
2791	-1.47034307077e-10
2792	-1.41901247387e-10
2793	-1.36768187696e-10
2794	-1.31635128005e-10
2795	-1.26502068314e-10
2796	-1.21369008623e-10
2797	-1.16235948932e-10
2798	-1.11102889242e-10
2799	-1.05969829551e-10
2800	-1.0083676986e-10
2801	-9.57037101692e-11
2802	-9.05706504783e-11
2803	-8.54375907875e-11
2804	-8.03045310967e-11
2805	-7.51714714058e-11
2806	-7.0038411715e-11
2807	-6.49053520242e-11
2808	-5.97722923333e-11
2809	-5.46392326425e-11
2810	-4.95061729517e-11
2811	-4.43731132608e-11
2812	-3.924005357e-11
2813	-3.57168164083e-11
2814	-3.38035420726e-11
2815	-3.18902677368e-11
2816	-2.99769934011e-11
2817	-2.80637190654e-11
2818	-2.61504447296e-11
2819	-2.42371703939e-11
2820	-2.23238960581e-11
2821	-2.04106217224e-11
2822	-1.84973473866e-11
2823	-1.65840730509e-11
2824	-1.46707987151e-11
2825	-1.27575243794e-11
2826	-1.08442500436e-11
2827	-8.93097570787e-12
2828	-7.01770137212e-12
2829	-5.10442703637e-12
2830	-3.19115270062e-12
2831	-1.27787836487e-12
2832	6.35395970874e-13
2833	2.54867030662e-12
2834	4.46194464237e-12
2835	6.37521897812e-12
2836	8.28849331387e-12
2837	1.02017676496e-11
2838	1.16090315483e-11
2839	1.25102405188e-11
2840	1.34114494892e-11
2841	1.43126584597e-11
2842	1.52138674302e-11
2843	1.61150764007e-11
2844	1.70162853712e-11
2845	1.79174943417e-11
2846	1.88187033122e-11
2847	1.97199122827e-11
2848	2.06211212532e-11
2849	2.15223302237e-11
2850	2.24235391942e-11
2851	2.33247481647e-11
2852	2.42259571352e-11
2853	2.51271661057e-11
2854	2.60283750762e-11
2855	2.69295840467e-11
2856	2.78307930172e-11
2857	2.87320019877e-11
2858	2.96332109582e-11
2859	3.05344199287e-11
2860	3.14356288992e-11
2861	3.23368378697e-11
2862	3.32380468402e-11
2863	3.38116719177e-11
2864	3.40576840455e-11
2865	3.43036961734e-11
2866	3.45497083013e-11
2867	3.47957204291e-11
2868	3.5041732557e-11
2869	3.52877446849e-11
2870	3.55337568127e-11
2871	3.57797689406e-11
2872	3.60257810685e-11
2873	3.62717931963e-11
2874	3.65178053242e-11
2875	3.6763817452e-11
2876	3.70098295799e-11
2877	3.72558417078e-11
2878	3.75018538356e-11
2879	3.77478659635e-11
2880	3.79938780914e-11
2881	3.82398902192e-11
2882	3.84859023471e-11
2883	3.8731914475e-11
2884	3.89779266028e-11
2885	3.92239387307e-11
2886	3.94699508585e-11
2887	3.97159629864e-11
2888	4.0020798394e-11
2889	4.03844623444e-11
2890	4.07481262948e-11
2891	4.11117902452e-11
2892	4.14754541956e-11
2893	4.1839118146e-11
2894	4.22027820965e-11
2895	4.25664460469e-11
2896	4.29301099973e-11
2897	4.32937739477e-11
2898	4.36574378981e-11
2899	4.40211018486e-11
2900	4.4384765799e-11
2901	4.47484297494e-11
2902	4.51120936998e-11
2903	4.54757576502e-11
2904	4.58394216006e-11
2905	4.62030855511e-11
2906	4.65667495015e-11
2907	4.69304134519e-11
2908	4.72940774023e-11
2909	4.76577413527e-11
2910	4.80214053031e-11
2911	4.83850692536e-11
2912	4.8748733204e-11
2913	4.89088036666e-11
2914	4.88652622672e-11
2915	4.88217208678e-11
2916	4.87781794685e-11
2917	4.87346380691e-11
2918	4.86910966697e-11
2919	4.86475552704e-11
2920	4.8604013871e-11
2921	4.85604724716e-11
2922	4.85169310722e-11
2923	4.84733896729e-11
2924	4.84298482735e-11
2925	4.83863068741e-11
2926	4.83427654748e-11
2927	4.82992240754e-11
2928	4.8255682676e-11
2929	4.82121412767e-11
2930	4.81685998773e-11
2931	4.81250584779e-11
2932	4.80815170785e-11
2933	4.80379756792e-11
2934	4.79944342798e-11
2935	4.79508928804e-11
2936	4.79073514811e-11
2937	4.78638100817e-11
2938	4.76001358306e-11
2939	4.71163086903e-11
2940	4.66324815501e-11
2941	4.61486544099e-11
2942	4.56648272696e-11
2943	4.51810001294e-11
2944	4.46971729892e-11
2945	4.4213345849e-11
2946	4.37295187087e-11
2947	4.32456915685e-11
2948	4.27618644283e-11
2949	4.2278037288e-11
2950	4.17942101478e-11
2951	4.13103830076e-11
2952	4.08265558673e-11
2953	4.03427287271e-11
2954	3.98589015869e-11
2955	3.93750744466e-11
2956	3.88912473064e-11
2957	3.84074201662e-11
2958	3.7923593026e-11
2959	3.74397658857e-11
2960	3.69559387455e-11
2961	3.64721116053e-11
2962	3.5988284465e-11
2963	3.49816493589e-11
2964	3.34521582937e-11
2965	3.19226672286e-11
2966	3.03931761635e-11
2967	2.88636850983e-11
2968	2.73341940332e-11
2969	2.58047029681e-11
2970	2.42752119029e-11
2971	2.27457208378e-11
2972	2.12162297727e-11
2973	1.96867387075e-11
2974	1.81572476424e-11
2975	1.66277565773e-11
2976	1.50982655121e-11
2977	1.3568774447e-11
2978	1.20392833819e-11
2979	1.05097923167e-11
2980	8.9803012516e-12
2981	7.45081018647e-12
2982	5.92131912133e-12
2983	4.3918280562e-12
2984	2.86233699107e-12
2985	1.33284592593e-12
2986	-1.96645139202e-13
2987	-1.72613620434e-12
2988	-1.9256369851e-12
2989	-7.95024359823e-13
2990	3.35588265457e-13
2991	1.46620089074e-12
2992	2.59681351602e-12
2993	3.7274261413e-12
2994	4.85803876658e-12
2995	5.98865139186e-12
2996	7.11926401714e-12
2997	8.24987664242e-12
2998	9.3804892677e-12
2999	1.0511101893e-11
3000	1.16417145183e-11
3001	1.27723271435e-11
3002	1.39029397688e-11
3003	1.50335523941e-11
3004	1.61641650194e-11
3005	1.72947776447e-11
3006	1.84253902699e-11
3007	1.95560028952e-11
3008	2.06866155205e-11
3009	2.18172281458e-11
3010	2.29478407711e-11
3011	2.40784533963e-11
3012	2.52090660216e-11
3013	2.56503499512e-11
3014	2.54022408376e-11
3015	2.5154131724e-11
3016	2.49060226103e-11
3017	2.46579134967e-11
3018	2.44098043831e-11
3019	2.41616952695e-11
3020	2.39135861559e-11
3021	2.36654770422e-11
3022	2.34173679286e-11
3023	2.3169258815e-11
3024	2.29211497014e-11
3025	2.26730405878e-11
3026	2.24249314742e-11
3027	2.21768223605e-11
3028	2.19287132469e-11
3029	2.16806041333e-11
3030	2.14324950197e-11
3031	2.11843859061e-11
3032	2.09362767924e-11
3033	2.06881676788e-11
3034	2.04400585652e-11
3035	2.01919494516e-11
3036	1.9943840338e-11
3037	1.96957312243e-11
3038	1.90290349235e-11
3039	1.79437120368e-11
3040	1.68583891502e-11
3041	1.57730662635e-11
3042	1.46877433769e-11
3043	1.36024204902e-11
3044	1.25170976036e-11
3045	1.14317747169e-11
3046	1.03464518302e-11
3047	9.26112894359e-12
3048	8.17580605694e-12
3049	7.09048317028e-12
3050	6.00516028363e-12
3051	4.91983739697e-12
3052	3.83451451031e-12
3053	2.74919162366e-12
3054	1.663868737e-12
3055	5.78545850348e-13
3056	-5.06777036308e-13
3057	-1.59209992296e-12
3058	-2.67742280962e-12
3059	-3.76274569628e-12
3060	-4.84806858293e-12
3061	-5.93339146959e-12
3062	-7.01871435624e-12
3063	-6.41003923544e-12
3064	-4.10720535101e-12
3065	-1.80437146659e-12
3066	4.98462417842e-13
3067	2.80129630227e-12
3068	5.1041301867e-12
3069	7.40696407112e-12
3070	9.70979795555e-12
3071	1.201263184e-11
3072	1.43154657244e-11
3073	1.66182996088e-11
3074	1.89211334933e-11
3075	2.12239673777e-11
3076	2.35268012621e-11
3077	2.58296351465e-11
3078	2.8132469031e-11
3079	3.04353029154e-11
3080	3.27381367998e-11
3081	3.50409706843e-11
3082	3.73438045687e-11
3083	3.96466384531e-11
3084	4.19494723375e-11
3085	4.4252306222e-11
3086	4.65551401064e-11
3087	4.88579739908e-11
3088	4.92451258361e-11
3089	4.77164123648e-11
3090	4.61876988935e-11
3091	4.46589854222e-11
3092	4.31302719508e-11
3093	4.16015584795e-11
3094	4.00728450082e-11
3095	3.85441315369e-11
3096	3.70154180655e-11
3097	3.54867045942e-11
3098	3.39579911229e-11
3099	3.24292776516e-11
3100	3.09005641802e-11
3101	2.93718507089e-11
3102	2.78431372376e-11
3103	2.63144237663e-11
3104	2.47857102949e-11
3105	2.32569968236e-11
3106	2.17282833523e-11
3107	2.01995698809e-11
3108	1.86708564096e-11
3109	1.71421429383e-11
3110	1.5613429467e-11
3111	1.40847159956e-11
3112	1.25560025243e-11
3113	1.23273136037e-11
3114	1.33987746171e-11
3115	1.44702356306e-11
3116	1.5541696644e-11
3117	1.66131576575e-11
3118	1.76846186709e-11
3119	1.87560796843e-11
3120	1.98275406978e-11
3121	2.08990017112e-11
3122	2.19704627247e-11
3123	2.30419237381e-11
3124	2.41133847516e-11
3125	2.5184845765e-11
3126	2.62563067784e-11
3127	2.73277677919e-11
3128	2.83992288053e-11
3129	2.94706898188e-11
3130	3.05421508322e-11
3131	3.16136118457e-11
3132	3.26850728591e-11
3133	3.37565338725e-11
3134	3.4827994886e-11
3135	3.58994558994e-11
3136	3.69709169129e-11
3137	3.80423779263e-11
3138	3.8018315826e-11
3139	3.68986241034e-11
3140	3.57789323808e-11
3141	3.46592406582e-11
3142	3.35395489356e-11
3143	3.24198572131e-11
3144	3.13001654905e-11
3145	3.01804737679e-11
3146	2.90607820453e-11
3147	2.79410903227e-11
3148	2.68213986001e-11
3149	2.57017068775e-11
3150	2.45820151549e-11
3151	2.34623234323e-11
3152	2.23426317097e-11
3153	2.12229399871e-11
3154	2.01032482646e-11
3155	1.8983556542e-11
3156	1.78638648194e-11
3157	1.67441730968e-11
3158	1.56244813742e-11
3159	1.45047896516e-11
3160	1.3385097929e-11
3161	1.22654062064e-11
3162	1.11457144838e-11
3163	1.04454257251e-11
3164	1.01645810301e-11
3165	9.88373633509e-12
3166	9.60289164011e-12
3167	9.32204694512e-12
3168	9.04120225014e-12
3169	8.76035755515e-12
3170	8.47951286016e-12
3171	8.19866816518e-12
3172	7.91782347019e-12
3173	7.6369787752e-12
3174	7.35613408022e-12
3175	7.07528938523e-12
3176	6.79444469025e-12
3177	6.51359999526e-12
3178	6.23275530027e-12
3179	5.95191060529e-12
3180	5.6710659103e-12
3181	5.39022121531e-12
3182	5.10937652033e-12
3183	4.82853182534e-12
3184	4.54768713036e-12
3185	4.26684243537e-12
3186	3.98599774038e-12
3187	3.7051530454e-12
3188	3.75511726719e-12
3189	4.13592308012e-12
3190	4.51672889304e-12
3191	4.89753470596e-12
3192	5.27834051889e-12
3193	5.65914633181e-12
3194	6.03995214473e-12
3195	6.42075795766e-12
3196	6.80156377058e-12
3197	7.18236958351e-12
3198	7.56317539643e-12
3199	7.94398120935e-12
3200	8.32478702228e-12
3201	8.7055928352e-12
3202	9.08639864812e-12
3203	9.46720446105e-12
3204	9.84801027397e-12
3205	1.02288160869e-11
3206	1.06096218998e-11
3207	1.09904277127e-11
3208	1.13712335257e-11
3209	1.17520393386e-11
3210	1.21328451515e-11
3211	1.25136509644e-11
3212	1.28944567774e-11
3213	1.28872625556e-11
3214	1.24920296754e-11
3215	1.20967967952e-11
3216	1.1701563915e-11
3217	1.13063310348e-11
3218	1.09110981546e-11
3219	1.05158652744e-11
3220	1.01206323942e-11
3221	9.72539951405e-12
3222	9.33016663385e-12
3223	8.93493375366e-12
3224	8.53970087346e-12
3225	8.14446799327e-12
3226	7.74923511307e-12
3227	7.35400223288e-12
3228	6.95876935268e-12
3229	6.56353647249e-12
3230	6.16830359229e-12
3231	5.7730707121e-12
3232	5.3778378319e-12
3233	4.98260495171e-12
3234	4.58737207151e-12
3235	4.19213919132e-12
3236	3.79690631112e-12
3237	3.40167343093e-12
3238	3.19388723185e-12
3239	3.17356651864e-12
3240	3.15324580543e-12
3241	3.13292509221e-12
3242	3.112604379e-12
3243	3.09228366578e-12
3244	3.07196295257e-12
3245	3.05164223936e-12
3246	3.03132152614e-12
3247	3.01100081293e-12
3248	2.99068009972e-12
3249	2.9703593865e-12
3250	2.95003867329e-12
3251	2.92971796008e-12
3252	2.90939724686e-12
3253	2.88907653365e-12
3254	2.86875582043e-12
3255	2.84843510722e-12
3256	2.82811439401e-12
3257	2.80779368079e-12
3258	2.78747296758e-12
3259	2.76715225437e-12
3260	2.74683154115e-12
3261	2.72651082794e-12
3262	2.70619011473e-12
3263	2.68721201508e-12
3264	2.66957666473e-12
3265	2.65194131438e-12
3266	2.63430596403e-12
3267	2.61667061368e-12
3268	2.59903526333e-12
3269	2.58139991298e-12
3270	2.56376456264e-12
3271	2.54612921229e-12
3272	2.52849386194e-12
3273	2.51085851159e-12
3274	2.49322316124e-12
3275	2.47558781089e-12
3276	2.45795246054e-12
3277	2.44031711019e-12
3278	2.42268175984e-12
3279	2.40504640949e-12
3280	2.38741105915e-12
3281	2.3697757088e-12
3282	2.35214035845e-12
3283	2.3345050081e-12
3284	2.31686965775e-12
3285	2.2992343074e-12
3286	2.28159895705e-12
3287	2.2639636067e-12
3288	2.20345413491e-12
3289	2.10006617409e-12
3290	1.99667821327e-12
3291	1.89329025244e-12
3292	1.78990229162e-12
3293	1.6865143308e-12
3294	1.58312636998e-12
3295	1.47973840916e-12
3296	1.37635044834e-12
3297	1.27296248752e-12
3298	1.1695745267e-12
3299	1.06618656587e-12
3300	9.62798605053e-13
3301	8.59410644231e-13
3302	7.5602268341e-13
3303	6.52634722589e-13
3304	5.49246761767e-13
3305	4.45858800946e-13
3306	3.42470840125e-13
3307	2.39082879303e-13
3308	1.35694918482e-13
3309	3.23069576608e-14
3310	-7.10810031606e-14
3311	-1.74468963982e-13
3312	-2.77856924803e-13
3313	-3.29553558132e-13
3314	-3.29553558132e-13
3315	-3.29553558132e-13
3316	-3.29553558132e-13
3317	-3.29553558132e-13
3318	-3.29553558132e-13
3319	-3.29553558132e-13
3320	-3.29553558132e-13
3321	-3.29553558132e-13
3322	-3.29553558132e-13
3323	-3.29553558132e-13
3324	-3.29553558132e-13
