50	-6.50622811266e-14
51	-6.602100541e-14
52	-6.69797296934e-14
53	-6.79384539768e-14
54	-6.88971782602e-14
55	-6.98559025436e-14
56	-7.0814626827e-14
57	-7.17733511104e-14
58	-7.27320753938e-14
59	-7.36907996772e-14
60	-7.46495239606e-14
61	-7.56082482441e-14
62	-7.65669725275e-14
63	-7.79221005616e-14
64	-7.96736331141e-14
65	-8.14251656665e-14
66	-8.3176698219e-14
67	-8.49282307715e-14
68	-8.6679763324e-14
69	-8.84312958765e-14
70	-9.0182828429e-14
71	-9.19343609814e-14
72	-9.36858935339e-14
73	-9.54374260864e-14
74	-9.71889586389e-14
75	-9.89404911914e-14
76	-1.00692023744e-13
77	-1.02443556296e-13
78	-1.04195088849e-13
79	-1.05946621401e-13
80	-1.07698153954e-13
81	-1.09449686506e-13
82	-1.11201219059e-13
83	-1.12952751611e-13
84	-1.14704284164e-13
85	-1.16455816716e-13
86	-1.18207349269e-13
87	-1.19958881821e-13
88	-1.21946672183e-13
89	-1.24170720996e-13
90	-1.26394769808e-13
91	-1.2861881862e-13
92	-1.30842867432e-13
93	-1.33066916244e-13
94	-1.35290965057e-13
95	-1.37515013869e-13
96	-1.39739062681e-13
97	-1.41963111493e-13
98	-1.44187160306e-13
99	-1.46411209118e-13
100	-1.4863525793e-13
101	-1.50859306742e-13
102	-1.53083355555e-13
103	-1.55307404367e-13
104	-1.57531453179e-13
105	-1.59755501991e-13
106	-1.61979550804e-13
107	-1.64203599616e-13
108	-1.66427648428e-13
109	-1.6865169724e-13
110	-1.70875746053e-13
111	-1.73099794865e-13
112	-1.75323843677e-13
113	-1.77898155494e-13
114	-1.80822731537e-13
115	-1.8374730758e-13
116	-1.86671883623e-13
117	-1.89596459666e-13
118	-1.92521035709e-13
119	-1.95445611752e-13
120	-1.98370187795e-13
121	-2.01294763838e-13
122	-2.04219339881e-13
123	-2.07143915925e-13
124	-2.10068491968e-13
125	-2.12993068011e-13
126	-2.15917644054e-13
127	-2.18842220097e-13
128	-2.2176679614e-13
129	-2.24691372183e-13
130	-2.27615948226e-13
131	-2.30540524269e-13
132	-2.33465100312e-13
133	-2.36389676355e-13
134	-2.39314252398e-13
135	-2.42238828441e-13
136	-2.45163404484e-13
137	-2.48087980527e-13
138	-2.5210181803e-13
139	-2.57204921635e-13
140	-2.6230802524e-13
141	-2.67411128845e-13
142	-2.72514232449e-13
143	-2.77617336054e-13
144	-2.82720439659e-13
145	-2.87823543264e-13
146	-2.92926646869e-13
147	-2.98029750473e-13
148	-3.03132854078e-13
149	-3.08235957683e-13
150	-3.13339061288e-13
151	-3.18442164893e-13
152	-3.23545268497e-13
153	-3.28648372102e-13
154	-3.33751475707e-13
155	-3.38854579312e-13
156	-3.43957682917e-13
157	-3.49060786521e-13
158	-3.54163890126e-13
159	-3.59266993731e-13
160	-3.64370097336e-13
161	-3.69473200941e-13
162	-3.74576304545e-13
163	-3.8152121498e-13
164	-3.90307941519e-13
165	-3.99094668058e-13
166	-4.07881394597e-13
167	-4.16668121136e-13
168	-4.25454847675e-13
169	-4.34241574214e-13
170	-4.43028300753e-13
171	-4.51815027291e-13
172	-4.6060175383e-13
173	-4.69388480369e-13
174	-4.78175206908e-13
175	-4.86961933447e-13
176	-4.95748659986e-13
177	-5.04535386525e-13
178	-5.13322113064e-13
179	-5.22108839603e-13
180	-5.30895566142e-13
181	-5.3968229268e-13
182	-5.48469019219e-13
183	-5.57255745758e-13
184	-5.66042472297e-13
185	-5.74829198836e-13
186	-5.83615925375e-13
187	-5.92402651914e-13
188	-6.03209428857e-13
189	-6.16036267941e-13
190	-6.28863107025e-13
191	-6.41689946108e-13
192	-6.54516785192e-13
193	-6.67343624276e-13
194	-6.8017046336e-13
195	-6.92997302443e-13
196	-7.05824141527e-13
197	-7.18650980611e-13
198	-7.31477819695e-13
199	-7.44304658778e-13
200	-7.57131497862e-13
201	-7.69958336946e-13
202	-7.8278517603e-13
203	-7.95612015113e-13
204	-8.08438854197e-13
205	-8.21265693281e-13
206	-8.34092532365e-13
207	-8.46919371448e-13
208	-8.59746210532e-13
209	-8.72573049616e-13
210	-8.853998887e-13
211	-8.98226727783e-13
212	-9.11053566867e-13
213	-9.27051017593e-13
214	-9.46219100836e-13
215	-9.6538718408e-13
216	-9.84555267323e-13
217	-1.00372335057e-12
218	-1.02289143381e-12
219	-1.04205951705e-12
220	-1.0612276003e-12
221	-1.08039568354e-12
222	-1.09956376678e-12
223	-1.11873185003e-12
224	-1.13789993327e-12
225	-1.15706801652e-12
226	-1.17623609976e-12
227	-1.195404183e-12
228	-1.21457226625e-12
229	-1.23374034949e-12
230	-1.25290843273e-12
231	-1.27207651598e-12
232	-1.29124459922e-12
233	-1.31041268246e-12
234	-1.32958076571e-12
235	-1.34874884895e-12
236	-1.36791693219e-12
237	-1.38708501544e-12
238	-1.41411727447e-12
239	-1.44901376716e-12
240	-1.48391025985e-12
241	-1.51880675254e-12
242	-1.55370324523e-12
243	-1.58859973792e-12
244	-1.62349623061e-12
245	-1.65839272331e-12
246	-1.693289216e-12
247	-1.72818570869e-12
248	-1.76308220138e-12
249	-1.79797869407e-12
250	-1.83287518676e-12
251	-1.86777167945e-12
252	-1.90266817214e-12
253	-1.93756466483e-12
254	-1.97246115752e-12
255	-2.00735765021e-12
256	-2.04225414291e-12
257	-2.0771506356e-12
258	-2.11204712829e-12
259	-2.14694362098e-12
260	-2.18184011367e-12
261	-2.21673660636e-12
262	-2.25163309905e-12
263	-2.36040324071e-12
264	-2.54304763221e-12
265	-2.72569202371e-12
266	-2.9083364152e-12
267	-3.0909808067e-12
268	-3.2736251982e-12
269	-3.4562695897e-12
270	-3.63891398119e-12
271	-3.82155837269e-12
272	-4.00420276419e-12
273	-4.18684715568e-12
274	-4.36949154718e-12
275	-4.55213593868e-12
276	-4.73478033018e-12
277	-4.91742472167e-12
278	-5.10006911317e-12
279	-5.28271350467e-12
280	-5.46535789617e-12
281	-5.64800228766e-12
282	-5.83064667916e-12
283	-6.01329107066e-12
284	-6.19593546216e-12
285	-6.37857985365e-12
286	-6.56122424515e-12
287	-6.74386863665e-12
288	-6.70322734342e-12
289	-6.43929837634e-12
290	-6.17536940927e-12
291	-5.9114404422e-12
292	-5.64751147512e-12
293	-5.38358250805e-12
294	-5.11965354098e-12
295	-4.8557245739e-12
296	-4.59179560683e-12
297	-4.32786663976e-12
298	-4.06393767269e-12
299	-3.80000870561e-12
300	-3.53607973854e-12
301	-3.27215077147e-12
302	-3.00822180439e-12
303	-2.74429283732e-12
304	-2.48036387025e-12
305	-2.21643490318e-12
306	-1.9525059361e-12
307	-1.68857696903e-12
308	-1.42464800196e-12
309	-1.16071903488e-12
310	-8.96790067812e-13
311	-6.32861100739e-13
312	-3.68932133666e-13
313	-4.07877812764e-13
314	-7.49701070769e-13
315	-1.09152432877e-12
316	-1.43334758678e-12
317	-1.77517084479e-12
318	-2.11699410279e-12
319	-2.4588173608e-12
320	-2.8006406188e-12
321	-3.14246387681e-12
322	-3.48428713481e-12
323	-3.82611039282e-12
324	-4.16793365082e-12
325	-4.50975690883e-12
326	-4.85158016683e-12
327	-5.19340342484e-12
328	-5.53522668285e-12
329	-5.87704994085e-12
330	-6.21887319886e-12
331	-6.56069645686e-12
332	-6.90251971487e-12
333	-7.24434297287e-12
334	-7.58616623088e-12
335	-7.92798948888e-12
336	-8.26981274689e-12
337	-8.61163600489e-12
338	-8.69368121312e-12
339	-8.51594565491e-12
340	-8.33821009669e-12
341	-8.16047453848e-12
342	-7.98273898026e-12
343	-7.80500342204e-12
344	-7.62726786383e-12
345	-7.44953230561e-12
346	-7.2717967474e-12
347	-7.09406118918e-12
348	-6.91632563096e-12
349	-6.73859007275e-12
350	-6.56085451453e-12
351	-6.38311895632e-12
352	-6.2053833981e-12
353	-6.02764783988e-12
354	-5.84991228167e-12
355	-5.67217672345e-12
356	-5.49444116524e-12
357	-5.31670560702e-12
358	-5.1389700488e-12
359	-4.96123449059e-12
360	-4.78349893237e-12
361	-4.60576337416e-12
362	-4.42802781594e-12
363	-4.08448158397e-12
364	-3.57512281583e-12
365	-3.06576404768e-12
366	-2.55640527953e-12
367	-2.04704651138e-12
368	-1.53768774323e-12
369	-1.02832897508e-12
370	-5.1897020693e-13
371	-9.61143878084e-15
372	4.99747329368e-13
373	1.00910609752e-12
374	1.51846486567e-12
375	2.02782363382e-12
376	2.53718240197e-12
377	3.04654117011e-12
378	3.55589993826e-12
379	4.06525870641e-12
380	4.57461747456e-12
381	5.08397624271e-12
382	5.59333501086e-12
383	6.10269377901e-12
384	6.61205254716e-12
385	7.12141131531e-12
386	7.63077008346e-12
387	8.14012885161e-12
388	9.03296785543e-12
389	1.03092916994e-11
390	1.15856155433e-11
391	1.28619393872e-11
392	1.41382632312e-11
393	1.54145870751e-11
394	1.6690910919e-11
395	1.7967234763e-11
396	1.92435586069e-11
397	2.05198824508e-11
398	2.17962062947e-11
399	2.30725301387e-11
400	2.43488539826e-11
401	2.56251778265e-11
402	2.69015016705e-11
403	2.81778255144e-11
404	2.94541493583e-11
405	3.07304732023e-11
406	3.20067970462e-11
407	3.32831208901e-11
408	3.45594447341e-11
409	3.5835768578e-11
410	3.71120924219e-11
411	3.83884162659e-11
412	3.96647401098e-11
413	4.07861886763e-11
414	4.17527599858e-11
415	4.27193312952e-11
416	4.36859026047e-11
417	4.46524739142e-11
418	4.56190452237e-11
419	4.65856165332e-11
420	4.75521878427e-11
421	4.85187591522e-11
422	4.94853304616e-11
423	5.04519017711e-11
424	5.14184730806e-11
425	5.23850443901e-11
426	5.33516156996e-11
427	5.43181870091e-11
428	5.52847583186e-11
429	5.6251329628e-11
430	5.72179009375e-11
431	5.8184472247e-11
432	5.91510435565e-11
433	6.0117614866e-11
434	6.10841861755e-11
435	6.2050757485e-11
436	6.30173287944e-11
437	6.39839001039e-11
438	6.58481672305e-11
439	6.86101423436e-11
440	7.13721174567e-11
441	7.41340925698e-11
442	7.68960676828e-11
443	7.96580427959e-11
444	8.2420017909e-11
445	8.51819930221e-11
446	8.79439681352e-11
447	9.07059432482e-11
448	9.34679183613e-11
449	9.62298934744e-11
450	9.89918685875e-11
451	1.01753843701e-10
452	1.04515818814e-10
453	1.07277793927e-10
454	1.1003976904e-10
455	1.12801744153e-10
456	1.15563719266e-10
457	1.18325694379e-10
458	1.21087669492e-10
459	1.23849644605e-10
460	1.26611619718e-10
461	1.29373594831e-10
462	1.32135569944e-10
463	1.34069441538e-10
464	1.35175197744e-10
465	1.36280953951e-10
466	1.37386710158e-10
467	1.38492466364e-10
468	1.39598222571e-10
469	1.40703978777e-10
470	1.41809734984e-10
471	1.4291549119e-10
472	1.44021247397e-10
473	1.45127003603e-10
474	1.4623275981e-10
475	1.47338516016e-10
476	1.48444272223e-10
477	1.49550028429e-10
478	1.50655784636e-10
479	1.51761540842e-10
480	1.52867297049e-10
481	1.53973053255e-10
482	1.55078809462e-10
483	1.56184565668e-10
484	1.57290321875e-10
485	1.58396078081e-10
486	1.59501834288e-10
487	1.60607590494e-10
488	1.62580267417e-10
489	1.65419878151e-10
490	1.68259488885e-10
491	1.71099099619e-10
492	1.73938710353e-10
493	1.76778321087e-10
494	1.79617931821e-10
495	1.82457542555e-10
496	1.85297153289e-10
497	1.88136764023e-10
498	1.90976374757e-10
499	1.93815985491e-10
500	1.96655596225e-10
501	1.99495206959e-10
502	2.02334817693e-10
503	2.05174428427e-10
504	2.08014039161e-10
505	2.10853649895e-10
506	2.13693260629e-10
507	2.16532871363e-10
508	2.19372482097e-10
509	2.22212092831e-10
510	2.25051703565e-10
511	2.27891314299e-10
512	2.30730925033e-10
513	2.35287961763e-10
514	2.41562451762e-10
515	2.4783694176e-10
516	2.54111431759e-10
517	2.60385921758e-10
518	2.66660411757e-10
519	2.72934901755e-10
520	2.79209391754e-10
521	2.85483881753e-10
522	2.91758371752e-10
523	2.98032861751e-10
524	3.04307351749e-10
525	3.10581841748e-10
526	3.16856331747e-10
527	3.23130821746e-10
528	3.29405311744e-10
529	3.35679801743e-10
530	3.41954291742e-10
531	3.48228781741e-10
532	3.54503271739e-10
533	3.60777761738e-10
534	3.67052251737e-10
535	3.73326741736e-10
536	3.79601231734e-10
537	3.85875721733e-10
538	3.88429338917e-10
539	3.87262021314e-10
540	3.86094703711e-10
541	3.84927386109e-10
542	3.83760068506e-10
543	3.82592750903e-10
544	3.81425433301e-10
545	3.80258115698e-10
546	3.79090798096e-10
547	3.77923480493e-10
548	3.7675616289e-10
549	3.75588845288e-10
550	3.74421527685e-10
551	3.73254210083e-10
552	3.7208689248e-10
553	3.70919574877e-10
554	3.69752257275e-10
555	3.68584939672e-10
556	3.6741762207e-10
557	3.66250304467e-10
558	3.65082986864e-10
559	3.63915669262e-10
560	3.62748351659e-10
561	3.61581034056e-10
562	3.60413716454e-10
563	3.61330218139e-10
564	3.64330575431e-10
565	3.67330932724e-10
566	3.70331290016e-10
567	3.73331647309e-10
568	3.76332004601e-10
569	3.79332361894e-10
570	3.82332719186e-10
571	3.85333076479e-10
572	3.88333433771e-10
573	3.91333791064e-10
574	3.94334148356e-10
575	3.97334505649e-10
576	4.00334862941e-10
577	4.03335220234e-10
578	4.06335577526e-10
579	4.09335934819e-10
580	4.12336292111e-10
581	4.15336649404e-10
582	4.18337006696e-10
583	4.21337363989e-10
584	4.24337721281e-10
585	4.27338078574e-10
586	4.30338435866e-10
587	4.33338793159e-10
588	4.3611469516e-10
589	4.38666137785e-10
590	4.4121758041e-10
591	4.43769023034e-10
592	4.46320465659e-10
593	4.48871908284e-10
594	4.51423350908e-10
595	4.53974793533e-10
596	4.56526236158e-10
597	4.59077678782e-10
598	4.61629121407e-10
599	4.64180564032e-10
600	4.66732006656e-10
601	4.69283449281e-10
602	4.71834891905e-10
603	4.7438633453e-10
604	4.76937777155e-10
605	4.79489219779e-10
606	4.82040662404e-10
607	4.84592105029e-10
608	4.87143547653e-10
609	4.89694990278e-10
610	4.92246432903e-10
611	4.94797875527e-10
612	4.97349318152e-10
613	4.984805883e-10
614	4.9819165902e-10
615	4.97902729739e-10
616	4.97613800458e-10
617	4.97324871177e-10
618	4.97035941896e-10
619	4.96747012615e-10
620	4.96458083334e-10
621	4.96169154054e-10
622	4.95880224773e-10
623	4.95591295492e-10
624	4.95302366211e-10
625	4.9501343693e-10
626	4.94724507649e-10
627	4.94435578368e-10
628	4.94146649088e-10
629	4.93857719807e-10
630	4.93568790526e-10
631	4.93279861245e-10
632	4.92990931964e-10
633	4.92702002683e-10
634	4.92413073402e-10
635	4.92124144122e-10
636	4.91835214841e-10
637	4.9154628556e-10
638	4.79306645972e-10
639	4.5511606001e-10
640	4.30925474048e-10
641	4.06734888086e-10
642	3.82544302124e-10
643	3.58353716162e-10
644	3.341631302e-10
645	3.09972544238e-10
646	2.85781958276e-10
647	2.61591372314e-10
648	2.37400786352e-10
649	2.1321020039e-10
650	1.89019614428e-10
651	1.64829028466e-10
652	1.40638442504e-10
653	1.16447856542e-10
654	9.22572705803e-11
655	6.80666846183e-11
656	4.38760986563e-11
657	1.96855126943e-11
658	-4.50507326768e-12
659	-2.86956592297e-11
660	-5.28862451917e-11
661	-7.70768311537e-11
662	-1.01267417116e-10
663	-1.64491209869e-10
664	-2.6674901069e-10
665	-3.69006811511e-10
666	-4.71264612332e-10
667	-5.73522413154e-10
668	-6.75780213975e-10
669	-7.78038014796e-10
670	-8.80295815617e-10
671	-9.82553616438e-10
672	-1.08481141726e-09
673	-1.18706921808e-09
674	-1.2893270189e-09
675	-1.39158481972e-09
676	-1.49384262054e-09
677	-1.59610042137e-09
678	-1.69835822219e-09
679	-1.80061602301e-09
680	-1.90287382383e-09
681	-2.00513162465e-09
682	-2.10738942547e-09
683	-2.20964722629e-09
684	-2.31190502711e-09
685	-2.41416282793e-09
686	-2.51642062876e-09
687	-2.61867842958e-09
688	-3.04401470359e-09
689	-3.79243633326e-09
690	-4.54085796292e-09
691	-5.28927959258e-09
692	-6.03770122225e-09
693	-6.78612285191e-09
694	-7.53454448157e-09
695	-8.28296611124e-09
696	-9.0313877409e-09
697	-9.77980937056e-09
698	-1.05282310002e-08
699	-1.12766526299e-08
700	-1.20250742596e-08
701	-1.27734958892e-08
702	-1.35219175189e-08
703	-1.42703391485e-08
704	-1.50187607782e-08
705	-1.57671824079e-08
706	-1.65156040375e-08
707	-1.72640256672e-08
708	-1.80124472969e-08
709	-1.87608689265e-08
710	-1.95092905562e-08
711	-2.02577121859e-08
712	-2.10061338155e-08
713	-2.15362597644e-08
714	-2.1848085213e-08
715	-2.21599106617e-08
716	-2.24717361103e-08
717	-2.2783561559e-08
718	-2.30953870076e-08
719	-2.34072124563e-08
720	-2.37190379049e-08
721	-2.40308633536e-08
722	-2.43426888023e-08
723	-2.46545142509e-08
724	-2.49663396996e-08
725	-2.52781651482e-08
726	-2.55899905969e-08
727	-2.59018160455e-08
728	-2.62136414942e-08
729	-2.65254669428e-08
730	-2.68372923915e-08
731	-2.71491178401e-08
732	-2.74609432888e-08
733	-2.77727687374e-08
734	-2.80845941861e-08
735	-2.83964196347e-08
736	-2.87082450834e-08
737	-2.90200705321e-08
738	-2.91090187157e-08
739	-2.89750845412e-08
740	-2.88411503666e-08
741	-2.87072161921e-08
742	-2.85732820175e-08
743	-2.8439347843e-08
744	-2.83054136684e-08
745	-2.81714794939e-08
746	-2.80375453193e-08
747	-2.79036111448e-08
748	-2.77696769702e-08
749	-2.76357427957e-08
750	-2.75018086211e-08
751	-2.73678744466e-08
752	-2.7233940272e-08
753	-2.71000060975e-08
754	-2.69660719229e-08
755	-2.68321377484e-08
756	-2.66982035738e-08
757	-2.65642693993e-08
758	-2.64303352247e-08
759	-2.62964010502e-08
760	-2.61624668756e-08
761	-2.60285327011e-08
762	-2.58945985265e-08
763	-2.591955519e-08
764	-2.61034064454e-08
765	-2.62872577009e-08
766	-2.64711089563e-08
767	-2.66549602118e-08
768	-2.68388114672e-08
769	-2.70226627227e-08
770	-2.72065139781e-08
771	-2.73903652336e-08
772	-2.7574216489e-08
773	-2.77580677445e-08
774	-2.79419189999e-08
775	-2.81257702554e-08
776	-2.83096215108e-08
777	-2.84934727663e-08
778	-2.86773240217e-08
779	-2.88611752771e-08
780	-2.90450265326e-08
781	-2.9228877788e-08
782	-2.94127290435e-08
783	-2.95965802989e-08
784	-2.97804315544e-08
785	-2.99642828098e-08
786	-3.01481340653e-08
787	-3.03319853207e-08
788	-3.03681692925e-08
789	-3.02566823772e-08
790	-3.0145195462e-08
791	-3.00337085467e-08
792	-2.99222216315e-08
793	-2.98107347162e-08
794	-2.9699247801e-08
795	-2.95877608857e-08
796	-2.94762739705e-08
797	-2.93647870552e-08
798	-2.925330014e-08
799	-2.91418132247e-08
800	-2.90303263095e-08
801	-2.89188393942e-08
802	-2.8807352479e-08
803	-2.86958655637e-08
804	-2.85843786485e-08
805	-2.84728917332e-08
806	-2.8361404818e-08
807	-2.82499179027e-08
808	-2.81384309875e-08
809	-2.80269440722e-08
810	-2.7915457157e-08
811	-2.78039702417e-08
812	-2.76924833265e-08
813	-2.76795488914e-08
814	-2.77651694176e-08
815	-2.78507899438e-08
816	-2.793641047e-08
817	-2.80220309962e-08
818	-2.81076515224e-08
819	-2.81932720486e-08
820	-2.82788925748e-08
821	-2.83645131011e-08
822	-2.84501336273e-08
823	-2.85357541535e-08
824	-2.86213746797e-08
825	-2.87069952059e-08
826	-2.87926157321e-08
827	-2.88782362583e-08
828	-2.89638567845e-08
829	-2.90494773107e-08
830	-2.91350978369e-08
831	-2.92207183631e-08
832	-2.93063388894e-08
833	-2.93919594156e-08
834	-2.94775799418e-08
835	-2.9563200468e-08
836	-2.96488209942e-08
837	-2.97344415204e-08
838	-2.97987322898e-08
839	-2.98416927489e-08
840	-2.9884653208e-08
841	-2.99276136671e-08
842	-2.99705741262e-08
843	-3.00135345853e-08
844	-3.00564950444e-08
845	-3.00994555035e-08
846	-3.01424159626e-08
847	-3.01853764217e-08
848	-3.02283368808e-08
849	-3.02712973399e-08
850	-3.0314257799e-08
851	-3.03572182581e-08
852	-3.04001787172e-08
853	-3.04431391763e-08
854	-3.04860996354e-08
855	-3.05290600945e-08
856	-3.05720205536e-08
857	-3.06149810127e-08
858	-3.06579414718e-08
859	-3.07009019309e-08
860	-3.074386239e-08
861	-3.07868228491e-08
862	-3.08297833082e-08
863	-3.06143348255e-08
864	-3.01404704949e-08
865	-2.96666061644e-08
866	-2.91927418339e-08
867	-2.87188775033e-08
868	-2.82450131728e-08
869	-2.77711488422e-08
870	-2.72972845117e-08
871	-2.68234201811e-08
872	-2.63495558506e-08
873	-2.587569152e-08
874	-2.54018271895e-08
875	-2.49279628589e-08
876	-2.44540985284e-08
877	-2.39802341978e-08
878	-2.35063698673e-08
879	-2.30325055367e-08
880	-2.25586412062e-08
881	-2.20847768756e-08
882	-2.16109125451e-08
883	-2.11370482145e-08
884	-2.0663183884e-08
885	-2.01893195534e-08
886	-1.97154552229e-08
887	-1.92415908923e-08
888	-1.91715032869e-08
889	-1.95052035105e-08
890	-1.98389037341e-08
891	-2.01726039577e-08
892	-2.05063041813e-08
893	-2.08400044049e-08
894	-2.11737046285e-08
895	-2.15074048521e-08
896	-2.18411050757e-08
897	-2.21748052992e-08
898	-2.25085055228e-08
899	-2.28422057464e-08
900	-2.317590597e-08
901	-2.35096061936e-08
902	-2.38433064172e-08
903	-2.41770066408e-08
904	-2.45107068644e-08
905	-2.4844407088e-08
906	-2.51781073116e-08
907	-2.55118075352e-08
908	-2.58455077588e-08
909	-2.61792079824e-08
910	-2.65129082059e-08
911	-2.68466084295e-08
912	-2.71803086531e-08
913	-2.72085836075e-08
914	-2.6931424657e-08
915	-2.66542657064e-08
916	-2.63771067558e-08
917	-2.60999478053e-08
918	-2.58227888547e-08
919	-2.55456299041e-08
920	-2.52684709536e-08
921	-2.4991312003e-08
922	-2.47141530524e-08
923	-2.44369941019e-08
924	-2.41598351513e-08
925	-2.38826762007e-08
926	-2.36055172502e-08
927	-2.33283582996e-08
928	-2.3051199349e-08
929	-2.27740403985e-08
930	-2.24968814479e-08
931	-2.22197224973e-08
932	-2.19425635468e-08
933	-2.16654045962e-08
934	-2.13882456456e-08
935	-2.11110866951e-08
936	-2.08339277445e-08
937	-2.05567687939e-08
938	-2.04456219149e-08
939	-2.05004919299e-08
940	-2.05553619449e-08
941	-2.06102319599e-08
942	-2.06651019749e-08
943	-2.071997199e-08
944	-2.0774842005e-08
945	-2.082971202e-08
946	-2.0884582035e-08
947	-2.093945205e-08
948	-2.0994322065e-08
949	-2.10491920801e-08
950	-2.11040620951e-08
951	-2.11589321101e-08
952	-2.12138021251e-08
953	-2.12686721401e-08
954	-2.13235421551e-08
955	-2.13784121702e-08
956	-2.14332821852e-08
957	-2.14881522002e-08
958	-2.15430222152e-08
959	-2.15978922302e-08
960	-2.16527622452e-08
961	-2.17076322603e-08
962	-2.17625022753e-08
963	-2.16377168167e-08
964	-2.13332705263e-08
965	-2.1028824236e-08
966	-2.07243779457e-08
967	-2.04199316554e-08
968	-2.01154853651e-08
969	-1.98110390748e-08
970	-1.95065927844e-08
971	-1.92021464941e-08
972	-1.88977002038e-08
973	-1.85932539135e-08
974	-1.82888076232e-08
975	-1.79843613329e-08
976	-1.76799150425e-08
977	-1.73754687522e-08
978	-1.70710224619e-08
979	-1.67665761716e-08
980	-1.64621298813e-08
981	-1.6157683591e-08
982	-1.58532373006e-08
983	-1.55487910103e-08
984	-1.524434472e-08
985	-1.49398984297e-08
986	-1.46354521394e-08
987	-1.4331005849e-08
988	-1.40363993784e-08
989	-1.37516330284e-08
990	-1.34668666784e-08
991	-1.31821003285e-08
992	-1.28973339785e-08
993	-1.26125676285e-08
994	-1.23278012786e-08
995	-1.20430349286e-08
996	-1.17582685786e-08
997	-1.14735022287e-08
998	-1.11887358787e-08
999	-1.09039695288e-08
1000	-1.06192031788e-08
1001	-1.03344368288e-08
1002	-1.00496704789e-08
1003	-9.7649041289e-09
1004	-9.48013777893e-09
1005	-9.19537142897e-09
1006	-8.910605079e-09
1007	-8.62583872904e-09
1008	-8.34107237907e-09
1009	-8.05630602911e-09
1010	-7.77153967914e-09
1011	-7.48677332918e-09
1012	-7.20200697921e-09
1013	-6.81438604278e-09
1014	-6.32390729298e-09
1015	-5.83342854319e-09
1016	-5.34294979339e-09
1017	-4.8524710436e-09
1018	-4.36199229381e-09
1019	-3.87151354401e-09
1020	-3.38103479422e-09
1021	-2.89055604442e-09
1022	-2.40007729463e-09
1023	-1.90959854483e-09
1024	-1.41911979504e-09
1025	-9.28641045246e-10
1026	-4.38162295451e-10
1027	5.2316454343e-11
1028	5.42795204137e-10
1029	1.03327395393e-09
1030	1.52375270373e-09
1031	2.01423145352e-09
1032	2.50471020331e-09
1033	2.99518895311e-09
1034	3.4856677029e-09
1035	3.9761464527e-09
1036	4.46662520249e-09
1037	4.95710395229e-09
1038	6.25028012874e-09
1039	8.34617953691e-09
1040	1.04420789451e-08
1041	1.25379783533e-08
1042	1.46338777614e-08
1043	1.67297771696e-08
1044	1.88256765778e-08
1045	2.0921575986e-08
1046	2.30174753942e-08
1047	2.51133748023e-08
1048	2.72092742105e-08
1049	2.93051736187e-08
1050	3.14010730269e-08
1051	3.3496972435e-08
1052	3.55928718432e-08
1053	3.76887712514e-08
1054	3.97846706596e-08
1055	4.18805700677e-08
1056	4.39764694759e-08
1057	4.60723688841e-08
1058	4.81682682923e-08
1059	5.02641677005e-08
1060	5.23600671086e-08
1061	5.44559665168e-08
1062	5.6551865925e-08
1063	6.12891707255e-08
1064	6.86679678801e-08
1065	7.60467650348e-08
1066	8.34255621895e-08
1067	9.08043593442e-08
1068	9.81831564989e-08
1069	1.05561953654e-07
1070	1.12940750808e-07
1071	1.20319547963e-07
1072	1.27698345118e-07
1073	1.35077142272e-07
1074	1.42455939427e-07
1075	1.49834736582e-07
1076	1.57213533736e-07
1077	1.64592330891e-07
1078	1.71971128046e-07
1079	1.793499252e-07
1080	1.86728722355e-07
1081	1.9410751951e-07
1082	2.01486316665e-07
1083	2.08865113819e-07
1084	2.16243910974e-07
1085	2.23622708129e-07
1086	2.31001505283e-07
1087	2.38380302438e-07
1088	2.65715551044e-07
1089	3.13007923578e-07
1090	3.60300296112e-07
1091	4.07592668647e-07
1092	4.54885041181e-07
1093	5.02177413715e-07
1094	5.4946978625e-07
1095	5.96762158784e-07
1096	6.44054531318e-07
1097	6.91346903853e-07
1098	7.38639276387e-07
1099	7.85931648921e-07
1100	8.33224021456e-07
1101	8.8051639399e-07
1102	9.27808766524e-07
1103	9.75101139059e-07
1104	1.02239351159e-06
1105	1.06968588413e-06
1106	1.11697825666e-06
1107	1.1642706292e-06
1108	1.21156300173e-06
1109	1.25885537426e-06
1110	1.3061477468e-06
1111	1.35344011933e-06
1112	1.40073249187e-06
1113	1.42626767036e-06
1114	1.4300449048e-06
1115	1.43382213923e-06
1116	1.43759937367e-06
1117	1.44137660811e-06
1118	1.44515384255e-06
1119	1.44893107698e-06
1120	1.45270831142e-06
1121	1.45648554586e-06
1122	1.4602627803e-06
1123	1.46404001473e-06
1124	1.46781724917e-06
1125	1.47159448361e-06
1126	1.47537171805e-06
1127	1.47914895248e-06
1128	1.48292618692e-06
1129	1.48670342136e-06
1130	1.4904806558e-06
1131	1.49425789023e-06
1132	1.49803512467e-06
1133	1.50181235911e-06
1134	1.50558959355e-06
1135	1.50936682798e-06
1136	1.51314406242e-06
1137	1.51692129686e-06
1138	1.52229087452e-06
1139	1.52925285154e-06
1140	1.53621482856e-06
1141	1.54317680558e-06
1142	1.55013878259e-06
1143	1.55710075961e-06
1144	1.56406273663e-06
1145	1.57102471365e-06
1146	1.57798669066e-06
1147	1.58494866768e-06
1148	1.5919106447e-06
1149	1.59887262172e-06
1150	1.60583459873e-06
1151	1.61279657575e-06
1152	1.61975855277e-06
1153	1.62672052978e-06
1154	1.6336825068e-06
1155	1.64064448382e-06
1156	1.64760646084e-06
1157	1.65456843785e-06
1158	1.66153041487e-06
1159	1.66849239189e-06
1160	1.67545436891e-06
1161	1.68241634592e-06
1162	1.68937832294e-06
1163	1.68542690861e-06
1164	1.67056170982e-06
1165	1.65569651103e-06
1166	1.64083131224e-06
1167	1.62596611345e-06
1168	1.61110091466e-06
1169	1.59623571587e-06
1170	1.58137051708e-06
1171	1.56650531829e-06
1172	1.5516401195e-06
1173	1.53677492071e-06
1174	1.52190972192e-06
1175	1.50704452313e-06
1176	1.49217932434e-06
1177	1.47731412555e-06
1178	1.46244892676e-06
1179	1.44758372797e-06
1180	1.43271852918e-06
1181	1.41785333039e-06
1182	1.4029881316e-06
1183	1.38812293281e-06
1184	1.37325773402e-06
1185	1.35839253523e-06
1186	1.34352733644e-06
1187	1.32866213765e-06
1188	1.32446111127e-06
1189	1.33092464969e-06
1190	1.33738818812e-06
1191	1.34385172654e-06
1192	1.35031526496e-06
1193	1.35677880338e-06
1194	1.36324234181e-06
1195	1.36970588023e-06
1196	1.37616941865e-06
1197	1.38263295708e-06
1198	1.3890964955e-06
1199	1.39556003392e-06
1200	1.40202357235e-06
1201	1.40848711077e-06
1202	1.41495064919e-06
1203	1.42141418761e-06
1204	1.42787772604e-06
1205	1.43434126446e-06
1206	1.44080480288e-06
1207	1.44726834131e-06
1208	1.45373187973e-06
1209	1.46019541815e-06
1210	1.46665895658e-06
1211	1.473122495e-06
1212	1.47958603342e-06
1213	1.47885574973e-06
1214	1.47093137365e-06
1215	1.46300699756e-06
1216	1.45508262148e-06
1217	1.4471582454e-06
1218	1.43923386931e-06
1219	1.43130949323e-06
1220	1.42338511715e-06
1221	1.41546074106e-06
1222	1.40753636498e-06
1223	1.3996119889e-06
1224	1.39168761282e-06
1225	1.38376323673e-06
1226	1.37583886065e-06
1227	1.36791448457e-06
1228	1.35999010848e-06
1229	1.3520657324e-06
1230	1.34414135632e-06
1231	1.33621698023e-06
1232	1.32829260415e-06
1233	1.32036822807e-06
1234	1.31244385199e-06
1235	1.3045194759e-06
1236	1.29659509982e-06
1237	1.28867072374e-06
1238	1.28891604754e-06
1239	1.29733138449e-06
1240	1.30574672144e-06
1241	1.3141620584e-06
1242	1.32257739535e-06
1243	1.33099273231e-06
1244	1.33940806926e-06
1245	1.34782340622e-06
1246	1.35623874317e-06
1247	1.36465408012e-06
1248	1.37306941708e-06
1249	1.38148475403e-06
1250	1.38990009099e-06
1251	1.39831542794e-06
1252	1.40673076489e-06
1253	1.41514610185e-06
1254	1.4235614388e-06
1255	1.43197677576e-06
1256	1.44039211271e-06
1257	1.44880744966e-06
1258	1.45722278662e-06
1259	1.46563812357e-06
1260	1.47405346053e-06
1261	1.48246879748e-06
1262	1.49088413443e-06
1263	1.48582126292e-06
1264	1.46727965567e-06
1265	1.44873804842e-06
1266	1.43019644116e-06
1267	1.41165483391e-06
1268	1.39311322666e-06
1269	1.37457161941e-06
1270	1.35603001216e-06
1271	1.33748840491e-06
1272	1.31894679766e-06
1273	1.3004051904e-06
1274	1.28186358315e-06
1275	1.2633219759e-06
1276	1.24478036865e-06
1277	1.2262387614e-06
1278	1.20769715415e-06
1279	1.1891555469e-06
1280	1.17061393964e-06
1281	1.15207233239e-06
1282	1.13353072514e-06
1283	1.11498911789e-06
1284	1.09644751064e-06
1285	1.07790590339e-06
1286	1.05936429614e-06
1287	1.04082268888e-06
1288	1.03093322763e-06
1289	1.02969625755e-06
1290	1.02845928746e-06
1291	1.02722231738e-06
1292	1.02598534729e-06
1293	1.02474837721e-06
1294	1.02351140713e-06
1295	1.02227443704e-06
1296	1.02103746696e-06
1297	1.01980049688e-06
1298	1.01856352679e-06
1299	1.01732655671e-06
1300	1.01608958662e-06
1301	1.01485261654e-06
1302	1.01361564646e-06
1303	1.01237867637e-06
1304	1.01114170629e-06
1305	1.00990473621e-06
1306	1.00866776612e-06
1307	1.00743079604e-06
1308	1.00619382595e-06
1309	1.00495685587e-06
1310	1.00371988579e-06
1311	1.0024829157e-06
1312	1.00124594562e-06
1313	1.00106725042e-06
1314	1.00194687314e-06
1315	1.00282649585e-06
1316	1.00370611857e-06
1317	1.00458574129e-06
1318	1.00546536401e-06
1319	1.00634498673e-06
1320	1.00722460945e-06
1321	1.00810423217e-06
1322	1.00898385489e-06
1323	1.00986347761e-06
1324	1.01074310033e-06
1325	1.01162272305e-06
1326	1.01250234577e-06
1327	1.01338196849e-06
1328	1.0142615912e-06
1329	1.01514121392e-06
1330	1.01602083664e-06
1331	1.01690045936e-06
1332	1.01778008208e-06
1333	1.0186597048e-06
1334	1.01953932752e-06
1335	1.02041895024e-06
1336	1.02129857296e-06
1337	1.02217819568e-06
1338	1.01706252213e-06
1339	1.00595130385e-06
1340	9.94840085576e-07
1341	9.83728867297e-07
1342	9.72617649019e-07
1343	9.6150643074e-07
1344	9.50395212462e-07
1345	9.39283994184e-07
1346	9.28172775905e-07
1347	9.17061557627e-07
1348	9.05950339348e-07
1349	8.9483912107e-07
1350	8.83727902792e-07
1351	8.72616684513e-07
1352	8.61505466235e-07
1353	8.50394247956e-07
1354	8.39283029678e-07
1355	8.281718114e-07
1356	8.17060593121e-07
1357	8.05949374843e-07
1358	7.94838156564e-07
1359	7.83726938286e-07
1360	7.72615720007e-07
1361	7.61504501729e-07
1362	7.50393283451e-07
1363	7.42762111675e-07
1364	7.38611133324e-07
1365	7.34460154973e-07
1366	7.30309176622e-07
1367	7.26158198271e-07
1368	7.2200721992e-07
1369	7.17856241569e-07
1370	7.13705263218e-07
1371	7.09554284867e-07
1372	7.05403306516e-07
1373	7.01252328165e-07
1374	6.97101349814e-07
1375	6.92950371463e-07
1376	6.88799393112e-07
1377	6.84648414762e-07
1378	6.80497436411e-07
1379	6.7634645806e-07
1380	6.72195479709e-07
1381	6.68044501358e-07
1382	6.63893523007e-07
1383	6.59742544656e-07
1384	6.55591566305e-07
1385	6.51440587954e-07
1386	6.47289609603e-07
1387	6.43138631252e-07
1388	6.32563387099e-07
1389	6.15563600945e-07
1390	5.9856381479e-07
1391	5.81564028635e-07
1392	5.6456424248e-07
1393	5.47564456326e-07
1394	5.30564670171e-07
1395	5.13564884016e-07
1396	4.96565097861e-07
1397	4.79565311707e-07
1398	4.62565525552e-07
1399	4.45565739397e-07
1400	4.28565953242e-07
1401	4.11566167088e-07
1402	3.94566380933e-07
1403	3.77566594778e-07
1404	3.60566808623e-07
1405	3.43567022469e-07
1406	3.26567236314e-07
1407	3.09567450159e-07
1408	2.92567664004e-07
1409	2.7556787785e-07
1410	2.58568091695e-07
1411	2.4156830554e-07
1412	2.24568519385e-07
1413	2.02137113756e-07
1414	1.74273850922e-07
1415	1.46410588087e-07
1416	1.18547325253e-07
1417	9.06840624186e-08
1418	6.28207995841e-08
1419	3.49575367497e-08
1420	7.09427391531e-09
1421	-2.07689889191e-08
1422	-4.86322517535e-08
1423	-7.64955145879e-08
1424	-1.04358777422e-07
1425	-1.32222040257e-07
1426	-1.60085303091e-07
1427	-1.87948565926e-07
1428	-2.1581182876e-07
1429	-2.43675091594e-07
1430	-2.71538354429e-07
1431	-2.99401617263e-07
1432	-3.27264880098e-07
1433	-3.55128142932e-07
1434	-3.82991405766e-07
1435	-4.10854668601e-07
1436	-4.38717931435e-07
1437	-4.6658119427e-07
1438	-5.37274879665e-07
1439	-6.508008954e-07
1440	-7.64326911135e-07
1441	-8.7785292687e-07
1442	-9.91378942605e-07
1443	-1.10490495834e-06
1444	-1.21843097408e-06
1445	-1.33195698981e-06
1446	-1.44548300555e-06
1447	-1.55900902128e-06
1448	-1.67253503702e-06
1449	-1.78606105275e-06
1450	-1.89958706849e-06
1451	-2.01311308422e-06
1452	-2.12663909996e-06
1453	-2.24016511569e-06
1454	-2.35369113143e-06
1455	-2.46721714716e-06
1456	-2.5807431629e-06
1457	-2.69426917863e-06
1458	-2.80779519437e-06
1459	-2.9213212101e-06
1460	-3.03484722584e-06
1461	-3.14837324157e-06
1462	-3.26189925731e-06
1463	-3.47383647471e-06
1464	-3.78418935352e-06
1465	-4.09454223233e-06
1466	-4.40489511114e-06
1467	-4.71524798995e-06
1468	-5.02560086876e-06
1469	-5.33595374757e-06
1470	-5.64630662637e-06
1471	-5.95665950518e-06
1472	-6.26701238399e-06
1473	-6.5773652628e-06
1474	-6.88771814161e-06
1475	-7.19807102042e-06
1476	-7.50842389923e-06
1477	-7.81877677803e-06
1478	-8.12912965684e-06
1479	-8.43948253565e-06
1480	-8.74983541446e-06
1481	-9.06018829327e-06
1482	-9.37054117208e-06
1483	-9.68089405089e-06
1484	-9.99124692969e-06
1485	-1.03015998085e-05
1486	-1.06119526873e-05
1487	-1.09223055661e-05
1488	-1.238072713e-05
1489	-1.49872702955e-05
1490	-1.75938134611e-05
1491	-2.02003566267e-05
1492	-2.28068997923e-05
1493	-2.54134429579e-05
1494	-2.80199861234e-05
1495	-3.0626529289e-05
1496	-3.32330724546e-05
1497	-3.58396156202e-05
1498	-3.84461587858e-05
1499	-4.10527019513e-05
1500	-4.36592451169e-05
1501	-4.62657882825e-05
1502	-4.88723314481e-05
1503	-5.14788746137e-05
1504	-5.40854177792e-05
1505	-5.66919609448e-05
1506	-5.92985041104e-05
1507	-6.1905047276e-05
1508	-6.45115904416e-05
1509	-6.71181336071e-05
1510	-6.97246767727e-05
1511	-7.23312199383e-05
1512	-7.49377631039e-05
1513	-7.61828775024e-05
1514	-7.60664993282e-05
1515	-7.5950121154e-05
1516	-7.58337429798e-05
1517	-7.57173648057e-05
1518	-7.56009866315e-05
1519	-7.54846084573e-05
1520	-7.53682302831e-05
1521	-7.52518521089e-05
1522	-7.51354739348e-05
1523	-7.50190957606e-05
1524	-7.49027175864e-05
1525	-7.47863394122e-05
1526	-7.4669961238e-05
1527	-7.45535830639e-05
1528	-7.44372048897e-05
1529	-7.43208267155e-05
1530	-7.42044485413e-05
1531	-7.40880703672e-05
1532	-7.3971692193e-05
1533	-7.38553140188e-05
1534	-7.37389358446e-05
1535	-7.36225576704e-05
1536	-7.35061794963e-05
1537	-7.33898013221e-05
1538	-7.36366604008e-05
1539	-7.42467740375e-05
1540	-7.48568876742e-05
1541	-7.5467001311e-05
1542	-7.60771149477e-05
1543	-7.66872285844e-05
1544	-7.72973422211e-05
1545	-7.79074558578e-05
1546	-7.85175694946e-05
1547	-7.91276831313e-05
1548	-7.9737796768e-05
1549	-8.03479104047e-05
1550	-8.09580240414e-05
1551	-8.15681376782e-05
1552	-8.21782513149e-05
1553	-8.27883649516e-05
1554	-8.33984785883e-05
1555	-8.4008592225e-05
1556	-8.46187058617e-05
1557	-8.52288194985e-05
1558	-8.58389331352e-05
1559	-8.64490467719e-05
1560	-8.70591604086e-05
1561	-8.76692740453e-05
1562	-8.82793876821e-05
1563	-8.83496512032e-05
1564	-8.78800384715e-05
1565	-8.74104257398e-05
1566	-8.69408130081e-05
1567	-8.64712002764e-05
1568	-8.60015875447e-05
1569	-8.55319748129e-05
1570	-8.50623620812e-05
1571	-8.45927493495e-05
1572	-8.41231366178e-05
1573	-8.36535238861e-05
1574	-8.31839111544e-05
1575	-8.27142984227e-05
1576	-8.22446856909e-05
1577	-8.17750729592e-05
1578	-8.13054602275e-05
1579	-8.08358474958e-05
1580	-8.03662347641e-05
1581	-7.98966220324e-05
1582	-7.94270093007e-05
1583	-7.89573965689e-05
1584	-7.84877838372e-05
1585	-7.80181711055e-05
1586	-7.75485583738e-05
1587	-7.70789456421e-05
1588	-7.67327726719e-05
1589	-7.65100455354e-05
1590	-7.62873183989e-05
1591	-7.60645912624e-05
1592	-7.58418641259e-05
1593	-7.56191369894e-05
1594	-7.53964098529e-05
1595	-7.51736827164e-05
1596	-7.49509555799e-05
1597	-7.47282284434e-05
1598	-7.45055013069e-05
1599	-7.42827741704e-05
1600	-7.40600470339e-05
1601	-7.38373198974e-05
1602	-7.36145927609e-05
1603	-7.33918656244e-05
1604	-7.31691384879e-05
1605	-7.29464113514e-05
1606	-7.27236842149e-05
1607	-7.25009570784e-05
1608	-7.2278229942e-05
1609	-7.20555028055e-05
1610	-7.1832775669e-05
1611	-7.16100485325e-05
1612	-7.1387321396e-05
1613	-7.12005240807e-05
1614	-7.10496583819e-05
1615	-7.08987926831e-05
1616	-7.07479269843e-05
1617	-7.05970612855e-05
1618	-7.04461955867e-05
1619	-7.02953298879e-05
1620	-7.01444641891e-05
1621	-6.99935984903e-05
1622	-6.98427327915e-05
1623	-6.96918670927e-05
1624	-6.95410013939e-05
1625	-6.9390135695e-05
1626	-6.92392699962e-05
1627	-6.90884042974e-05
1628	-6.89375385986e-05
1629	-6.87866728998e-05
1630	-6.8635807201e-05
1631	-6.84849415022e-05
1632	-6.83340758034e-05
1633	-6.81832101046e-05
1634	-6.80323444058e-05
1635	-6.7881478707e-05
1636	-6.77306130082e-05
1637	-6.75797473094e-05
1638	-6.70978191135e-05
1639	-6.62848116225e-05
1640	-6.54718041314e-05
1641	-6.46587966403e-05
1642	-6.38457891493e-05
1643	-6.30327816582e-05
1644	-6.22197741671e-05
1645	-6.1406766676e-05
1646	-6.0593759185e-05
1647	-5.97807516939e-05
1648	-5.89677442028e-05
1649	-5.81547367118e-05
1650	-5.73417292207e-05
1651	-5.65287217296e-05
1652	-5.57157142386e-05
1653	-5.49027067475e-05
1654	-5.40896992564e-05
1655	-5.32766917654e-05
1656	-5.24636842743e-05
1657	-5.16506767832e-05
1658	-5.08376692922e-05
1659	-5.00246618011e-05
1660	-4.921165431e-05
1661	-4.83986468189e-05
1662	-4.75856393279e-05
1663	-4.74289604437e-05
1664	-4.79286439769e-05
1665	-4.84283275101e-05
1666	-4.89280110433e-05
1667	-4.94276945765e-05
1668	-4.99273781097e-05
1669	-5.04270616429e-05
1670	-5.09267451761e-05
1671	-5.14264287093e-05
1672	-5.19261122425e-05
1673	-5.24257957757e-05
1674	-5.29254793089e-05
1675	-5.34251628421e-05
1676	-5.39248463754e-05
1677	-5.44245299086e-05
1678	-5.49242134418e-05
1679	-5.5423896975e-05
1680	-5.59235805082e-05
1681	-5.64232640414e-05
1682	-5.69229475746e-05
1683	-5.74226311078e-05
1684	-5.7922314641e-05
1685	-5.84219981742e-05
1686	-5.89216817074e-05
1687	-5.94213652406e-05
1688	-5.94964930393e-05
1689	-5.91470429036e-05
1690	-5.87975927679e-05
1691	-5.84481426322e-05
1692	-5.80986924965e-05
1693	-5.77492423608e-05
1694	-5.73997922251e-05
1695	-5.70503420894e-05
1696	-5.67008919537e-05
1697	-5.6351441818e-05
1698	-5.60019916823e-05
1699	-5.56525415467e-05
1700	-5.5303091411e-05
1701	-5.49536412753e-05
1702	-5.46041911396e-05
1703	-5.42547410039e-05
1704	-5.39052908682e-05
1705	-5.35558407325e-05
1706	-5.32063905968e-05
1707	-5.28569404611e-05
1708	-5.25074903254e-05
1709	-5.21580401897e-05
1710	-5.18085900541e-05
1711	-5.14591399184e-05
1712	-5.11096897827e-05
1713	-5.07566314271e-05
1714	-5.03999646601e-05
1715	-5.00432978931e-05
1716	-4.96866311262e-05
1717	-4.93299643592e-05
1718	-4.89732975922e-05
1719	-4.86166308253e-05
1720	-4.82599640583e-05
1721	-4.79032972914e-05
1722	-4.75466305244e-05
1723	-4.71899637574e-05
1724	-4.68332969905e-05
1725	-4.64766302235e-05
1726	-4.61199634565e-05
1727	-4.57632966896e-05
1728	-4.54066299226e-05
1729	-4.50499631556e-05
1730	-4.46932963887e-05
1731	-4.43366296217e-05
1732	-4.39799628547e-05
1733	-4.36232960878e-05
1734	-4.32666293208e-05
1735	-4.29099625538e-05
1736	-4.25532957869e-05
1737	-4.21966290199e-05
1738	-4.19143205393e-05
1739	-4.17063743484e-05
1740	-4.14984281576e-05
1741	-4.12904819667e-05
1742	-4.10825357758e-05
1743	-4.0874589585e-05
1744	-4.06666433941e-05
1745	-4.04586972032e-05
1746	-4.02507510124e-05
1747	-4.00428048215e-05
1748	-3.98348586306e-05
1749	-3.96269124398e-05
1750	-3.94189662489e-05
1751	-3.9211020058e-05
1752	-3.90030738672e-05
1753	-3.87951276763e-05
1754	-3.85871814854e-05
1755	-3.83792352946e-05
1756	-3.81712891037e-05
1757	-3.79633429128e-05
1758	-3.7755396722e-05
1759	-3.75474505311e-05
1760	-3.73395043402e-05
1761	-3.71315581494e-05
1762	-3.69236119585e-05
1763	-3.65034102527e-05
1764	-3.587094144e-05
1765	-3.52384726273e-05
1766	-3.46060038145e-05
1767	-3.39735350018e-05
1768	-3.33410661891e-05
1769	-3.27085973764e-05
1770	-3.20761285636e-05
1771	-3.14436597509e-05
1772	-3.08111909382e-05
1773	-3.01787221255e-05
1774	-2.95462533127e-05
1775	-2.89137845e-05
1776	-2.82813156873e-05
1777	-2.76488468746e-05
1778	-2.70163780618e-05
1779	-2.63839092491e-05
1780	-2.57514404364e-05
1781	-2.51189716237e-05
1782	-2.44865028109e-05
1783	-2.38540339982e-05
1784	-2.32215651855e-05
1785	-2.25890963728e-05
1786	-2.195662756e-05
1787	-2.13241587473e-05
1788	-2.0629620479e-05
1789	-1.98730093171e-05
1790	-1.91163981552e-05
1791	-1.83597869933e-05
1792	-1.76031758314e-05
1793	-1.68465646696e-05
1794	-1.60899535077e-05
1795	-1.53333423458e-05
1796	-1.45767311839e-05
1797	-1.38201200221e-05
1798	-1.30635088602e-05
1799	-1.23068976983e-05
1800	-1.15502865364e-05
1801	-1.07936753746e-05
1802	-1.00370642127e-05
1803	-9.2804530508e-06
1804	-8.52384188893e-06
1805	-7.76723072705e-06
1806	-7.01061956517e-06
1807	-6.2540084033e-06
1808	-5.49739724142e-06
1809	-4.74078607954e-06
1810	-3.98417491767e-06
1811	-3.22756375579e-06
1812	-2.47095259391e-06
1813	-1.4475654728e-06
1814	-1.57387409572e-07
1815	1.13279065365e-06
1816	2.42296871688e-06
1817	3.7131467801e-06
1818	5.00332484333e-06
1819	6.29350290655e-06
1820	7.58368096978e-06
1821	8.873859033e-06
1822	1.01640370962e-05
1823	1.14542151595e-05
1824	1.27443932227e-05
1825	1.40345712859e-05
1826	1.53247493491e-05
1827	1.66149274124e-05
1828	1.79051054756e-05
1829	1.91952835388e-05
1830	2.0485461602e-05
1831	2.17756396653e-05
1832	2.30658177285e-05
1833	2.43559957917e-05
1834	2.56461738549e-05
1835	2.69363519182e-05
1836	2.82265299814e-05
1837	2.95167080446e-05
1838	3.26194929111e-05
1839	3.7534987786e-05
1840	4.24504826608e-05
1841	4.73659775357e-05
1842	5.22814724106e-05
1843	5.71969672855e-05
1844	6.21124621604e-05
1845	6.70279570352e-05
1846	7.19434519101e-05
1847	7.6858946785e-05
1848	8.17744416599e-05
1849	8.66899365348e-05
1850	9.16054314096e-05
1851	9.65209262845e-05
1852	0.000101436421159
1853	0.000106351916034
1854	0.000111267410909
1855	0.000116182905784
1856	0.000121098400659
1857	0.000126013895534
1858	0.000130929390409
1859	0.000135844885284
1860	0.000140760380158
1861	0.000145675875033
1862	0.000150591369908
1863	0.000160593872789
1864	0.000175683677258
1865	0.000190773481727
1866	0.000205863286197
1867	0.000220953090666
1868	0.000236042895135
1869	0.000251132699604
1870	0.000266222504073
1871	0.000281312308542
1872	0.000296402113011
1873	0.00031149191748
1874	0.000326581721949
1875	0.000341671526419
1876	0.000356761330888
1877	0.000371851135357
1878	0.000386940939826
1879	0.000402030744295
1880	0.000417120548764
1881	0.000432210353233
1882	0.000447300157702
1883	0.000462389962171
1884	0.000477479766641
1885	0.00049256957111
1886	0.000507659375579
1887	0.000522749180048
1888	0.000568679509748
1889	0.000645452168441
1890	0.000722224827135
1891	0.000798997485828
1892	0.000875770144522
1893	0.000952542803215
1894	0.00102931546191
1895	0.0011060881206
1896	0.0011828607793
1897	0.00125963343799
1898	0.00133640609668
1899	0.00141317875538
1900	0.00148995141407
1901	0.00156672407276
1902	0.00164349673146
1903	0.00172026939015
1904	0.00179704204884
1905	0.00187381470754
1906	0.00195058736623
1907	0.00202736002492
1908	0.00210413268362
1909	0.00218090534231
1910	0.00225767800101
1911	0.0023344506597
1912	0.00241122331839
1913	0.00246500669893
1914	0.00249579943893
1915	0.00252659217893
1916	0.00255738491893
1917	0.00258817765893
1918	0.00261897039893
1919	0.00264976313893
1920	0.00268055587893
1921	0.00271134861893
1922	0.00274214135893
1923	0.00277293409893
1924	0.00280372683893
1925	0.00283451957893
1926	0.00286531231893
1927	0.00289610505893
1928	0.00292689779893
1929	0.00295769053894
1930	0.00298848327894
1931	0.00301927601894
1932	0.00305006875894
1933	0.00308086149894
1934	0.00311165423894
1935	0.00314244697894
1936	0.00317323971894
1937	0.00320403245894
1938	0.00321742169609
1939	0.00321340638556
1940	0.00320939107502
1941	0.00320537576449
1942	0.00320136045395
1943	0.00319734514342
1944	0.00319332983288
1945	0.00318931452235
1946	0.00318529921181
1947	0.00318128390128
1948	0.00317726859074
1949	0.00317325328021
1950	0.00316923796967
1951	0.00316522265914
1952	0.0031612073486
1953	0.00315719203807
1954	0.00315317672753
1955	0.003149161417
1956	0.00314514610646
1957	0.00314113079593
1958	0.00313711548539
1959	0.00313310017486
1960	0.00312908486432
1961	0.00312506955379
1962	0.00312105424325
1963	0.0031140633166
1964	0.00310409659286
1965	0.00309412986913
1966	0.0030841631454
1967	0.00307419642166
1968	0.00306422969793
1969	0.0030542629742
1970	0.00304429625047
1971	0.00303432952673
1972	0.003024362803
1973	0.00301439607927
1974	0.00300442935553
1975	0.0029944626318
1976	0.00298449590807
1977	0.00297452918434
1978	0.0029645624606
1979	0.00295459573687
1980	0.00294462901314
1981	0.0029346622894
1982	0.00292469556567
1983	0.00291472884194
1984	0.00290476211821
1985	0.00289479539447
1986	0.00288482867074
1987	0.00287486194701
1988	0.00288811395305
1989	0.00292458611882
1990	0.00296105828458
1991	0.00299753045035
1992	0.00303400261611
1993	0.00307047478188
1994	0.00310694694765
1995	0.00314341911341
1996	0.00317989127918
1997	0.00321636344494
1998	0.00325283561071
1999	0.00328930777647
2000	0.00332577994224
2001	0.003362252108
2002	0.00339872427377
2003	0.00343519643953
2004	0.0034716686053
2005	0.00350814077106
2006	0.00354461293683
2007	0.00358108510259
2008	0.00361755726836
2009	0.00365402943412
2010	0.00369050159989
2011	0.00372697376565
2012	0.00376344593142
2013	0.00376263901989
2014	0.00372455070634
2015	0.00368646239278
2016	0.00364837407923
2017	0.00361028576568
2018	0.00357219745213
2019	0.00353410913857
2020	0.00349602082502
2021	0.00345793251147
2022	0.00341984419792
2023	0.00338175588436
2024	0.00334366757081
2025	0.00330557925726
2026	0.00326749094371
2027	0.00322940263015
2028	0.0031913143166
2029	0.00315322600305
2030	0.00311513768949
2031	0.00307704937594
2032	0.00303896106239
2033	0.00300087274884
2034	0.00296278443528
2035	0.00292469612173
2036	0.00288660780818
2037	0.00284851949463
2038	0.0028320530595
2039	0.00283720986791
2040	0.00284236667632
2041	0.00284752348472
2042	0.00285268029313
2043	0.00285783710153
2044	0.00286299390994
2045	0.00286815071834
2046	0.00287330752675
2047	0.00287846433515
2048	0.00288362114356
2049	0.00288877795197
2050	0.00289393476037
2051	0.00289909156878
2052	0.00290424837718
2053	0.00290940518559
2054	0.00291456199399
2055	0.0029197188024
2056	0.0029248756108
2057	0.00293003241921
2058	0.00293518922761
2059	0.00294034603602
2060	0.00294550284443
2061	0.00295065965283
2062	0.00295581646124
2063	0.00294830459594
2064	0.00292812324729
2065	0.00290794189865
2066	0.00288776055
2067	0.00286757920135
2068	0.0028473978527
2069	0.00282721650406
2070	0.00280703515541
2071	0.00278685380676
2072	0.00276667245812
2073	0.00274649110947
2074	0.00272630976082
2075	0.00270612841217
2076	0.00268594706353
2077	0.00266576571488
2078	0.00264558436623
2079	0.00262540301759
2080	0.00260522166894
2081	0.00258504032029
2082	0.00256485897164
2083	0.002544677623
2084	0.00252449627435
2085	0.0025043149257
2086	0.00248413357705
2087	0.00246395222841
2088	0.00245790278387
2089	0.00246598615754
2090	0.00247406953121
2091	0.00248215290489
2092	0.00249023627856
2093	0.00249831965223
2094	0.00250640302591
2095	0.00251448639958
2096	0.00252256977326
2097	0.00253065314693
2098	0.0025387365206
2099	0.00254681989428
2100	0.00255490326795
2101	0.00256298664163
2102	0.0025710700153
2103	0.00257915338897
2104	0.00258723676265
2105	0.00259532013632
2106	0.00260340351
2107	0.00261148688367
2108	0.00261957025734
2109	0.00262765363102
2110	0.00263573700469
2111	0.00264382037837
2112	0.00265190375204
2113	0.00265315804528
2114	0.00264758281107
2115	0.00264200757686
2116	0.00263643234265
2117	0.00263085710843
2118	0.00262528187422
2119	0.00261970664001
2120	0.0026141314058
2121	0.00260855617158
2122	0.00260298093737
2123	0.00259740570316
2124	0.00259183046895
2125	0.00258625523473
2126	0.00258068000052
2127	0.00257510476631
2128	0.0025695295321
2129	0.00256395429788
2130	0.00255837906367
2131	0.00255280382946
2132	0.00254722859525
2133	0.00254165336103
2134	0.00253607812682
2135	0.00253050289261
2136	0.0025249276584
2137	0.00251935242418
2138	0.00249580418935
2139	0.00245428176349
2140	0.00241275933762
2141	0.00237123691176
2142	0.00232971448589
2143	0.00228819206003
2144	0.00224666963416
2145	0.0022051472083
2146	0.00216362478243
2147	0.00212210235657
2148	0.0020805799307
2149	0.00203905750484
2150	0.00199753507897
2151	0.00195601265311
2152	0.00191449022724
2153	0.00187296780138
2154	0.00183144537551
2155	0.00178992294965
2156	0.00174840052379
2157	0.00170687809792
2158	0.00166535567206
2159	0.00162383324619
2160	0.00158231082033
2161	0.00154078839446
2162	0.0014992659686
2163	0.00149148508206
2164	0.00151744799582
2165	0.00154341090959
2166	0.00156937382335
2167	0.00159533673711
2168	0.00162129965087
2169	0.00164726256463
2170	0.0016732254784
2171	0.00169918839216
2172	0.00172515130592
2173	0.00175111421968
2174	0.00177707713344
2175	0.0018030400472
2176	0.00182900296097
2177	0.00185496587473
2178	0.00188092878849
2179	0.00190689170225
2180	0.00193285461601
2181	0.00195881752978
2182	0.00198478044354
2183	0.0020107433573
2184	0.00203670627106
2185	0.00206266918482
2186	0.00208863209859
2187	0.00211459501235
2188	0.00211540472408
2189	0.00209105952884
2190	0.00206671433359
2191	0.00204236913834
2192	0.00201802394309
2193	0.00199367874785
2194	0.0019693335526
2195	0.00194498835735
2196	0.0019206431621
2197	0.00189629796685
2198	0.00187195277161
2199	0.00184760757636
2200	0.00182326238111
2201	0.00179891718586
2202	0.00177457199061
2203	0.00175022679537
2204	0.00172588160012
2205	0.00170153640487
2206	0.00167719120962
2207	0.00165284601438
2208	0.00162850081913
2209	0.00160415562388
2210	0.00157981042863
2211	0.00155546523338
2212	0.00153112003814
2213	0.0015387638633
2214	0.00157839890196
2215	0.00161803394063
2216	0.00165766897929
2217	0.00169730401795
2218	0.00173693905662
2219	0.00177657409528
2220	0.00181620913395
2221	0.00185584417261
2222	0.00189547921128
2223	0.00193511424994
2224	0.0019747492886
2225	0.00201438432727
2226	0.00205401936593
2227	0.0020936544046
2228	0.00213328944326
2229	0.00217292448192
2230	0.00221255952059
2231	0.00225219455925
2232	0.00229182959792
2233	0.00233146463658
2234	0.00237109967524
2235	0.00241073471391
2236	0.00245036975257
2237	0.00249000479124
2238	0.00249420403838
2239	0.00246296503717
2240	0.00243172603595
2241	0.00240048703473
2242	0.00236924803351
2243	0.0023380090323
2244	0.00230677003108
2245	0.00227553102986
2246	0.00224429202864
2247	0.00221305302743
2248	0.00218181402621
2249	0.00215057502499
2250	0.00211933602377
2251	0.00208809702256
2252	0.00205685802134
2253	0.00202561902012
2254	0.0019943800189
2255	0.00196314101768
2256	0.00193190201647
2257	0.00190066301525
2258	0.00186942401403
2259	0.00183818501281
2260	0.0018069460116
2261	0.00177570701038
2262	0.00174446800916
2263	0.00172991920893
2264	0.00173206177979
2265	0.00173420435065
2266	0.00173634692151
2267	0.00173848949237
2268	0.00174063206323
2269	0.00174277463409
2270	0.00174491720494
2271	0.0017470597758
2272	0.00174920234666
2273	0.00175134491752
2274	0.00175348748838
2275	0.00175563005924
2276	0.0017577726301
2277	0.00175991520096
2278	0.00176205777182
2279	0.00176420034268
2280	0.00176634291354
2281	0.00176848548439
2282	0.00177062805525
2283	0.00177277062611
2284	0.00177491319697
2285	0.00177705576783
2286	0.00177919833869
2287	0.00178134090955
2288	0.00175319488666
2289	0.00169475812312
2290	0.00163632135958
2291	0.00157788459604
2292	0.0015194478325
2293	0.00146101106896
2294	0.00140257430542
2295	0.00134413754188
2296	0.00128570077834
2297	0.0012272640148
2298	0.00116882725126
2299	0.00111039048772
2300	0.00105195372417
2301	0.000993516960634
2302	0.000935080197094
2303	0.000876643433553
2304	0.000818206670013
2305	0.000759769906472
2306	0.000701333142931
2307	0.000642896379391
2308	0.00058445961585
2309	0.00052602285231
2310	0.000467586088769
2311	0.000409149325228
2312	0.000350712561688
2313	0.000316943907086
2314	0.000307845129054
2315	0.000298746351021
2316	0.000289647572988
2317	0.000280548794955
2318	0.000271450016923
2319	0.00026235123889
2320	0.000253252460857
2321	0.000244153682824
2322	0.000235054904791
2323	0.000225956126759
2324	0.000216857348726
2325	0.000207758570693
2326	0.00019865979266
2327	0.000189561014627
2328	0.000180462236595
2329	0.000171363458562
2330	0.000162264680529
2331	0.000153165902496
2332	0.000144067124463
2333	0.000134968346431
2334	0.000125869568398
2335	0.000116770790365
2336	0.000107672012332
2337	9.85732342995e-05
2338	9.29986498722e-05
2339	9.09485143119e-05
2340	8.88983787516e-05
2341	8.68482431912e-05
2342	8.47981076309e-05
2343	8.27479720706e-05
2344	8.06978365102e-05
2345	7.86477009499e-05
2346	7.65975653896e-05
2347	7.45474298292e-05
2348	7.24972942689e-05
2349	7.04471587086e-05
2350	6.83970231482e-05
2351	6.63468875879e-05
2352	6.42967520276e-05
2353	6.22466164672e-05
2354	6.01964809069e-05
2355	5.81463453466e-05
2356	5.60962097862e-05
2357	5.40460742259e-05
2358	5.19959386656e-05
2359	4.99458031052e-05
2360	4.78956675449e-05
2361	4.58455319846e-05
2362	4.37953964242e-05
2363	4.2296563415e-05
2364	4.13490733156e-05
2365	4.04015832161e-05
2366	3.94540931166e-05
2367	3.85066030172e-05
2368	3.75591129177e-05
2369	3.66116228182e-05
2370	3.56641327187e-05
2371	3.47166426193e-05
2372	3.37691525198e-05
2373	3.28216624203e-05
2374	3.18741723209e-05
2375	3.09266822214e-05
2376	2.99791921219e-05
2377	2.90317020224e-05
2378	2.8084211923e-05
2379	2.71367218235e-05
2380	2.6189231724e-05
2381	2.52417416245e-05
2382	2.42942515251e-05
2383	2.33467614256e-05
2384	2.23992713261e-05
2385	2.14517812267e-05
2386	2.05042911272e-05
2387	1.95568010277e-05
2388	1.88788138061e-05
2389	1.84703494003e-05
2390	1.80618849944e-05
2391	1.76534205886e-05
2392	1.72449561828e-05
2393	1.68364917769e-05
2394	1.64280273711e-05
2395	1.60195629653e-05
2396	1.56110985595e-05
2397	1.52026341536e-05
2398	1.47941697478e-05
2399	1.4385705342e-05
2400	1.39772409362e-05
2401	1.35687765303e-05
2402	1.31603121245e-05
2403	1.27518477187e-05
2404	1.23433833128e-05
2405	1.1934918907e-05
2406	1.15264545012e-05
2407	1.11179900954e-05
2408	1.07095256895e-05
2409	1.03010612837e-05
2410	9.89259687787e-06
2411	9.48413247205e-06
2412	9.07566806622e-06
2413	8.88729710297e-06
2414	8.91903603543e-06
2415	8.9507749679e-06
2416	8.98251390036e-06
2417	9.01425283283e-06
2418	9.04599176529e-06
2419	9.07773069775e-06
2420	9.10946963022e-06
2421	9.14120856268e-06
2422	9.17294749515e-06
2423	9.20468642761e-06
2424	9.23642536008e-06
2425	9.26816429254e-06
2426	9.299903225e-06
2427	9.33164215747e-06
2428	9.36338108993e-06
2429	9.3951200224e-06
2430	9.42685895486e-06
2431	9.45859788733e-06
2432	9.49033681979e-06
2433	9.52207575225e-06
2434	9.55381468472e-06
2435	9.58555361718e-06
2436	9.61729254965e-06
2437	9.64903148211e-06
2438	9.56836708835e-06
2439	9.37529087856e-06
2440	9.18221466876e-06
2441	8.98913845897e-06
2442	8.79606224917e-06
2443	8.60298603938e-06
2444	8.40990982958e-06
2445	8.21683361979e-06
2446	8.02375740999e-06
2447	7.8306812002e-06
2448	7.6376049904e-06
2449	7.44452878061e-06
2450	7.25145257081e-06
2451	7.05837636102e-06
2452	6.86530015122e-06
2453	6.67222394142e-06
2454	6.47914773163e-06
2455	6.28607152183e-06
2456	6.09299531204e-06
2457	5.89991910224e-06
2458	5.70684289245e-06
2459	5.51376668265e-06
2460	5.32069047286e-06
2461	5.12761426306e-06
2462	4.93453805327e-06
2463	4.82672563526e-06
2464	4.80418351506e-06
2465	4.78164139485e-06
2466	4.75909927465e-06
2467	4.73655715445e-06
2468	4.71401503425e-06
2469	4.69147291405e-06
2470	4.66893079384e-06
2471	4.64638867364e-06
2472	4.62384655344e-06
2473	4.60130443324e-06
2474	4.57876231304e-06
2475	4.55622019283e-06
2476	4.53367807263e-06
2477	4.51113595243e-06
2478	4.48859383223e-06
2479	4.46605171203e-06
2480	4.44350959182e-06
2481	4.42096747162e-06
2482	4.39842535142e-06
2483	4.37588323122e-06
2484	4.35334111102e-06
2485	4.33079899081e-06
2486	4.30825687061e-06
2487	4.28571475041e-06
2488	4.23447785559e-06
2489	4.15454397439e-06
2490	4.07461009318e-06
2491	3.99467621197e-06
2492	3.91474233077e-06
2493	3.83480844956e-06
2494	3.75487456836e-06
2495	3.67494068715e-06
2496	3.59500680594e-06
2497	3.51507292474e-06
2498	3.43513904353e-06
2499	3.35520516233e-06
2500	3.27527128112e-06
2501	3.19533739991e-06
2502	3.11540351871e-06
2503	3.0354696375e-06
2504	2.9555357563e-06
2505	2.87560187509e-06
2506	2.79566799388e-06
2507	2.71573411268e-06
2508	2.63580023147e-06
2509	2.55586635027e-06
2510	2.47593246906e-06
2511	2.39599858785e-06
2512	2.31606470665e-06
2513	2.27506946943e-06
2514	2.27301590773e-06
2515	2.27096234604e-06
2516	2.26890878434e-06
2517	2.26685522264e-06
2518	2.26480166095e-06
2519	2.26274809925e-06
2520	2.26069453755e-06
2521	2.25864097586e-06
2522	2.25658741416e-06
2523	2.25453385246e-06
2524	2.25248029077e-06
2525	2.25042672907e-06
2526	2.24837316737e-06
2527	2.24631960568e-06
2528	2.24426604398e-06
2529	2.24221248228e-06
2530	2.24015892059e-06
2531	2.23810535889e-06
2532	2.23605179719e-06
2533	2.2339982355e-06
2534	2.2319446738e-06
2535	2.2298911121e-06
2536	2.22783755041e-06
2537	2.22578398871e-06
2538	2.20312972207e-06
2539	2.15987313069e-06
2540	2.11661653931e-06
2541	2.07335994793e-06
2542	2.03010335655e-06
2543	1.98684676516e-06
2544	1.94359017378e-06
2545	1.9003335824e-06
2546	1.85707699102e-06
2547	1.81382039964e-06
2548	1.77056380826e-06
2549	1.72730721687e-06
2550	1.68405062549e-06
2551	1.64079403411e-06
2552	1.59753744273e-06
2553	1.55428085135e-06
2554	1.51102425996e-06
2555	1.46776766858e-06
2556	1.4245110772e-06
2557	1.38125448582e-06
2558	1.33799789444e-06
2559	1.29474130305e-06
2560	1.25148471167e-06
2561	1.20822812029e-06
2562	1.16497152891e-06
2563	1.12924634617e-06
2564	1.1010531701e-06
2565	1.07285999403e-06
2566	1.04466681795e-06
2567	1.01647364188e-06
2568	9.88280465808e-07
2569	9.60087289735e-07
2570	9.31894113663e-07
2571	9.0370093759e-07
2572	8.75507761517e-07
2573	8.47314585445e-07
2574	8.19121409372e-07
2575	7.90928233299e-07
2576	7.62735057227e-07
2577	7.34541881154e-07
2578	7.06348705081e-07
2579	6.78155529009e-07
2580	6.49962352936e-07
2581	6.21769176863e-07
2582	5.93576000791e-07
2583	5.65382824718e-07
2584	5.37189648645e-07
2585	5.08996472573e-07
2586	4.808032965e-07
2587	4.52610120427e-07
2588	4.34353742056e-07
2589	4.26034958098e-07
2590	4.17716174141e-07
2591	4.09397390184e-07
2592	4.01078606227e-07
2593	3.92759822269e-07
2594	3.84441038312e-07
2595	3.76122254355e-07
2596	3.67803470398e-07
2597	3.5948468644e-07
2598	3.51165902483e-07
2599	3.42847118526e-07
2600	3.34528334569e-07
2601	3.26209550611e-07
2602	3.17890766654e-07
2603	3.09571982697e-07
2604	3.01253198739e-07
2605	2.92934414782e-07
2606	2.84615630825e-07
2607	2.76296846868e-07
2608	2.6797806291e-07
2609	2.59659278953e-07
2610	2.51340494996e-07
2611	2.43021711039e-07
2612	2.34702927081e-07
2613	2.28742953181e-07
2614	2.25141980289e-07
2615	2.21541007398e-07
2616	2.17940034506e-07
2617	2.14339061615e-07
2618	2.10738088724e-07
2619	2.07137115832e-07
2620	2.03536142941e-07
2621	1.99935170049e-07
2622	1.96334197158e-07
2623	1.92733224266e-07
2624	1.89132251375e-07
2625	1.85531278483e-07
2626	1.81930305592e-07
2627	1.783293327e-07
2628	1.74728359809e-07
2629	1.71127386917e-07
2630	1.67526414026e-07
2631	1.63925441134e-07
2632	1.60324468243e-07
2633	1.56723495351e-07
2634	1.5312252246e-07
2635	1.49521549568e-07
2636	1.45920576677e-07
2637	1.42319603785e-07
2638	1.41132306321e-07
2639	1.42358881548e-07
2640	1.43585456775e-07
2641	1.44812032002e-07
2642	1.46038607229e-07
2643	1.47265182456e-07
2644	1.48491757683e-07
2645	1.4971833291e-07
2646	1.50944908137e-07
2647	1.52171483364e-07
2648	1.53398058591e-07
2649	1.54624633818e-07
2650	1.55851209045e-07
2651	1.57077784272e-07
2652	1.58304359499e-07
2653	1.59530934726e-07
2654	1.60757509953e-07
2655	1.6198408518e-07
2656	1.63210660407e-07
2657	1.64437235634e-07
2658	1.65663810861e-07
2659	1.66890386088e-07
2660	1.68116961314e-07
2661	1.69343536541e-07
2662	1.70570111768e-07
2663	1.69767132504e-07
2664	1.66934431305e-07
2665	1.64101730105e-07
2666	1.61269028906e-07
2667	1.58436327707e-07
2668	1.55603626508e-07
2669	1.52770925309e-07
2670	1.4993822411e-07
2671	1.47105522911e-07
2672	1.44272821711e-07
2673	1.41440120512e-07
2674	1.38607419313e-07
2675	1.35774718114e-07
2676	1.32942016915e-07
2677	1.30109315716e-07
2678	1.27276614517e-07
2679	1.24443913317e-07
2680	1.21611212118e-07
2681	1.18778510919e-07
2682	1.1594580972e-07
2683	1.13113108521e-07
2684	1.10280407322e-07
2685	1.07447706123e-07
2686	1.04615004923e-07
2687	1.01782303724e-07
2688	9.98668576594e-08
2689	9.88687431151e-08
2690	9.78706285707e-08
2691	9.68725140263e-08
2692	9.5874399482e-08
2693	9.48762849376e-08
2694	9.38781703932e-08
2695	9.28800558488e-08
2696	9.18819413045e-08
2697	9.08838267601e-08
2698	8.98857122157e-08
2699	8.88875976714e-08
2700	8.7889483127e-08
2701	8.68913685826e-08
2702	8.58932540382e-08
2703	8.48951394939e-08
2704	8.38970249495e-08
2705	8.28989104051e-08
2706	8.19007958608e-08
2707	8.09026813164e-08
2708	7.9904566772e-08
2709	7.89064522276e-08
2710	7.79083376833e-08
2711	7.69102231389e-08
2712	7.59121085945e-08
2713	7.48621653039e-08
2714	7.37603889108e-08
2715	7.26586125177e-08
2716	7.15568361246e-08
2717	7.04550597315e-08
2718	6.93532833383e-08
2719	6.82515069452e-08
2720	6.71497305521e-08
2721	6.6047954159e-08
2722	6.49461777659e-08
2723	6.38444013727e-08
2724	6.27426249796e-08
2725	6.16408485865e-08
2726	6.05390721934e-08
2727	5.94372958003e-08
2728	5.83355194071e-08
2729	5.7233743014e-08
2730	5.61319666209e-08
2731	5.50301902278e-08
2732	5.39284138347e-08
2733	5.28266374415e-08
2734	5.17248610484e-08
2735	5.06230846553e-08
2736	4.95213082622e-08
2737	4.84195318691e-08
2738	4.75749945359e-08
2739	4.69877180832e-08
2740	4.64004416306e-08
2741	4.5813165178e-08
2742	4.52258887253e-08
2743	4.46386122727e-08
2744	4.40513358201e-08
2745	4.34640593674e-08
2746	4.28767829148e-08
2747	4.22895064622e-08
2748	4.17022300095e-08
2749	4.11149535569e-08
2750	4.05276771043e-08
2751	3.99404006516e-08
2752	3.9353124199e-08
2753	3.87658477464e-08
2754	3.81785712937e-08
2755	3.75912948411e-08
2756	3.70040183885e-08
2757	3.64167419358e-08
2758	3.58294654832e-08
2759	3.52421890306e-08
2760	3.46549125779e-08
2761	3.40676361253e-08
2762	3.34803596727e-08
2763	3.33016014724e-08
2764	3.35313964941e-08
2765	3.37611915157e-08
2766	3.39909865374e-08
2767	3.42207815591e-08
2768	3.44505765808e-08
2769	3.46803716024e-08
2770	3.49101666241e-08
2771	3.51399616458e-08
2772	3.53697566675e-08
2773	3.55995516891e-08
2774	3.58293467108e-08
2775	3.60591417325e-08
2776	3.62889367542e-08
2777	3.65187317758e-08
2778	3.67485267975e-08
2779	3.69783218192e-08
2780	3.72081168409e-08
2781	3.74379118625e-08
2782	3.76677068842e-08
2783	3.78975019059e-08
2784	3.81272969276e-08
2785	3.83570919492e-08
2786	3.85868869709e-08
2787	3.88166819926e-08
2788	3.848379459e-08
2789	3.7588176161e-08
2790	3.66925577319e-08
2791	3.57969393029e-08
2792	3.49013208739e-08
2793	3.40057024449e-08
2794	3.31100840159e-08
2795	3.22144655869e-08
2796	3.13188471579e-08
2797	3.04232287289e-08
2798	2.95276102999e-08
2799	2.86319918709e-08
2800	2.77363734419e-08
2801	2.68407550129e-08
2802	2.59451365839e-08
2803	2.50495181549e-08
2804	2.41538997259e-08
2805	2.32582812969e-08
2806	2.23626628679e-08
2807	2.14670444389e-08
2808	2.05714260099e-08
2809	1.96758075808e-08
2810	1.87801891518e-08
2811	1.78845707228e-08
2812	1.69889522938e-08
2813	1.64435003238e-08
2814	1.624824533e-08
2815	1.60529903361e-08
2816	1.58577353422e-08
2817	1.56624803484e-08
2818	1.54672253545e-08
2819	1.52719703607e-08
2820	1.50767153668e-08
2821	1.4881460373e-08
2822	1.46862053791e-08
2823	1.44909503852e-08
2824	1.42956953914e-08
2825	1.41004403975e-08
2826	1.39051854037e-08
2827	1.37099304098e-08
2828	1.3514675416e-08
2829	1.33194204221e-08
2830	1.31241654282e-08
2831	1.29289104344e-08
2832	1.27336554405e-08
2833	1.25384004467e-08
2834	1.23431454528e-08
2835	1.2147890459e-08
2836	1.19526354651e-08
2837	1.17573804712e-08
2838	1.15360491799e-08
2839	1.12886392982e-08
2840	1.10412294165e-08
2841	1.07938195348e-08
2842	1.05464096531e-08
2843	1.02989997715e-08
2844	1.00515898898e-08
2845	9.80418000811e-09
2846	9.55677012643e-09
2847	9.30936024475e-09
2848	9.06195036307e-09
2849	8.8145404814e-09
2850	8.56713059972e-09
2851	8.31972071804e-09
2852	8.07231083636e-09
2853	7.82490095469e-09
2854	7.57749107301e-09
2855	7.33008119133e-09
2856	7.08267130965e-09
2857	6.83526142797e-09
2858	6.5878515463e-09
2859	6.34044166462e-09
2860	6.09303178294e-09
2861	5.84562190126e-09
2862	5.59821201959e-09
2863	5.42780410759e-09
2864	5.33440499535e-09
2865	5.24100588311e-09
2866	5.14760677086e-09
2867	5.05420765862e-09
2868	4.96080854638e-09
2869	4.86740943413e-09
2870	4.77401032189e-09
2871	4.68061120965e-09
2872	4.5872120974e-09
2873	4.49381298516e-09
2874	4.40041387292e-09
2875	4.30701476067e-09
2876	4.21361564843e-09
2877	4.12021653619e-09
2878	4.02681742394e-09
2879	3.9334183117e-09
2880	3.84001919946e-09
2881	3.74662008721e-09
2882	3.65322097497e-09
2883	3.55982186272e-09
2884	3.46642275048e-09
2885	3.37302363824e-09
2886	3.27962452599e-09
2887	3.18622541375e-09
2888	3.12451788433e-09
2889	3.09450477333e-09
2890	3.06449166232e-09
2891	3.03447855132e-09
2892	3.00446544032e-09
2893	2.97445232931e-09
2894	2.94443921831e-09
2895	2.9144261073e-09
2896	2.8844129963e-09
2897	2.8543998853e-09
2898	2.82438677429e-09
2899	2.79437366329e-09
2900	2.76436055228e-09
2901	2.73434744128e-09
2902	2.70433433028e-09
2903	2.67432121927e-09
2904	2.64430810827e-09
2905	2.61429499726e-09
2906	2.58428188626e-09
2907	2.55426877526e-09
2908	2.52425566425e-09
2909	2.49424255325e-09
2910	2.46422944224e-09
2911	2.43421633124e-09
2912	2.40420322024e-09
2913	2.37036470062e-09
2914	2.33270042714e-09
2915	2.29503615366e-09
2916	2.25737188019e-09
2917	2.21970760671e-09
2918	2.18204333323e-09
2919	2.14437905976e-09
2920	2.10671478628e-09
2921	2.0690505128e-09
2922	2.03138623933e-09
2923	1.99372196585e-09
2924	1.95605769237e-09
2925	1.9183934189e-09
2926	1.88072914542e-09
2927	1.84306487194e-09
2928	1.80540059847e-09
2929	1.76773632499e-09
2930	1.73007205152e-09
2931	1.69240777804e-09
2932	1.65474350456e-09
2933	1.61707923109e-09
2934	1.57941495761e-09
2935	1.54175068413e-09
2936	1.50408641066e-09
2937	1.46642213718e-09
2938	1.43225203048e-09
2939	1.4015764086e-09
2940	1.37090078673e-09
2941	1.34022516485e-09
2942	1.30954954298e-09
2943	1.2788739211e-09
2944	1.24819829923e-09
2945	1.21752267735e-09
2946	1.18684705548e-09
2947	1.1561714336e-09
2948	1.12549581173e-09
2949	1.09482018985e-09
2950	1.06414456798e-09
2951	1.0334689461e-09
2952	1.00279332423e-09
2953	9.72117702354e-10
2954	9.41442080479e-10
2955	9.10766458604e-10
2956	8.80090836729e-10
2957	8.49415214854e-10
2958	8.18739592979e-10
2959	7.88063971104e-10
2960	7.57388349229e-10
2961	7.26712727354e-10
2962	6.96037105479e-10
2963	6.66415359076e-10
2964	6.37847584889e-10
2965	6.09279810701e-10
2966	5.80712036514e-10
2967	5.52144262326e-10
2968	5.23576488139e-10
2969	4.95008713952e-10
2970	4.66440939764e-10
2971	4.37873165577e-10
2972	4.0930539139e-10
2973	3.80737617202e-10
2974	3.52169843015e-10
2975	3.23602068828e-10
2976	2.9503429464e-10
2977	2.66466520453e-10
2978	2.37898746266e-10
2979	2.09330972078e-10
2980	1.80763197891e-10
2981	1.52195423704e-10
2982	1.23627649516e-10
2983	9.50598753291e-11
2984	6.64921011417e-11
2985	3.79243269544e-11
2986	9.35655276703e-12
2987	-1.92112214203e-11
2988	-2.75418282573e-11
2989	-1.56333943211e-11
2990	-3.72496038486e-12
2991	8.18347355134e-12
2992	2.00919074875e-11
2993	3.20003414237e-11
2994	4.39087753599e-11
2995	5.58172092961e-11
2996	6.77256432323e-11
2997	7.96340771685e-11
2998	9.15425111047e-11
2999	1.03450945041e-10
3000	1.15359378977e-10
3001	1.27267812913e-10
3002	1.39176246849e-10
3003	1.51084680786e-10
3004	1.62993114722e-10
3005	1.74901548658e-10
3006	1.86809982594e-10
3007	1.9871841653e-10
3008	2.10626850467e-10
3009	2.22535284403e-10
3010	2.34443718339e-10
3011	2.46352152275e-10
3012	2.58260586211e-10
3013	2.61944710583e-10
3014	2.57403757667e-10
3015	2.52862804751e-10
3016	2.48321851835e-10
3017	2.43780898919e-10
3018	2.39239946003e-10
3019	2.34698993086e-10
3020	2.3015804017e-10
3021	2.25617087254e-10
3022	2.21076134338e-10
3023	2.16535181422e-10
3024	2.11994228506e-10
3025	2.07453275589e-10
3026	2.02912322673e-10
3027	1.98371369757e-10
3028	1.93830416841e-10
3029	1.89289463925e-10
3030	1.84748511009e-10
3031	1.80207558093e-10
3032	1.75666605176e-10
3033	1.7112565226e-10
3034	1.66584699344e-10
3035	1.62043746428e-10
3036	1.57502793512e-10
3037	1.52961840596e-10
3038	1.46779200557e-10
3039	1.38954718877e-10
3040	1.31130237196e-10
3041	1.23305755515e-10
3042	1.15481273834e-10
3043	1.07656792153e-10
3044	9.98323104724e-11
3045	9.20078287915e-11
3046	8.41833471107e-11
3047	7.63588654299e-11
3048	6.8534383749e-11
3049	6.07099020682e-11
3050	5.28854203874e-11
3051	4.50609387066e-11
3052	3.72364570257e-11
3053	2.94119753449e-11
3054	2.15874936641e-11
3055	1.37630119832e-11
3056	5.93853030241e-12
3057	-1.88595137842e-12
3058	-9.71043305925e-12
3059	-1.75349147401e-11
3060	-2.53593964209e-11
3061	-3.31838781017e-11
3062	-4.10083597826e-11
3063	-3.90101796293e-11
3064	-2.71884054959e-11
3065	-1.53666313625e-11
3066	-3.54485722912e-12
3067	8.27691690428e-12
3068	2.00986910377e-11
3069	3.19204651711e-11
3070	4.37422393044e-11
3071	5.55640134378e-11
3072	6.73857875712e-11
3073	7.92075617046e-11
3074	9.1029335838e-11
3075	1.02851109971e-10
3076	1.14672884105e-10
3077	1.26494658238e-10
3078	1.38316432372e-10
3079	1.50138206505e-10
3080	1.61959980638e-10
3081	1.73781754772e-10
3082	1.85603528905e-10
3083	1.97425303039e-10
3084	2.09247077172e-10
3085	2.21068851305e-10
3086	2.32890625439e-10
3087	2.44712399572e-10
3088	2.46655474952e-10
3089	2.38718906463e-10
3090	2.30782337973e-10
3091	2.22845769483e-10
3092	2.14909200993e-10
3093	2.06972632503e-10
3094	1.99036064013e-10
3095	1.91099495524e-10
3096	1.83162927034e-10
3097	1.75226358544e-10
3098	1.67289790054e-10
3099	1.59353221564e-10
3100	1.51416653074e-10
3101	1.43480084585e-10
3102	1.35543516095e-10
3103	1.27606947605e-10
3104	1.19670379115e-10
3105	1.11733810625e-10
3106	1.03797242135e-10
3107	9.58606736456e-11
3108	8.79241051558e-11
3109	7.9987536666e-11
3110	7.20509681761e-11
3111	6.41143996863e-11
3112	5.61778311965e-11
3113	5.42058446661e-11
3114	5.81990153607e-11
3115	6.21921860553e-11
3116	6.61853567499e-11
3117	7.01785274445e-11
3118	7.41716981391e-11
3119	7.81648688337e-11
3120	8.21580395283e-11
3121	8.61512102229e-11
3122	9.01443809175e-11
3123	9.41375516122e-11
3124	9.81307223068e-11
3125	1.02123893001e-10
3126	1.06117063696e-10
3127	1.10110234391e-10
3128	1.14103405085e-10
3129	1.1809657578e-10
3130	1.22089746474e-10
3131	1.26082917169e-10
3132	1.30076087864e-10
3133	1.34069258558e-10
3134	1.38062429253e-10
3135	1.42055599947e-10
3136	1.46048770642e-10
3137	1.50041941337e-10
3138	1.49759730684e-10
3139	1.45201723023e-10
3140	1.40643715363e-10
3141	1.36085707703e-10
3142	1.31527700042e-10
3143	1.26969692382e-10
3144	1.22411684722e-10
3145	1.17853677061e-10
3146	1.13295669401e-10
3147	1.08737661741e-10
3148	1.04179654081e-10
3149	9.96216464203e-11
3150	9.506363876e-11
3151	9.05056310997e-11
3152	8.59476234394e-11
3153	8.13896157791e-11
3154	7.68316081188e-11
3155	7.22736004585e-11
3156	6.77155927982e-11
3157	6.31575851379e-11
3158	5.85995774776e-11
3159	5.40415698173e-11
3160	4.9483562157e-11
3161	4.49255544967e-11
3162	4.03675468364e-11
3163	3.75688105033e-11
3164	3.65295178994e-11
3165	3.54902252955e-11
3166	3.44509326916e-11
3167	3.34116400877e-11
3168	3.23723474839e-11
3169	3.133305488e-11
3170	3.02937622761e-11
3171	2.92544696722e-11
3172	2.82151770683e-11
3173	2.71758844645e-11
3174	2.61365918606e-11
3175	2.50972992567e-11
3176	2.40580066528e-11
3177	2.30187140489e-11
3178	2.19794214451e-11
3179	2.09401288412e-11
3180	1.99008362373e-11
3181	1.88615436334e-11
3182	1.78222510295e-11
3183	1.67829584257e-11
3184	1.57436658218e-11
3185	1.47043732179e-11
3186	1.3665080614e-11
3187	1.26257880101e-11
3188	1.27156234575e-11
3189	1.39346984813e-11
3190	1.51537735051e-11
3191	1.63728485289e-11
3192	1.75919235527e-11
3193	1.88109985765e-11
3194	2.00300736003e-11
3195	2.1249148624e-11
3196	2.24682236478e-11
3197	2.36872986716e-11
3198	2.49063736954e-11
3199	2.61254487192e-11
3200	2.7344523743e-11
3201	2.85635987668e-11
3202	2.97826737906e-11
3203	3.10017488144e-11
3204	3.22208238382e-11
3205	3.3439898862e-11
3206	3.46589738857e-11
3207	3.58780489095e-11
3208	3.70971239333e-11
3209	3.83161989571e-11
3210	3.95352739809e-11
3211	4.07543490047e-11
3212	4.19734240285e-11
3213	4.19325739893e-11
3214	4.0631673467e-11
3215	3.93307729447e-11
3216	3.80298724224e-11
3217	3.67289719001e-11
3218	3.54280713778e-11
3219	3.41271708555e-11
3220	3.28262703332e-11
3221	3.15253698108e-11
3222	3.02244692885e-11
3223	2.89235687662e-11
3224	2.76226682439e-11
3225	2.63217677216e-11
3226	2.50208671993e-11
3227	2.3719966677e-11
3228	2.24190661547e-11
3229	2.11181656324e-11
3230	1.98172651101e-11
3231	1.85163645877e-11
3232	1.72154640654e-11
3233	1.59145635431e-11
3234	1.46136630208e-11
3235	1.33127624985e-11
3236	1.20118619762e-11
3237	1.07109614539e-11
3238	1.00243072892e-11
3239	9.95196110375e-12
3240	9.87961491826e-12
3241	9.80726873277e-12
3242	9.73492254728e-12
3243	9.66257636179e-12
3244	9.5902301763e-12
3245	9.51788399081e-12
3246	9.44553780532e-12
3247	9.37319161984e-12
3248	9.30084543435e-12
3249	9.22849924886e-12
3250	9.15615306337e-12
3251	9.08380687788e-12
3252	9.01146069239e-12
3253	8.9391145069e-12
3254	8.86676832141e-12
3255	8.79442213592e-12
3256	8.72207595044e-12
3257	8.64972976495e-12
3258	8.57738357946e-12
3259	8.50503739397e-12
3260	8.43269120848e-12
3261	8.36034502299e-12
3262	8.2879988375e-12
3263	8.22268752779e-12
3264	8.16441180505e-12
3265	8.10613608231e-12
3266	8.04786035958e-12
3267	7.98958463684e-12
3268	7.9313089141e-12
3269	7.87303319136e-12
3270	7.81475746862e-12
3271	7.75648174588e-12
3272	7.69820602314e-12
3273	7.6399303004e-12
3274	7.58165457767e-12
3275	7.52337885493e-12
3276	7.46510313219e-12
3277	7.40682740945e-12
3278	7.34855168671e-12
3279	7.29027596397e-12
3280	7.23200024123e-12
3281	7.17372451849e-12
3282	7.11544879576e-12
3283	7.05717307302e-12
3284	6.99889735028e-12
3285	6.94062162754e-12
3286	6.8823459048e-12
3287	6.82407018206e-12
3288	6.63936997628e-12
3289	6.32823240861e-12
3290	6.01709484093e-12
3291	5.70595727326e-12
3292	5.39481970558e-12
3293	5.08368213791e-12
3294	4.77254457023e-12
3295	4.46140700256e-12
3296	4.15026943488e-12
3297	3.83913186721e-12
3298	3.52799429953e-12
3299	3.21685673186e-12
3300	2.90571916418e-12
3301	2.59458159651e-12
3302	2.28344402883e-12
3303	1.97230646116e-12
3304	1.66116889348e-12
3305	1.35003132581e-12
3306	1.03889375814e-12
3307	7.2775619046e-13
3308	4.16618622786e-13
3309	1.05481055111e-13
3310	-2.05656512564e-13
3311	-5.16794080239e-13
3312	-8.27931647913e-13
3313	-9.83508415491e-13
3314	-9.83508415491e-13
3315	-9.83508415491e-13
3316	-9.83508415491e-13
3317	-9.83508415491e-13
3318	-9.83508415491e-13
3319	-9.83508415491e-13
3320	-9.83508415491e-13
3321	-9.83508415491e-13
3322	-9.83508415491e-13
3323	-9.83508415491e-13
3324	-9.83508415491e-13
