50	9.3850832242e-12
51	9.5732186239e-12
52	9.7613540236e-12
53	9.94948942331e-12
54	1.0137624823e-11
55	1.03257602227e-11
56	1.05138956224e-11
57	1.07020310221e-11
58	1.08901664218e-11
59	1.10783018215e-11
60	1.12664372212e-11
61	1.14545726209e-11
62	1.16427080206e-11
63	1.19304388681e-11
64	1.23177653562e-11
65	1.27050918443e-11
66	1.30924183324e-11
67	1.34797448205e-11
68	1.38670713086e-11
69	1.42543977967e-11
70	1.46417242848e-11
71	1.50290507729e-11
72	1.5416377261e-11
73	1.58037037491e-11
74	1.61910302372e-11
75	1.65783567253e-11
76	1.69656832134e-11
77	1.73530097015e-11
78	1.77403361896e-11
79	1.81276626777e-11
80	1.85149891658e-11
81	1.89023156539e-11
82	1.9289642142e-11
83	1.96769686301e-11
84	2.00642951182e-11
85	2.04516216063e-11
86	2.08389480944e-11
87	2.12262745825e-11
88	2.17127492003e-11
89	2.22983722167e-11
90	2.28839952332e-11
91	2.34696182496e-11
92	2.4055241266e-11
93	2.46408642824e-11
94	2.52264872989e-11
95	2.58121103153e-11
96	2.63977333317e-11
97	2.69833563481e-11
98	2.75689793646e-11
99	2.8154602381e-11
100	2.87402253974e-11
101	2.93258484138e-11
102	2.99114714303e-11
103	3.04970944467e-11
104	3.10827174631e-11
105	3.16683404796e-11
106	3.2253963496e-11
107	3.28395865124e-11
108	3.34252095288e-11
109	3.40108325453e-11
110	3.45964555617e-11
111	3.51820785781e-11
112	3.57677015945e-11
113	3.66760858411e-11
114	3.7907232443e-11
115	3.91383790448e-11
116	4.03695256467e-11
117	4.16006722486e-11
118	4.28318188504e-11
119	4.40629654523e-11
120	4.52941120542e-11
121	4.6525258656e-11
122	4.77564052579e-11
123	4.89875518597e-11
124	5.02186984616e-11
125	5.14498450635e-11
126	5.26809916653e-11
127	5.39121382672e-11
128	5.5143284869e-11
129	5.63744314709e-11
130	5.76055780728e-11
131	5.88367246746e-11
132	6.00678712765e-11
133	6.12990178783e-11
134	6.25301644802e-11
135	6.37613110821e-11
136	6.49924576839e-11
137	6.62236042858e-11
138	6.84495818212e-11
139	7.16703945287e-11
140	7.48912072361e-11
141	7.81120199436e-11
142	8.13328326511e-11
143	8.45536453586e-11
144	8.7774458066e-11
145	9.09952707735e-11
146	9.4216083481e-11
147	9.74368961885e-11
148	1.00657708896e-10
149	1.03878521603e-10
150	1.07099334311e-10
151	1.10320147018e-10
152	1.13540959726e-10
153	1.16761772433e-10
154	1.19982585141e-10
155	1.23203397848e-10
156	1.26424210556e-10
157	1.29645023263e-10
158	1.32865835971e-10
159	1.36086648678e-10
160	1.39307461386e-10
161	1.42528274093e-10
162	1.45749086801e-10
163	1.51126958251e-10
164	1.58661899306e-10
165	1.66196840361e-10
166	1.73731781416e-10
167	1.81266722471e-10
168	1.88801663527e-10
169	1.96336604582e-10
170	2.03871545637e-10
171	2.11406486692e-10
172	2.18941427747e-10
173	2.26476368802e-10
174	2.34011309857e-10
175	2.41546250912e-10
176	2.49081191967e-10
177	2.56616133022e-10
178	2.64151074077e-10
179	2.71686015132e-10
180	2.79220956187e-10
181	2.86755897242e-10
182	2.94290838297e-10
183	3.01825779352e-10
184	3.09360720407e-10
185	3.16895661462e-10
186	3.24430602517e-10
187	3.31965543572e-10
188	3.44452683187e-10
189	3.61892050133e-10
190	3.79331417078e-10
191	3.96770784024e-10
192	4.14210150969e-10
193	4.31649517915e-10
194	4.4908888486e-10
195	4.66528251806e-10
196	4.83967618751e-10
197	5.01406985697e-10
198	5.18846352642e-10
199	5.36285719588e-10
200	5.53725086534e-10
201	5.71164453479e-10
202	5.88603820425e-10
203	6.0604318737e-10
204	6.23482554316e-10
205	6.40921921261e-10
206	6.58361288207e-10
207	6.75800655152e-10
208	6.93240022098e-10
209	7.10679389043e-10
210	7.28118755989e-10
211	7.45558122934e-10
212	7.6299748988e-10
213	7.96871293959e-10
214	8.47179643383e-10
215	8.97487992807e-10
216	9.47796342231e-10
217	9.98104691655e-10
218	1.04841304108e-09
219	1.0987213905e-09
220	1.14902973993e-09
221	1.19933808935e-09
222	1.24964643877e-09
223	1.2999547882e-09
224	1.35026313762e-09
225	1.40057148705e-09
226	1.45087983647e-09
227	1.50118818589e-09
228	1.55149653532e-09
229	1.60180488474e-09
230	1.65211323417e-09
231	1.70242158359e-09
232	1.75272993301e-09
233	1.80303828244e-09
234	1.85334663186e-09
235	1.90365498129e-09
236	1.95396333071e-09
237	2.00427168013e-09
238	2.16638390945e-09
239	2.44030084142e-09
240	2.71421777339e-09
241	2.98813470536e-09
242	3.26205163733e-09
243	3.53596856931e-09
244	3.80988550128e-09
245	4.08380243325e-09
246	4.35771936522e-09
247	4.63163629719e-09
248	4.90555322917e-09
249	5.17947016114e-09
250	5.45338709311e-09
251	5.72730402508e-09
252	6.00122095705e-09
253	6.27513788903e-09
254	6.549054821e-09
255	6.82297175297e-09
256	7.09688868494e-09
257	7.37080561692e-09
258	7.64472254889e-09
259	7.91863948086e-09
260	8.19255641283e-09
261	8.4664733448e-09
262	8.74039027678e-09
263	1.07939220256e-08
264	1.46270830662e-08
265	1.84602441068e-08
266	2.22934051474e-08
267	2.6126566188e-08
268	2.99597272286e-08
269	3.37928882692e-08
270	3.76260493098e-08
271	4.14592103504e-08
272	4.52923713909e-08
273	4.91255324315e-08
274	5.29586934721e-08
275	5.67918545127e-08
276	6.06250155533e-08
277	6.44581765939e-08
278	6.82913376345e-08
279	7.21244986751e-08
280	7.59576597157e-08
281	7.97908207563e-08
282	8.36239817969e-08
283	8.74571428375e-08
284	9.1290303878e-08
285	9.51234649186e-08
286	9.89566259592e-08
287	1.02789787e-07
288	9.32652055573e-08
289	7.0382762636e-08
290	4.75003197147e-08
291	2.46178767934e-08
292	1.73543387216e-09
293	-2.11470090491e-08
294	-4.40294519704e-08
295	-6.69118948917e-08
296	-8.9794337813e-08
297	-1.12676780734e-07
298	-1.35559223656e-07
299	-1.58441666577e-07
300	-1.81324109498e-07
301	-2.04206552419e-07
302	-2.27088995341e-07
303	-2.49971438262e-07
304	-2.72853881183e-07
305	-2.95736324104e-07
306	-3.18618767026e-07
307	-3.41501209947e-07
308	-3.64383652868e-07
309	-3.8726609579e-07
310	-4.10148538711e-07
311	-4.33030981632e-07
312	-4.55913424553e-07
313	-6.10835754252e-07
314	-8.97799249272e-07
315	-1.18476274429e-06
316	-1.47172623931e-06
317	-1.75868973433e-06
318	-2.04565322935e-06
319	-2.33261672437e-06
320	-2.61958021939e-06
321	-2.90654371441e-06
322	-3.19350720943e-06
323	-3.48047070445e-06
324	-3.76743419947e-06
325	-4.05439769448e-06
326	-4.3413611895e-06
327	-4.62832468452e-06
328	-4.91528817954e-06
329	-5.20225167456e-06
330	-5.48921516958e-06
331	-5.7761786646e-06
332	-6.06314215962e-06
333	-6.35010565464e-06
334	-6.63706914966e-06
335	-6.92403264468e-06
336	-7.2109961397e-06
337	-7.49795963472e-06
338	-7.69022545351e-06
339	-7.78779260577e-06
340	-7.88535975804e-06
341	-7.9829269103e-06
342	-8.08049406256e-06
343	-8.17806121482e-06
344	-8.27562836708e-06
345	-8.37319551934e-06
346	-8.4707626716e-06
347	-8.56832982386e-06
348	-8.66589697612e-06
349	-8.76346412838e-06
350	-8.86103128064e-06
351	-8.9585984329e-06
352	-9.05616558516e-06
353	-9.15373273742e-06
354	-9.25129988968e-06
355	-9.34886704194e-06
356	-9.44643419421e-06
357	-9.54400134647e-06
358	-9.64156849873e-06
359	-9.73913565099e-06
360	-9.83670280325e-06
361	-9.93426995551e-06
362	-1.00318371078e-05
363	-1.01444476062e-05
364	-1.02721016199e-05
365	-1.03997556335e-05
366	-1.05274096472e-05
367	-1.06550636608e-05
368	-1.07827176744e-05
369	-1.09103716881e-05
370	-1.10380257017e-05
371	-1.11656797154e-05
372	-1.1293333729e-05
373	-1.14209877426e-05
374	-1.15486417563e-05
375	-1.16762957699e-05
376	-1.18039497836e-05
377	-1.19316037972e-05
378	-1.20592578108e-05
379	-1.21869118245e-05
380	-1.23145658381e-05
381	-1.24422198518e-05
382	-1.25698738654e-05
383	-1.26975278791e-05
384	-1.28251818927e-05
385	-1.29528359063e-05
386	-1.308048992e-05
387	-1.32081439336e-05
388	-1.34548125578e-05
389	-1.38204972215e-05
390	-1.41861818852e-05
391	-1.4551866549e-05
392	-1.49175512127e-05
393	-1.52832358764e-05
394	-1.56489205401e-05
395	-1.60146052038e-05
396	-1.63802898676e-05
397	-1.67459745313e-05
398	-1.7111659195e-05
399	-1.74773438587e-05
400	-1.78430285224e-05
401	-1.82087131862e-05
402	-1.85743978499e-05
403	-1.89400825136e-05
404	-1.93057671773e-05
405	-1.9671451841e-05
406	-2.00371365048e-05
407	-2.04028211685e-05
408	-2.07685058322e-05
409	-2.11341904959e-05
410	-2.14998751596e-05
411	-2.18655598234e-05
412	-2.22312444871e-05
413	-2.23928862797e-05
414	-2.23504825933e-05
415	-2.23080789069e-05
416	-2.22656752205e-05
417	-2.22232715341e-05
418	-2.21808678477e-05
419	-2.21384641613e-05
420	-2.20960604748e-05
421	-2.20536567884e-05
422	-2.2011253102e-05
423	-2.19688494156e-05
424	-2.19264457292e-05
425	-2.18840420428e-05
426	-2.18416383564e-05
427	-2.179923467e-05
428	-2.17568309835e-05
429	-2.17144272971e-05
430	-2.16720236107e-05
431	-2.16296199243e-05
432	-2.15872162379e-05
433	-2.15448125515e-05
434	-2.15024088651e-05
435	-2.14600051786e-05
436	-2.14176014922e-05
437	-2.13751978058e-05
438	-2.15491413371e-05
439	-2.1939435019e-05
440	-2.23297287009e-05
441	-2.27200223828e-05
442	-2.31103160647e-05
443	-2.35006097466e-05
444	-2.38909034285e-05
445	-2.42811971104e-05
446	-2.46714907923e-05
447	-2.50617844742e-05
448	-2.5452078156e-05
449	-2.58423718379e-05
450	-2.62326655198e-05
451	-2.66229592017e-05
452	-2.70132528836e-05
453	-2.74035465655e-05
454	-2.77938402474e-05
455	-2.81841339293e-05
456	-2.85744276112e-05
457	-2.89647212931e-05
458	-2.9355014975e-05
459	-2.97453086569e-05
460	-3.01356023387e-05
461	-3.05258960206e-05
462	-3.09161897025e-05
463	-3.10605836182e-05
464	-3.09590742436e-05
465	-3.0857564869e-05
466	-3.07560554944e-05
467	-3.06545461198e-05
468	-3.05530367452e-05
469	-3.04515273706e-05
470	-3.0350017996e-05
471	-3.02485086214e-05
472	-3.01469992468e-05
473	-3.00454898722e-05
474	-2.99439804976e-05
475	-2.9842471123e-05
476	-2.97409617484e-05
477	-2.96394523738e-05
478	-2.95379429992e-05
479	-2.94364336246e-05
480	-2.933492425e-05
481	-2.92334148754e-05
482	-2.91319055008e-05
483	-2.90303961262e-05
484	-2.89288867516e-05
485	-2.8827377377e-05
486	-2.87258680024e-05
487	-2.86243586278e-05
488	-2.86584176282e-05
489	-2.88280470514e-05
490	-2.89976764747e-05
491	-2.91673058979e-05
492	-2.93369353211e-05
493	-2.95065647443e-05
494	-2.96761941675e-05
495	-2.98458235907e-05
496	-3.00154530139e-05
497	-3.01850824371e-05
498	-3.03547118604e-05
499	-3.05243412836e-05
500	-3.06939707068e-05
501	-3.086360013e-05
502	-3.10332295532e-05
503	-3.12028589764e-05
504	-3.13724883996e-05
505	-3.15421178228e-05
506	-3.17117472461e-05
507	-3.18813766693e-05
508	-3.20510060925e-05
509	-3.22206355157e-05
510	-3.23902649389e-05
511	-3.25598943621e-05
512	-3.27295237853e-05
513	-3.30621360239e-05
514	-3.3557733666e-05
515	-3.40533313081e-05
516	-3.45489289503e-05
517	-3.50445265924e-05
518	-3.55401242345e-05
519	-3.60357218766e-05
520	-3.65313195187e-05
521	-3.70269171609e-05
522	-3.7522514803e-05
523	-3.80181124451e-05
524	-3.85137100872e-05
525	-3.90093077293e-05
526	-3.95049053715e-05
527	-4.00005030136e-05
528	-4.04961006557e-05
529	-4.09916982978e-05
530	-4.14872959399e-05
531	-4.19828935821e-05
532	-4.24784912242e-05
533	-4.29740888663e-05
534	-4.34696865084e-05
535	-4.39652841505e-05
536	-4.44608817927e-05
537	-4.49564794348e-05
538	-4.49959789994e-05
539	-4.45793728902e-05
540	-4.4162766781e-05
541	-4.37461606718e-05
542	-4.33295545626e-05
543	-4.29129484535e-05
544	-4.24963423443e-05
545	-4.20797362351e-05
546	-4.16631301259e-05
547	-4.12465240168e-05
548	-4.08299179076e-05
549	-4.04133117984e-05
550	-3.99967056892e-05
551	-3.958009958e-05
552	-3.91634934709e-05
553	-3.87468873617e-05
554	-3.83302812525e-05
555	-3.79136751433e-05
556	-3.74970690341e-05
557	-3.7080462925e-05
558	-3.66638568158e-05
559	-3.62472507066e-05
560	-3.58306445974e-05
561	-3.54140384882e-05
562	-3.49974323791e-05
563	-3.47888185836e-05
564	-3.4788200727e-05
565	-3.47875828704e-05
566	-3.47869650138e-05
567	-3.47863471572e-05
568	-3.47857293006e-05
569	-3.4785111444e-05
570	-3.47844935874e-05
571	-3.47838757308e-05
572	-3.47832578742e-05
573	-3.47826400176e-05
574	-3.4782022161e-05
575	-3.47814043044e-05
576	-3.47807864478e-05
577	-3.47801685912e-05
578	-3.47795507346e-05
579	-3.4778932878e-05
580	-3.47783150213e-05
581	-3.47776971647e-05
582	-3.47770793081e-05
583	-3.47764614515e-05
584	-3.47758435949e-05
585	-3.47752257383e-05
586	-3.47746078817e-05
587	-3.47739900251e-05
588	-3.47105315053e-05
589	-3.45842311782e-05
590	-3.44579308512e-05
591	-3.43316305241e-05
592	-3.42053301971e-05
593	-3.407902987e-05
594	-3.39527295429e-05
595	-3.38264292159e-05
596	-3.37001288888e-05
597	-3.35738285618e-05
598	-3.34475282347e-05
599	-3.33212279076e-05
600	-3.31949275806e-05
601	-3.30686272535e-05
602	-3.29423269265e-05
603	-3.28160265994e-05
604	-3.26897262724e-05
605	-3.25634259453e-05
606	-3.24371256182e-05
607	-3.23108252912e-05
608	-3.21845249641e-05
609	-3.20582246371e-05
610	-3.193192431e-05
611	-3.18056239829e-05
612	-3.16793236559e-05
613	-3.13492232272e-05
614	-3.08153188291e-05
615	-3.0281414431e-05
616	-2.97475100329e-05
617	-2.92136056348e-05
618	-2.86797012367e-05
619	-2.81457968386e-05
620	-2.76118924405e-05
621	-2.70779880424e-05
622	-2.65440836443e-05
623	-2.60101792462e-05
624	-2.54762748481e-05
625	-2.494237045e-05
626	-2.44084660519e-05
627	-2.38745616538e-05
628	-2.33406572557e-05
629	-2.28067528576e-05
630	-2.22728484595e-05
631	-2.17389440613e-05
632	-2.12050396632e-05
633	-2.06711352651e-05
634	-2.0137230867e-05
635	-1.96033264689e-05
636	-1.90694220708e-05
637	-1.85355176727e-05
638	-1.69245100929e-05
639	-1.4236378055e-05
640	-1.1548246017e-05
641	-8.86011397907e-06
642	-6.17198194112e-06
643	-3.48384990317e-06
644	-7.95717865215e-07
645	1.89241417274e-06
646	4.58054621069e-06
647	7.26867824864e-06
648	9.95681028659e-06
649	1.26449423245e-05
650	1.53330743625e-05
651	1.80212064004e-05
652	2.07093384384e-05
653	2.33974704764e-05
654	2.60856025143e-05
655	2.87737345523e-05
656	3.14618665902e-05
657	3.41499986282e-05
658	3.68381306661e-05
659	3.95262627041e-05
660	4.2214394742e-05
661	4.490252678e-05
662	4.75906588179e-05
663	5.36218425352e-05
664	6.29961465583e-05
665	7.23704505815e-05
666	8.17447546046e-05
667	9.11190586277e-05
668	0.000100493362651
669	0.000109867666674
670	0.000119241970697
671	0.00012861627472
672	0.000137990578743
673	0.000147364882766
674	0.000156739186789
675	0.000166113490813
676	0.000175487794836
677	0.000184862098859
678	0.000194236402882
679	0.000203610706905
680	0.000212985010928
681	0.000222359314951
682	0.000231733618974
683	0.000241107922997
684	0.000250482227021
685	0.000259856531044
686	0.000269230835067
687	0.00027860513909
688	0.000316662700982
689	0.000383404131775
690	0.000450145562569
691	0.000516886993362
692	0.000583628424155
693	0.000650369854948
694	0.000717111285742
695	0.000783852716535
696	0.000850594147328
697	0.000917335578121
698	0.000984077008915
699	0.00105081843971
700	0.0011175598705
701	0.00118430130129
702	0.00125104273209
703	0.00131778416288
704	0.00138452559367
705	0.00145126702447
706	0.00151800845526
707	0.00158474988605
708	0.00165149131685
709	0.00171823274764
710	0.00178497417843
711	0.00185171560923
712	0.00191845704002
713	0.00196627266072
714	0.00199516205348
715	0.00202405144625
716	0.00205294083902
717	0.00208183023178
718	0.00211071962455
719	0.00213960901732
720	0.00216849841008
721	0.00219738780285
722	0.00222627719562
723	0.00225516658838
724	0.00228405598115
725	0.00231294537391
726	0.00234183476668
727	0.00237072415945
728	0.00239961355221
729	0.00242850294498
730	0.00245739233775
731	0.00248628173051
732	0.00251517112328
733	0.00254406051605
734	0.00257294990881
735	0.00260183930158
736	0.00263072869435
737	0.00265961808711
738	0.0026683350082
739	0.00265687899661
740	0.00264542298503
741	0.00263396697345
742	0.00262251096186
743	0.00261105495028
744	0.00259959893869
745	0.00258814292711
746	0.00257668691553
747	0.00256523090394
748	0.00255377489236
749	0.00254231888078
750	0.00253086286919
751	0.00251940685761
752	0.00250795084603
753	0.00249649483444
754	0.00248503882286
755	0.00247358281128
756	0.00246212679969
757	0.00245067078811
758	0.00243921477652
759	0.00242775876494
760	0.00241630275336
761	0.00240484674177
762	0.00239339073019
763	0.00239677632831
764	0.00241500388679
765	0.00243323144528
766	0.00245145900376
767	0.00246968656224
768	0.00248791412073
769	0.00250614167921
770	0.00252436923769
771	0.00254259679618
772	0.00256082435466
773	0.00257905191314
774	0.00259727947163
775	0.00261550703011
776	0.00263373458859
777	0.00265196214708
778	0.00267018970556
779	0.00268841726404
780	0.00270664482253
781	0.00272487238101
782	0.00274309993949
783	0.00276132749798
784	0.00277955505646
785	0.00279778261494
786	0.00281601017343
787	0.00283423773191
788	0.0028388292088
789	0.00282978427136
790	0.00282073933391
791	0.00281169439647
792	0.00280264945902
793	0.00279360452158
794	0.00278455958413
795	0.00277551464669
796	0.00276646970925
797	0.0027574247718
798	0.00274837983436
799	0.00273933489691
800	0.00273028995947
801	0.00272124502202
802	0.00271220008458
803	0.00270315514714
804	0.00269411020969
805	0.00268506527225
806	0.0026760203348
807	0.00266697539736
808	0.00265793045991
809	0.00264888552247
810	0.00263984058503
811	0.00263079564758
812	0.00262175071014
813	0.00262234515945
814	0.00263257923821
815	0.00264281331697
816	0.00265304739572
817	0.00266328147448
818	0.00267351555324
819	0.002683749632
820	0.00269398371075
821	0.00270421778951
822	0.00271445186827
823	0.00272468594702
824	0.00273492002578
825	0.00274515410454
826	0.00275538818329
827	0.00276562226205
828	0.00277585634081
829	0.00278609041957
830	0.00279632449832
831	0.00280655857708
832	0.00281679265584
833	0.00282702673459
834	0.00283726081335
835	0.00284749489211
836	0.00285772897087
837	0.00286796304962
838	0.00287667944546
839	0.00288387811901
840	0.00289107679255
841	0.00289827546609
842	0.00290547413963
843	0.00291267281317
844	0.00291987148672
845	0.00292707016026
846	0.0029342688338
847	0.00294146750734
848	0.00294866618088
849	0.00295586485443
850	0.00296306352797
851	0.00297026220151
852	0.00297746087505
853	0.00298465954859
854	0.00299185822214
855	0.00299905689568
856	0.00300625556922
857	0.00301345424276
858	0.00302065291631
859	0.00302785158985
860	0.00303505026339
861	0.00304224893693
862	0.00304944761047
863	0.00303083793985
864	0.00298641923532
865	0.00294200053079
866	0.00289758182626
867	0.00285316312173
868	0.0028087444172
869	0.00276432571267
870	0.00271990700814
871	0.00267548830361
872	0.00263106959908
873	0.00258665089454
874	0.00254223219001
875	0.00249781348548
876	0.00245339478095
877	0.00240897607642
878	0.00236455737189
879	0.00232013866736
880	0.00227571996283
881	0.0022313012583
882	0.00218688255377
883	0.00214246384924
884	0.00209804514471
885	0.00205362644018
886	0.00200920773565
887	0.00196478903112
888	0.00196211657896
889	0.0020011915272
890	0.00204026647544
891	0.00207934142368
892	0.00211841637192
893	0.00215749132015
894	0.00219656626839
895	0.00223564121663
896	0.00227471616487
897	0.0023137911131
898	0.00235286606134
899	0.00239194100958
900	0.00243101595782
901	0.00247009090605
902	0.00250916585429
903	0.00254824080253
904	0.00258731575077
905	0.00262639069901
906	0.00266546564724
907	0.00270454059548
908	0.00274361554372
909	0.00278269049196
910	0.00282176544019
911	0.00286084038843
912	0.00289991533667
913	0.0029079763922
914	0.00288502267812
915	0.00286206896403
916	0.00283911524995
917	0.00281616153586
918	0.00279320782178
919	0.0027702541077
920	0.00274730039361
921	0.00272434667953
922	0.00270139296545
923	0.00267843925136
924	0.00265548553728
925	0.0026325318232
926	0.00260957810911
927	0.00258662439503
928	0.00256367068095
929	0.00254071696686
930	0.00251776325278
931	0.00249480953869
932	0.00247185582461
933	0.00244890211053
934	0.00242594839644
935	0.00240299468236
936	0.00238004096828
937	0.00235708725419
938	0.00235567662696
939	0.00237580971239
940	0.00239594279781
941	0.00241607588324
942	0.00243620896867
943	0.00245634205409
944	0.00247647513952
945	0.00249660822495
946	0.00251674131038
947	0.0025368743958
948	0.00255700748123
949	0.00257714056666
950	0.00259727365208
951	0.00261740673751
952	0.00263753982294
953	0.00265767290836
954	0.00267780599379
955	0.00269793907922
956	0.00271807216465
957	0.00273820525007
958	0.0027583383355
959	0.00277847142093
960	0.00279860450635
961	0.00281873759178
962	0.00283887067721
963	0.00283855038093
964	0.00281777609294
965	0.00279700180495
966	0.00277622751696
967	0.00275545322897
968	0.00273467894097
969	0.00271390465298
970	0.00269313036499
971	0.002672356077
972	0.00265158178901
973	0.00263080750102
974	0.00261003321303
975	0.00258925892504
976	0.00256848463705
977	0.00254771034906
978	0.00252693606107
979	0.00250616177308
980	0.00248538748509
981	0.0024646131971
982	0.00244383890911
983	0.00242306462112
984	0.00240229033313
985	0.00238151604514
986	0.00236074175715
987	0.00233996746916
988	0.00232359410116
989	0.00231162178783
990	0.0022996494745
991	0.00228767716117
992	0.00227570484783
993	0.0022637325345
994	0.00225176022117
995	0.00223978790783
996	0.0022278155945
997	0.00221584328117
998	0.00220387096784
999	0.0021918986545
1000	0.00217992634117
1001	0.00216795402784
1002	0.00215598171451
1003	0.00214400940117
1004	0.00213203708784
1005	0.00212006477451
1006	0.00210809246117
1007	0.00209612014784
1008	0.00208414783451
1009	0.00207217552118
1010	0.00206020320784
1011	0.00204823089451
1012	0.00203625858118
1013	0.0020422576873
1014	0.0020662287767
1015	0.0020901998661
1016	0.0021141709555
1017	0.0021381420449
1018	0.0021621131343
1019	0.0021860842237
1020	0.0022100553131
1021	0.0022340264025
1022	0.0022579974919
1023	0.0022819685813
1024	0.0023059396707
1025	0.0023299107601
1026	0.0023538818495
1027	0.0023778529389
1028	0.0024018240283
1029	0.0024257951177
1030	0.0024497662071
1031	0.0024737372965
1032	0.0024977083859
1033	0.0025216794753
1034	0.00254565056471
1035	0.00256962165411
1036	0.00259359274351
1037	0.00261756383291
1038	0.00262744206469
1039	0.00262322698579
1040	0.0026190119069
1041	0.00261479682801
1042	0.00261058174912
1043	0.00260636667022
1044	0.00260215159133
1045	0.00259793651244
1046	0.00259372143354
1047	0.00258950635465
1048	0.00258529127576
1049	0.00258107619687
1050	0.00257686111797
1051	0.00257264603908
1052	0.00256843096019
1053	0.00256421588129
1054	0.0025600008024
1055	0.00255578572351
1056	0.00255157064462
1057	0.00254735556572
1058	0.00254314048683
1059	0.00253892540794
1060	0.00253471032904
1061	0.00253049525015
1062	0.00252628017126
1063	0.00251428091619
1064	0.00249449722867
1065	0.00247471354116
1066	0.00245492985364
1067	0.00243514616612
1068	0.00241536247861
1069	0.00239557879109
1070	0.00237579510357
1071	0.00235601141606
1072	0.00233622772854
1073	0.00231644404102
1074	0.00229666035351
1075	0.00227687666599
1076	0.00225709297847
1077	0.00223730929096
1078	0.00221752560344
1079	0.00219774191592
1080	0.00217795822841
1081	0.00215817454089
1082	0.00213839085337
1083	0.00211860716586
1084	0.00209882347834
1085	0.00207903979082
1086	0.00205925610331
1087	0.00203947241579
1088	0.00199582996195
1089	0.00192832793781
1090	0.00186082591367
1091	0.00179332388953
1092	0.00172582186539
1093	0.00165831984125
1094	0.00159081781711
1095	0.00152331579297
1096	0.00145581376883
1097	0.00138831174469
1098	0.00132080972055
1099	0.00125330769641
1100	0.00118580567227
1101	0.00111830364813
1102	0.00105080162399
1103	0.000983299599845
1104	0.000915797575705
1105	0.000848295551564
1106	0.000780793527424
1107	0.000713291503284
1108	0.000645789479143
1109	0.000578287455003
1110	0.000510785430863
1111	0.000443283406722
1112	0.000375781382582
1113	0.000336614229256
1114	0.000325782923502
1115	0.000314951617749
1116	0.000304120311995
1117	0.000293289006241
1118	0.000282457700487
1119	0.000271626394733
1120	0.000260795088979
1121	0.000249963783225
1122	0.000239132477471
1123	0.000228301171717
1124	0.000217469865964
1125	0.00020663856021
1126	0.000195807254456
1127	0.000184975948702
1128	0.000174144642948
1129	0.000163313337194
1130	0.00015248203144
1131	0.000141650725686
1132	0.000130819419933
1133	0.000119988114179
1134	0.000109156808425
1135	9.8325502671e-05
1136	8.74941969171e-05
1137	7.66628911632e-05
1138	6.98893839825e-05
1139	6.71738183986e-05
1140	6.44582528146e-05
1141	6.17426872306e-05
1142	5.90271216467e-05
1143	5.63115560627e-05
1144	5.35959904788e-05
1145	5.08804248948e-05
1146	4.81648593108e-05
1147	4.54492937269e-05
1148	4.27337281429e-05
1149	4.0018162559e-05
1150	3.7302596975e-05
1151	3.4587031391e-05
1152	3.18714658071e-05
1153	2.91559002231e-05
1154	2.64403346392e-05
1155	2.37247690552e-05
1156	2.10092034712e-05
1157	1.82936378873e-05
1158	1.55780723033e-05
1159	1.28625067194e-05
1160	1.01469411354e-05
1161	7.43137555144e-06
1162	4.71580996748e-06
1163	2.99101365376e-06
1164	2.25702229903e-06
1165	1.52303094431e-06
1166	7.89039589577e-07
1167	5.50482348479e-08
1168	-6.78943119881e-07
1169	-1.41293447461e-06
1170	-2.14692582934e-06
1171	-2.88091718407e-06
1172	-3.6149085388e-06
1173	-4.34889989353e-06
1174	-5.08289124825e-06
1175	-5.81688260298e-06
1176	-6.55087395771e-06
1177	-7.28486531244e-06
1178	-8.01885666717e-06
1179	-8.7528480219e-06
1180	-9.48683937663e-06
1181	-1.02208307314e-05
1182	-1.09548220861e-05
1183	-1.16888134408e-05
1184	-1.24228047955e-05
1185	-1.31567961503e-05
1186	-1.3890787505e-05
1187	-1.46247788597e-05
1188	-1.52358052527e-05
1189	-1.57238621594e-05
1190	-1.62119190661e-05
1191	-1.66999759728e-05
1192	-1.71880328794e-05
1193	-1.76760897861e-05
1194	-1.81641466928e-05
1195	-1.86522035995e-05
1196	-1.91402605062e-05
1197	-1.96283174128e-05
1198	-2.01163743195e-05
1199	-2.06044312262e-05
1200	-2.10924881329e-05
1201	-2.15805450395e-05
1202	-2.20686019462e-05
1203	-2.25566588529e-05
1204	-2.30447157596e-05
1205	-2.35327726663e-05
1206	-2.40208295729e-05
1207	-2.45088864796e-05
1208	-2.49969433863e-05
1209	-2.5485000293e-05
1210	-2.59730571996e-05
1211	-2.64611141063e-05
1212	-2.6949171013e-05
1213	-2.72457009291e-05
1214	-2.73506966589e-05
1215	-2.74556923886e-05
1216	-2.75606881183e-05
1217	-2.76656838481e-05
1218	-2.77706795778e-05
1219	-2.78756753076e-05
1220	-2.79806710373e-05
1221	-2.80856667671e-05
1222	-2.81906624968e-05
1223	-2.82956582266e-05
1224	-2.84006539563e-05
1225	-2.85056496861e-05
1226	-2.86106454158e-05
1227	-2.87156411456e-05
1228	-2.88206368753e-05
1229	-2.89256326051e-05
1230	-2.90306283348e-05
1231	-2.91356240645e-05
1232	-2.92406197943e-05
1233	-2.9345615524e-05
1234	-2.94506112538e-05
1235	-2.95556069835e-05
1236	-2.96606027133e-05
1237	-2.9765598443e-05
1238	-3.00330793448e-05
1239	-3.04630516493e-05
1240	-3.08930239537e-05
1241	-3.13229962581e-05
1242	-3.17529685625e-05
1243	-3.2182940867e-05
1244	-3.26129131714e-05
1245	-3.30428854758e-05
1246	-3.34728577802e-05
1247	-3.39028300847e-05
1248	-3.43328023891e-05
1249	-3.47627746935e-05
1250	-3.51927469979e-05
1251	-3.56227193024e-05
1252	-3.60526916068e-05
1253	-3.64826639112e-05
1254	-3.69126362156e-05
1255	-3.73426085201e-05
1256	-3.77725808245e-05
1257	-3.82025531289e-05
1258	-3.86325254333e-05
1259	-3.90624977378e-05
1260	-3.94924700422e-05
1261	-3.99224423466e-05
1262	-4.0352414651e-05
1263	-4.03790385419e-05
1264	-4.00022982402e-05
1265	-3.96255579386e-05
1266	-3.9248817637e-05
1267	-3.88720773353e-05
1268	-3.84953370337e-05
1269	-3.8118596732e-05
1270	-3.77418564304e-05
1271	-3.73651161287e-05
1272	-3.69883758271e-05
1273	-3.66116355254e-05
1274	-3.62348952238e-05
1275	-3.58581549221e-05
1276	-3.54814146205e-05
1277	-3.51046743188e-05
1278	-3.47279340172e-05
1279	-3.43511937155e-05
1280	-3.39744534139e-05
1281	-3.35977131123e-05
1282	-3.32209728106e-05
1283	-3.2844232509e-05
1284	-3.24674922073e-05
1285	-3.20907519057e-05
1286	-3.1714011604e-05
1287	-3.13372713024e-05
1288	-3.11870738682e-05
1289	-3.12634283394e-05
1290	-3.13397828106e-05
1291	-3.14161372818e-05
1292	-3.1492491753e-05
1293	-3.15688462241e-05
1294	-3.16452006953e-05
1295	-3.17215551665e-05
1296	-3.17979096377e-05
1297	-3.18742641089e-05
1298	-3.19506185801e-05
1299	-3.20269730512e-05
1300	-3.21033275224e-05
1301	-3.21796819936e-05
1302	-3.22560364648e-05
1303	-3.2332390936e-05
1304	-3.24087454071e-05
1305	-3.24850998783e-05
1306	-3.25614543495e-05
1307	-3.26378088207e-05
1308	-3.27141632919e-05
1309	-3.27905177631e-05
1310	-3.28668722342e-05
1311	-3.29432267054e-05
1312	-3.30195811766e-05
1313	-3.31579197993e-05
1314	-3.33582450943e-05
1315	-3.35585703893e-05
1316	-3.37588956843e-05
1317	-3.39592209793e-05
1318	-3.41595462743e-05
1319	-3.43598715694e-05
1320	-3.45601968644e-05
1321	-3.47605221594e-05
1322	-3.49608474544e-05
1323	-3.51611727494e-05
1324	-3.53614980444e-05
1325	-3.55618233394e-05
1326	-3.57621486344e-05
1327	-3.59624739295e-05
1328	-3.61627992245e-05
1329	-3.63631245195e-05
1330	-3.65634498145e-05
1331	-3.67637751095e-05
1332	-3.69641004045e-05
1333	-3.71644256995e-05
1334	-3.73647509946e-05
1335	-3.75650762896e-05
1336	-3.77654015846e-05
1337	-3.79657268796e-05
1338	-3.79741134826e-05
1339	-3.7790553439e-05
1340	-3.76069933954e-05
1341	-3.74234333518e-05
1342	-3.72398733082e-05
1343	-3.70563132646e-05
1344	-3.6872753221e-05
1345	-3.66891931774e-05
1346	-3.65056331338e-05
1347	-3.63220730902e-05
1348	-3.61385130466e-05
1349	-3.5954953003e-05
1350	-3.57713929594e-05
1351	-3.55878329158e-05
1352	-3.54042728722e-05
1353	-3.52207128286e-05
1354	-3.5037152785e-05
1355	-3.48535927414e-05
1356	-3.46700326978e-05
1357	-3.44864726542e-05
1358	-3.43029126106e-05
1359	-3.4119352567e-05
1360	-3.39357925234e-05
1361	-3.37522324798e-05
1362	-3.35686724362e-05
1363	-3.36062610743e-05
1364	-3.38650077309e-05
1365	-3.41237543874e-05
1366	-3.43825010439e-05
1367	-3.46412477005e-05
1368	-3.4899994357e-05
1369	-3.51587410135e-05
1370	-3.541748767e-05
1371	-3.56762343266e-05
1372	-3.59349809831e-05
1373	-3.61937276396e-05
1374	-3.64524742961e-05
1375	-3.67112209527e-05
1376	-3.69699676092e-05
1377	-3.72287142657e-05
1378	-3.74874609223e-05
1379	-3.77462075788e-05
1380	-3.80049542353e-05
1381	-3.82637008918e-05
1382	-3.85224475484e-05
1383	-3.87811942049e-05
1384	-3.90399408614e-05
1385	-3.92986875179e-05
1386	-3.95574341745e-05
1387	-3.9816180831e-05
1388	-3.98578337912e-05
1389	-3.96823837214e-05
1390	-3.95069336517e-05
1391	-3.9331483582e-05
1392	-3.91560335122e-05
1393	-3.89805834425e-05
1394	-3.88051333728e-05
1395	-3.86296833031e-05
1396	-3.84542332333e-05
1397	-3.82787831636e-05
1398	-3.81033330939e-05
1399	-3.79278830241e-05
1400	-3.77524329544e-05
1401	-3.75769828847e-05
1402	-3.74015328149e-05
1403	-3.72260827452e-05
1404	-3.70506326755e-05
1405	-3.68751826057e-05
1406	-3.6699732536e-05
1407	-3.65242824663e-05
1408	-3.63488323965e-05
1409	-3.61733823268e-05
1410	-3.59979322571e-05
1411	-3.58224821873e-05
1412	-3.56470321176e-05
1413	-3.55065177676e-05
1414	-3.54009406665e-05
1415	-3.52953635653e-05
1416	-3.51897864642e-05
1417	-3.5084209363e-05
1418	-3.49786322619e-05
1419	-3.48730551607e-05
1420	-3.47674780595e-05
1421	-3.46619009584e-05
1422	-3.45563238572e-05
1423	-3.44507467561e-05
1424	-3.43451696549e-05
1425	-3.42395925538e-05
1426	-3.41340154526e-05
1427	-3.40284383514e-05
1428	-3.39228612503e-05
1429	-3.38172841491e-05
1430	-3.3711707048e-05
1431	-3.36061299468e-05
1432	-3.35005528457e-05
1433	-3.33949757445e-05
1434	-3.32893986434e-05
1435	-3.31838215422e-05
1436	-3.3078244441e-05
1437	-3.29726673399e-05
1438	-3.29735335018e-05
1439	-3.3080847668e-05
1440	-3.31881618343e-05
1441	-3.32954760005e-05
1442	-3.34027901668e-05
1443	-3.3510104333e-05
1444	-3.36174184992e-05
1445	-3.37247326655e-05
1446	-3.38320468317e-05
1447	-3.3939360998e-05
1448	-3.40466751642e-05
1449	-3.41539893305e-05
1450	-3.42613034967e-05
1451	-3.43686176629e-05
1452	-3.44759318292e-05
1453	-3.45832459954e-05
1454	-3.46905601617e-05
1455	-3.47978743279e-05
1456	-3.49051884941e-05
1457	-3.50125026604e-05
1458	-3.51198168266e-05
1459	-3.52271309929e-05
1460	-3.53344451591e-05
1461	-3.54417593254e-05
1462	-3.55490734916e-05
1463	-3.53764343332e-05
1464	-3.49238291634e-05
1465	-3.44712239936e-05
1466	-3.40186188238e-05
1467	-3.3566013654e-05
1468	-3.31134084841e-05
1469	-3.26608033143e-05
1470	-3.22081981445e-05
1471	-3.17555929747e-05
1472	-3.13029878049e-05
1473	-3.08503826351e-05
1474	-3.03977774653e-05
1475	-2.99451722955e-05
1476	-2.94925671257e-05
1477	-2.90399619559e-05
1478	-2.85873567861e-05
1479	-2.81347516163e-05
1480	-2.76821464465e-05
1481	-2.72295412767e-05
1482	-2.67769361069e-05
1483	-2.63243309371e-05
1484	-2.58717257673e-05
1485	-2.54191205975e-05
1486	-2.49665154277e-05
1487	-2.45139102579e-05
1488	-2.38952628987e-05
1489	-2.31105656969e-05
1490	-2.23258684951e-05
1491	-2.15411712933e-05
1492	-2.07564740915e-05
1493	-1.99717768897e-05
1494	-1.9187079688e-05
1495	-1.84023824862e-05
1496	-1.76176852844e-05
1497	-1.68329880826e-05
1498	-1.60482908808e-05
1499	-1.5263593679e-05
1500	-1.44788964772e-05
1501	-1.36941992755e-05
1502	-1.29095020737e-05
1503	-1.21248048719e-05
1504	-1.13401076701e-05
1505	-1.05554104683e-05
1506	-9.77071326653e-06
1507	-8.98601606475e-06
1508	-8.20131886296e-06
1509	-7.41662166118e-06
1510	-6.63192445939e-06
1511	-5.84722725761e-06
1512	-5.06253005582e-06
1513	-4.59242774201e-06
1514	-4.43693506017e-06
1515	-4.28144237833e-06
1516	-4.12594969649e-06
1517	-3.97045701465e-06
1518	-3.81496433281e-06
1519	-3.65947165097e-06
1520	-3.50397896913e-06
1521	-3.34848628729e-06
1522	-3.19299360545e-06
1523	-3.03750092361e-06
1524	-2.88200824177e-06
1525	-2.72651555993e-06
1526	-2.57102287809e-06
1527	-2.41553019625e-06
1528	-2.26003751441e-06
1529	-2.10454483257e-06
1530	-1.94905215073e-06
1531	-1.79355946889e-06
1532	-1.63806678705e-06
1533	-1.48257410521e-06
1534	-1.32708142337e-06
1535	-1.17158874153e-06
1536	-1.01609605969e-06
1537	-8.60603377853e-07
1538	-7.66114781625e-07
1539	-7.32633177323e-07
1540	-6.99151573021e-07
1541	-6.65669968719e-07
1542	-6.32188364417e-07
1543	-5.98706760115e-07
1544	-5.65225155813e-07
1545	-5.31743551511e-07
1546	-4.98261947209e-07
1547	-4.64780342907e-07
1548	-4.31298738605e-07
1549	-3.97817134303e-07
1550	-3.64335530001e-07
1551	-3.30853925699e-07
1552	-2.97372321397e-07
1553	-2.63890717095e-07
1554	-2.30409112793e-07
1555	-1.96927508491e-07
1556	-1.63445904189e-07
1557	-1.29964299886e-07
1558	-9.64826955844e-08
1559	-6.30010912824e-08
1560	-2.95194869803e-08
1561	3.96211732169e-09
1562	3.74437216237e-08
1563	5.8846376618e-08
1564	6.81694974905e-08
1565	7.74926183631e-08
1566	8.68157392356e-08
1567	9.61388601081e-08
1568	1.05461980981e-07
1569	1.14785101853e-07
1570	1.24108222726e-07
1571	1.33431343598e-07
1572	1.42754464471e-07
1573	1.52077585343e-07
1574	1.61400706216e-07
1575	1.70723827088e-07
1576	1.80046947961e-07
1577	1.89370068834e-07
1578	1.98693189706e-07
1579	2.08016310579e-07
1580	2.17339431451e-07
1581	2.26662552324e-07
1582	2.35985673196e-07
1583	2.45308794069e-07
1584	2.54631914941e-07
1585	2.63955035814e-07
1586	2.73278156686e-07
1587	2.82601277559e-07
1588	2.89119207794e-07
1589	2.92831809403e-07
1590	2.96544411012e-07
1591	3.0025701262e-07
1592	3.03969614229e-07
1593	3.07682215838e-07
1594	3.11394817447e-07
1595	3.15107419056e-07
1596	3.18820020664e-07
1597	3.22532622273e-07
1598	3.26245223882e-07
1599	3.29957825491e-07
1600	3.33670427099e-07
1601	3.37383028708e-07
1602	3.41095630317e-07
1603	3.44808231926e-07
1604	3.48520833535e-07
1605	3.52233435143e-07
1606	3.55946036752e-07
1607	3.59658638361e-07
1608	3.6337123997e-07
1609	3.67083841579e-07
1610	3.70796443187e-07
1611	3.74509044796e-07
1612	3.78221646405e-07
1613	3.81141935446e-07
1614	3.83269872331e-07
1615	3.85397809217e-07
1616	3.87525746102e-07
1617	3.89653682988e-07
1618	3.91781619873e-07
1619	3.93909556759e-07
1620	3.96037493644e-07
1621	3.98165430529e-07
1622	4.00293367415e-07
1623	4.024213043e-07
1624	4.04549241186e-07
1625	4.06677178071e-07
1626	4.08805114956e-07
1627	4.10933051842e-07
1628	4.13060988727e-07
1629	4.15188925613e-07
1630	4.17316862498e-07
1631	4.19444799383e-07
1632	4.21572736269e-07
1633	4.23700673154e-07
1634	4.2582861004e-07
1635	4.27956546925e-07
1636	4.3008448381e-07
1637	4.32212420696e-07
1638	4.31530170878e-07
1639	4.28037591767e-07
1640	4.24545012656e-07
1641	4.21052433546e-07
1642	4.17559854435e-07
1643	4.14067275325e-07
1644	4.10574696214e-07
1645	4.07082117103e-07
1646	4.03589537993e-07
1647	4.00096958882e-07
1648	3.96604379771e-07
1649	3.93111800661e-07
1650	3.8961922155e-07
1651	3.86126642439e-07
1652	3.82634063329e-07
1653	3.79141484218e-07
1654	3.75648905108e-07
1655	3.72156325997e-07
1656	3.68663746886e-07
1657	3.65171167776e-07
1658	3.61678588665e-07
1659	3.58186009554e-07
1660	3.54693430444e-07
1661	3.51200851333e-07
1662	3.47708272222e-07
1663	3.48747090348e-07
1664	3.54317539144e-07
1665	3.5988798794e-07
1666	3.65458436735e-07
1667	3.71028885531e-07
1668	3.76599334326e-07
1669	3.82169783122e-07
1670	3.87740231918e-07
1671	3.93310680713e-07
1672	3.98881129509e-07
1673	4.04451578305e-07
1674	4.100220271e-07
1675	4.15592475896e-07
1676	4.21162924692e-07
1677	4.26733373487e-07
1678	4.32303822283e-07
1679	4.37874271079e-07
1680	4.43444719874e-07
1681	4.4901516867e-07
1682	4.54585617466e-07
1683	4.60156066261e-07
1684	4.65726515057e-07
1685	4.71296963853e-07
1686	4.76867412648e-07
1687	4.82437861444e-07
1688	4.84646209349e-07
1689	4.83492280562e-07
1690	4.82338351775e-07
1691	4.81184422988e-07
1692	4.800304942e-07
1693	4.78876565413e-07
1694	4.77722636626e-07
1695	4.76568707839e-07
1696	4.75414779052e-07
1697	4.74260850264e-07
1698	4.73106921477e-07
1699	4.7195299269e-07
1700	4.70799063903e-07
1701	4.69645135116e-07
1702	4.68491206329e-07
1703	4.67337277541e-07
1704	4.66183348754e-07
1705	4.65029419967e-07
1706	4.6387549118e-07
1707	4.62721562393e-07
1708	4.61567633605e-07
1709	4.60413704818e-07
1710	4.59259776031e-07
1711	4.58105847244e-07
1712	4.56951918457e-07
1713	4.55920359504e-07
1714	4.55011176878e-07
1715	4.54101994253e-07
1716	4.53192811627e-07
1717	4.52283629002e-07
1718	4.51374446377e-07
1719	4.50465263751e-07
1720	4.49556081126e-07
1721	4.486468985e-07
1722	4.47737715875e-07
1723	4.4682853325e-07
1724	4.45919350624e-07
1725	4.45010167999e-07
1726	4.44100985373e-07
1727	4.43191802748e-07
1728	4.42282620123e-07
1729	4.41373437497e-07
1730	4.40464254872e-07
1731	4.39555072247e-07
1732	4.38645889621e-07
1733	4.37736706996e-07
1734	4.3682752437e-07
1735	4.35918341745e-07
1736	4.3500915912e-07
1737	4.34099976494e-07
1738	4.34711124032e-07
1739	4.36842683584e-07
1740	4.38974243137e-07
1741	4.4110580269e-07
1742	4.43237362242e-07
1743	4.45368921795e-07
1744	4.47500481348e-07
1745	4.49632040901e-07
1746	4.51763600453e-07
1747	4.53895160006e-07
1748	4.56026719559e-07
1749	4.58158279112e-07
1750	4.60289838664e-07
1751	4.62421398217e-07
1752	4.6455295777e-07
1753	4.66684517322e-07
1754	4.68816076875e-07
1755	4.70947636428e-07
1756	4.73079195981e-07
1757	4.75210755533e-07
1758	4.77342315086e-07
1759	4.79473874639e-07
1760	4.81605434191e-07
1761	4.83736993744e-07
1762	4.85868553297e-07
1763	4.86121230119e-07
1764	4.84494921598e-07
1765	4.82868613076e-07
1766	4.81242304555e-07
1767	4.79615996034e-07
1768	4.77989687513e-07
1769	4.76363378991e-07
1770	4.7473707047e-07
1771	4.73110761949e-07
1772	4.71484453428e-07
1773	4.69858144906e-07
1774	4.68231836385e-07
1775	4.66605527864e-07
1776	4.64979219343e-07
1777	4.63352910822e-07
1778	4.617266023e-07
1779	4.60100293779e-07
1780	4.58473985258e-07
1781	4.56847676737e-07
1782	4.55221368215e-07
1783	4.53595059694e-07
1784	4.51968751173e-07
1785	4.50342442652e-07
1786	4.48716134131e-07
1787	4.47089825609e-07
1788	4.47937722632e-07
1789	4.5125996224e-07
1790	4.54582201848e-07
1791	4.57904441456e-07
1792	4.61226681064e-07
1793	4.64548920672e-07
1794	4.6787116028e-07
1795	4.71193399888e-07
1796	4.74515639496e-07
1797	4.77837879104e-07
1798	4.81160118712e-07
1799	4.8448235832e-07
1800	4.87804597928e-07
1801	4.91126837536e-07
1802	4.94449077144e-07
1803	4.97771316752e-07
1804	5.0109355636e-07
1805	5.04415795968e-07
1806	5.07738035576e-07
1807	5.11060275184e-07
1808	5.14382514792e-07
1809	5.177047544e-07
1810	5.21026994008e-07
1811	5.24349233616e-07
1812	5.27671473224e-07
1813	5.26239262866e-07
1814	5.20052335519e-07
1815	5.13865408173e-07
1816	5.07678480826e-07
1817	5.0149155348e-07
1818	4.95304626133e-07
1819	4.89117698787e-07
1820	4.8293077144e-07
1821	4.76743844093e-07
1822	4.70556916747e-07
1823	4.643699894e-07
1824	4.58183062054e-07
1825	4.51996134707e-07
1826	4.45809207361e-07
1827	4.39622280014e-07
1828	4.33435352667e-07
1829	4.27248425321e-07
1830	4.21061497974e-07
1831	4.14874570628e-07
1832	4.08687643281e-07
1833	4.02500715935e-07
1834	3.96313788588e-07
1835	3.90126861242e-07
1836	3.83939933895e-07
1837	3.77753006548e-07
1838	3.75449707888e-07
1839	3.77030259038e-07
1840	3.78610810188e-07
1841	3.80191361339e-07
1842	3.81771912489e-07
1843	3.83352463639e-07
1844	3.84933014789e-07
1845	3.86513565939e-07
1846	3.88094117089e-07
1847	3.89674668239e-07
1848	3.91255219389e-07
1849	3.92835770539e-07
1850	3.94416321689e-07
1851	3.95996872839e-07
1852	3.97577423989e-07
1853	3.9915797514e-07
1854	4.0073852629e-07
1855	4.0231907744e-07
1856	4.0389962859e-07
1857	4.0548017974e-07
1858	4.0706073089e-07
1859	4.0864128204e-07
1860	4.1022183319e-07
1861	4.1180238434e-07
1862	4.1338293549e-07
1863	4.124021857e-07
1864	4.08859987152e-07
1865	4.05317788604e-07
1866	4.01775590056e-07
1867	3.98233391508e-07
1868	3.9469119296e-07
1869	3.91148994412e-07
1870	3.87606795863e-07
1871	3.84064597315e-07
1872	3.80522398767e-07
1873	3.76980200219e-07
1874	3.73438001671e-07
1875	3.69895803123e-07
1876	3.66353604575e-07
1877	3.62811406027e-07
1878	3.59269207479e-07
1879	3.5572700893e-07
1880	3.52184810382e-07
1881	3.48642611834e-07
1882	3.45100413286e-07
1883	3.41558214738e-07
1884	3.3801601619e-07
1885	3.34473817642e-07
1886	3.30931619094e-07
1887	3.27389420545e-07
1888	3.19999430268e-07
1889	3.08761423217e-07
1890	2.97523416166e-07
1891	2.86285409115e-07
1892	2.75047402064e-07
1893	2.63809395013e-07
1894	2.52571387962e-07
1895	2.41333380911e-07
1896	2.3009537386e-07
1897	2.18857366809e-07
1898	2.07619359758e-07
1899	1.96381352707e-07
1900	1.85143345656e-07
1901	1.73905338605e-07
1902	1.62667331554e-07
1903	1.51429324503e-07
1904	1.40191317452e-07
1905	1.28953310401e-07
1906	1.17715303349e-07
1907	1.06477296298e-07
1908	9.52392892474e-08
1909	8.40012821963e-08
1910	7.27632751453e-08
1911	6.15252680942e-08
1912	5.02872610432e-08
1913	4.39908392332e-08
1914	4.263629551e-08
1915	4.12817517868e-08
1916	3.99272080636e-08
1917	3.85726643404e-08
1918	3.72181206171e-08
1919	3.58635768939e-08
1920	3.45090331707e-08
1921	3.31544894475e-08
1922	3.17999457243e-08
1923	3.0445402001e-08
1924	2.90908582778e-08
1925	2.77363145546e-08
1926	2.63817708314e-08
1927	2.50272271081e-08
1928	2.36726833849e-08
1929	2.23181396617e-08
1930	2.09635959385e-08
1931	1.96090522153e-08
1932	1.8254508492e-08
1933	1.68999647688e-08
1934	1.55454210456e-08
1935	1.41908773224e-08
1936	1.28363335992e-08
1937	1.14817898759e-08
1938	1.05911891543e-08
1939	1.01645592877e-08
1940	9.7379294211e-09
1941	9.31129955448e-09
1942	8.88466968786e-09
1943	8.45803982124e-09
1944	8.03140995461e-09
1945	7.60478008799e-09
1946	7.17815022137e-09
1947	6.75152035475e-09
1948	6.32489048813e-09
1949	5.8982606215e-09
1950	5.47163075488e-09
1951	5.04500088826e-09
1952	4.61837102164e-09
1953	4.19174115502e-09
1954	3.7651112884e-09
1955	3.33848142177e-09
1956	2.91185155515e-09
1957	2.48522168853e-09
1958	2.05859182191e-09
1959	1.63196195529e-09
1960	1.20533208866e-09
1961	7.78702222042e-10
1962	3.5207235542e-10
1963	8.66039765153e-11
1964	-1.76931143092e-11
1965	-1.21990205134e-10
1966	-2.26287295958e-10
1967	-3.30584386783e-10
1968	-4.34881477607e-10
1969	-5.39178568432e-10
1970	-6.43475659256e-10
1971	-7.4777275008e-10
1972	-8.52069840905e-10
1973	-9.56366931729e-10
1974	-1.06066402255e-09
1975	-1.16496111338e-09
1976	-1.2692582042e-09
1977	-1.37355529503e-09
1978	-1.47785238585e-09
1979	-1.58214947668e-09
1980	-1.6864465675e-09
1981	-1.79074365833e-09
1982	-1.89504074915e-09
1983	-1.99933783997e-09
1984	-2.1036349308e-09
1985	-2.20793202162e-09
1986	-2.31222911245e-09
1987	-2.41652620327e-09
1988	-2.51798199243e-09
1989	-2.61659630492e-09
1990	-2.71521061742e-09
1991	-2.81382492992e-09
1992	-2.91243924242e-09
1993	-3.01105355492e-09
1994	-3.10966786742e-09
1995	-3.20828217992e-09
1996	-3.30689649242e-09
1997	-3.40551080492e-09
1998	-3.50412511742e-09
1999	-3.60273942992e-09
2000	-3.70135374242e-09
2001	-3.79996805492e-09
2002	-3.89858236742e-09
2003	-3.99719667991e-09
2004	-4.09581099241e-09
2005	-4.19442530491e-09
2006	-4.29303961741e-09
2007	-4.39165392991e-09
2008	-4.49026824241e-09
2009	-4.58888255491e-09
2010	-4.68749686741e-09
2011	-4.78611117991e-09
2012	-4.88472549241e-09
2013	-4.92472936281e-09
2014	-4.90611913615e-09
2015	-4.8875089095e-09
2016	-4.86889868285e-09
2017	-4.85028845619e-09
2018	-4.83167822954e-09
2019	-4.81306800288e-09
2020	-4.79445777623e-09
2021	-4.77584754957e-09
2022	-4.75723732292e-09
2023	-4.73862709626e-09
2024	-4.72001686961e-09
2025	-4.70140664295e-09
2026	-4.6827964163e-09
2027	-4.66418618964e-09
2028	-4.64557596299e-09
2029	-4.62696573634e-09
2030	-4.60835550968e-09
2031	-4.58974528303e-09
2032	-4.57113505637e-09
2033	-4.55252482972e-09
2034	-4.53391460306e-09
2035	-4.51530437641e-09
2036	-4.49669414975e-09
2037	-4.4780839231e-09
2038	-4.48407337444e-09
2039	-4.51466405686e-09
2040	-4.54525473929e-09
2041	-4.57584542171e-09
2042	-4.60643610414e-09
2043	-4.63702678656e-09
2044	-4.66761746899e-09
2045	-4.69820815141e-09
2046	-4.72879883384e-09
2047	-4.75938951626e-09
2048	-4.78998019869e-09
2049	-4.82057088111e-09
2050	-4.85116156354e-09
2051	-4.88175224596e-09
2052	-4.91234292839e-09
2053	-4.94293361081e-09
2054	-4.97352429324e-09
2055	-5.00411497566e-09
2056	-5.03470565809e-09
2057	-5.06529634051e-09
2058	-5.09588702294e-09
2059	-5.12647770537e-09
2060	-5.15706838779e-09
2061	-5.18765907022e-09
2062	-5.21824975264e-09
2063	-5.22150425273e-09
2064	-5.19742082342e-09
2065	-5.17333739412e-09
2066	-5.14925396482e-09
2067	-5.12517053552e-09
2068	-5.10108710622e-09
2069	-5.07700367692e-09
2070	-5.05292024762e-09
2071	-5.02883681832e-09
2072	-5.00475338902e-09
2073	-4.98066995972e-09
2074	-4.95658653042e-09
2075	-4.93250310111e-09
2076	-4.90841967181e-09
2077	-4.88433624251e-09
2078	-4.86025281321e-09
2079	-4.83616938391e-09
2080	-4.81208595461e-09
2081	-4.78800252531e-09
2082	-4.76391909601e-09
2083	-4.73983566671e-09
2084	-4.71575223741e-09
2085	-4.69166880811e-09
2086	-4.66758537881e-09
2087	-4.6435019495e-09
2088	-4.64298452381e-09
2089	-4.66603462606e-09
2090	-4.68908472832e-09
2091	-4.71213483057e-09
2092	-4.73518493283e-09
2093	-4.75823503508e-09
2094	-4.78128513734e-09
2095	-4.80433523959e-09
2096	-4.82738534185e-09
2097	-4.8504354441e-09
2098	-4.87348554636e-09
2099	-4.89653564861e-09
2100	-4.91958575087e-09
2101	-4.94263585312e-09
2102	-4.96568595538e-09
2103	-4.98873605763e-09
2104	-5.01178615988e-09
2105	-5.03483626214e-09
2106	-5.05788636439e-09
2107	-5.08093646665e-09
2108	-5.1039865689e-09
2109	-5.12703667116e-09
2110	-5.15008677341e-09
2111	-5.17313687567e-09
2112	-5.19618697792e-09
2113	-5.20511694903e-09
2114	-5.19992586469e-09
2115	-5.19473478035e-09
2116	-5.18954369601e-09
2117	-5.18435261167e-09
2118	-5.17916152733e-09
2119	-5.17397044299e-09
2120	-5.16877935865e-09
2121	-5.16358827431e-09
2122	-5.15839718997e-09
2123	-5.15320610563e-09
2124	-5.14801502129e-09
2125	-5.14282393695e-09
2126	-5.13763285261e-09
2127	-5.13244176827e-09
2128	-5.12725068393e-09
2129	-5.12205959959e-09
2130	-5.11686851525e-09
2131	-5.11167743091e-09
2132	-5.10648634657e-09
2133	-5.10129526223e-09
2134	-5.0961041779e-09
2135	-5.09091309356e-09
2136	-5.08572200922e-09
2137	-5.08053092488e-09
2138	-5.03738552392e-09
2139	-4.95628329251e-09
2140	-4.87518106109e-09
2141	-4.79407882967e-09
2142	-4.71297659825e-09
2143	-4.63187436683e-09
2144	-4.55077213542e-09
2145	-4.469669904e-09
2146	-4.38856767258e-09
2147	-4.30746544116e-09
2148	-4.22636320974e-09
2149	-4.14526097833e-09
2150	-4.06415874691e-09
2151	-3.98305651549e-09
2152	-3.90195428407e-09
2153	-3.82085205265e-09
2154	-3.73974982124e-09
2155	-3.65864758982e-09
2156	-3.5775453584e-09
2157	-3.49644312698e-09
2158	-3.41534089556e-09
2159	-3.33423866415e-09
2160	-3.25313643273e-09
2161	-3.17203420131e-09
2162	-3.09093196989e-09
2163	-3.0785451501e-09
2164	-3.13487834645e-09
2165	-3.1912115428e-09
2166	-3.24754473915e-09
2167	-3.30387793549e-09
2168	-3.36021113184e-09
2169	-3.41654432819e-09
2170	-3.47287752453e-09
2171	-3.52921072088e-09
2172	-3.58554391723e-09
2173	-3.64187711358e-09
2174	-3.69821030992e-09
2175	-3.75454350627e-09
2176	-3.81087670262e-09
2177	-3.86720989896e-09
2178	-3.92354309531e-09
2179	-3.97987629166e-09
2180	-4.03620948801e-09
2181	-4.09254268435e-09
2182	-4.1488758807e-09
2183	-4.20520907705e-09
2184	-4.26154227339e-09
2185	-4.31787546974e-09
2186	-4.37420866609e-09
2187	-4.43054186244e-09
2188	-4.43386247327e-09
2189	-4.38416690523e-09
2190	-4.33447133719e-09
2191	-4.28477576915e-09
2192	-4.23508020111e-09
2193	-4.18538463307e-09
2194	-4.13568906503e-09
2195	-4.08599349699e-09
2196	-4.03629792895e-09
2197	-3.98660236091e-09
2198	-3.93690679287e-09
2199	-3.88721122483e-09
2200	-3.83751565679e-09
2201	-3.78782008876e-09
2202	-3.73812452072e-09
2203	-3.68842895268e-09
2204	-3.63873338464e-09
2205	-3.5890378166e-09
2206	-3.53934224856e-09
2207	-3.48964668052e-09
2208	-3.43995111248e-09
2209	-3.39025554444e-09
2210	-3.3405599764e-09
2211	-3.29086440836e-09
2212	-3.24116884032e-09
2213	-3.25914364107e-09
2214	-3.34479344994e-09
2215	-3.43044325881e-09
2216	-3.51609306767e-09
2217	-3.60174287654e-09
2218	-3.6873926854e-09
2219	-3.77304249427e-09
2220	-3.85869230313e-09
2221	-3.944342112e-09
2222	-4.02999192087e-09
2223	-4.11564172973e-09
2224	-4.2012915386e-09
2225	-4.28694134746e-09
2226	-4.37259115633e-09
2227	-4.4582409652e-09
2228	-4.54389077406e-09
2229	-4.62954058293e-09
2230	-4.71519039179e-09
2231	-4.80084020066e-09
2232	-4.88649000953e-09
2233	-4.97213981839e-09
2234	-5.05778962726e-09
2235	-5.14343943612e-09
2236	-5.22908924499e-09
2237	-5.31473905385e-09
2238	-5.32459029718e-09
2239	-5.25863771966e-09
2240	-5.19268514214e-09
2241	-5.12673256463e-09
2242	-5.06077998711e-09
2243	-4.99482740959e-09
2244	-4.92887483207e-09
2245	-4.86292225456e-09
2246	-4.79696967704e-09
2247	-4.73101709952e-09
2248	-4.66506452201e-09
2249	-4.59911194449e-09
2250	-4.53315936697e-09
2251	-4.46720678945e-09
2252	-4.40125421194e-09
2253	-4.33530163442e-09
2254	-4.2693490569e-09
2255	-4.20339647939e-09
2256	-4.13744390187e-09
2257	-4.07149132435e-09
2258	-4.00553874683e-09
2259	-3.93958616932e-09
2260	-3.8736335918e-09
2261	-3.80768101428e-09
2262	-3.74172843677e-09
2263	-3.71069987961e-09
2264	-3.71459779123e-09
2265	-3.71849570286e-09
2266	-3.72239361448e-09
2267	-3.72629152611e-09
2268	-3.73018943773e-09
2269	-3.73408734936e-09
2270	-3.73798526098e-09
2271	-3.74188317261e-09
2272	-3.74578108423e-09
2273	-3.74967899586e-09
2274	-3.75357690748e-09
2275	-3.75747481911e-09
2276	-3.76137273073e-09
2277	-3.76527064236e-09
2278	-3.76916855398e-09
2279	-3.77306646561e-09
2280	-3.77696437723e-09
2281	-3.78086228886e-09
2282	-3.78476020048e-09
2283	-3.78865811211e-09
2284	-3.79255602373e-09
2285	-3.79645393536e-09
2286	-3.80035184698e-09
2287	-3.80424975861e-09
2288	-3.73898832098e-09
2289	-3.60456263197e-09
2290	-3.47013694295e-09
2291	-3.33571125394e-09
2292	-3.20128556492e-09
2293	-3.06685987591e-09
2294	-2.9324341869e-09
2295	-2.79800849788e-09
2296	-2.66358280887e-09
2297	-2.52915711985e-09
2298	-2.39473143084e-09
2299	-2.26030574182e-09
2300	-2.12588005281e-09
2301	-1.9914543638e-09
2302	-1.85702867478e-09
2303	-1.72260298577e-09
2304	-1.58817729675e-09
2305	-1.45375160774e-09
2306	-1.31932591872e-09
2307	-1.18490022971e-09
2308	-1.0504745407e-09
2309	-9.16048851682e-10
2310	-7.81623162667e-10
2311	-6.47197473653e-10
2312	-5.12771784639e-10
2313	-4.35865911411e-10
2314	-4.16483975636e-10
2315	-3.97102039861e-10
2316	-3.77720104086e-10
2317	-3.58338168311e-10
2318	-3.38956232536e-10
2319	-3.19574296762e-10
2320	-3.00192360987e-10
2321	-2.80810425212e-10
2322	-2.61428489437e-10
2323	-2.42046553662e-10
2324	-2.22664617887e-10
2325	-2.03282682112e-10
2326	-1.83900746337e-10
2327	-1.64518810563e-10
2328	-1.45136874788e-10
2329	-1.25754939013e-10
2330	-1.06373003238e-10
2331	-8.6991067463e-11
2332	-6.76091316881e-11
2333	-4.82271959132e-11
2334	-2.88452601384e-11
2335	-9.46332436349e-12
2336	9.91861141139e-12
2337	2.93005471863e-11
2338	4.12820831694e-11
2339	4.58626833414e-11
2340	5.04432835135e-11
2341	5.50238836855e-11
2342	5.96044838575e-11
2343	6.41850840295e-11
2344	6.87656842015e-11
2345	7.33462843735e-11
2346	7.79268845455e-11
2347	8.25074847175e-11
2348	8.70880848895e-11
2349	9.16686850615e-11
2350	9.62492852335e-11
2351	1.00829885405e-10
2352	1.05410485577e-10
2353	1.09991085749e-10
2354	1.14571685921e-10
2355	1.19152286093e-10
2356	1.23732886266e-10
2357	1.28313486438e-10
2358	1.3289408661e-10
2359	1.37474686782e-10
2360	1.42055286954e-10
2361	1.46635887126e-10
2362	1.51216487298e-10
2363	1.53081249779e-10
2364	1.52229975754e-10
2365	1.51378701729e-10
2366	1.50527427704e-10
2367	1.49676153679e-10
2368	1.48824879655e-10
2369	1.4797360563e-10
2370	1.47122331605e-10
2371	1.4627105758e-10
2372	1.45419783555e-10
2373	1.4456850953e-10
2374	1.43717235506e-10
2375	1.42865961481e-10
2376	1.42014687456e-10
2377	1.41163413431e-10
2378	1.40312139406e-10
2379	1.39460865381e-10
2380	1.38609591357e-10
2381	1.37758317332e-10
2382	1.36907043307e-10
2383	1.36055769282e-10
2384	1.35204495257e-10
2385	1.34353221233e-10
2386	1.33501947208e-10
2387	1.32650673183e-10
2388	1.31513084109e-10
2389	1.30089158804e-10
2390	1.286652335e-10
2391	1.27241308195e-10
2392	1.25817382891e-10
2393	1.24393457586e-10
2394	1.22969532282e-10
2395	1.21545606977e-10
2396	1.20121681673e-10
2397	1.18697756368e-10
2398	1.17273831064e-10
2399	1.15849905759e-10
2400	1.14425980454e-10
2401	1.1300205515e-10
2402	1.11578129845e-10
2403	1.10154204541e-10
2404	1.08730279236e-10
2405	1.07306353932e-10
2406	1.05882428627e-10
2407	1.04458503323e-10
2408	1.03034578018e-10
2409	1.01610652714e-10
2410	1.00186727409e-10
2411	9.87628021044e-11
2412	9.73388767999e-11
2413	9.78356257774e-11
2414	1.00253192618e-10
2415	1.02670759458e-10
2416	1.05088326298e-10
2417	1.07505893138e-10
2418	1.09923459978e-10
2419	1.12341026818e-10
2420	1.14758593658e-10
2421	1.17176160498e-10
2422	1.19593727338e-10
2423	1.22011294179e-10
2424	1.24428861019e-10
2425	1.26846427859e-10
2426	1.29263994699e-10
2427	1.31681561539e-10
2428	1.34099128379e-10
2429	1.36516695219e-10
2430	1.38934262059e-10
2431	1.413518289e-10
2432	1.4376939574e-10
2433	1.4618696258e-10
2434	1.4860452942e-10
2435	1.5102209626e-10
2436	1.534396631e-10
2437	1.5585722994e-10
2438	1.56265525095e-10
2439	1.54664396806e-10
2440	1.53063268516e-10
2441	1.51462140226e-10
2442	1.49861011936e-10
2443	1.48259883647e-10
2444	1.46658755357e-10
2445	1.45057627067e-10
2446	1.43456498777e-10
2447	1.41855370487e-10
2448	1.40254242198e-10
2449	1.38653113908e-10
2450	1.37051985618e-10
2451	1.35450857328e-10
2452	1.33849729039e-10
2453	1.32248600749e-10
2454	1.30647472459e-10
2455	1.29046344169e-10
2456	1.27445215879e-10
2457	1.2584408759e-10
2458	1.242429593e-10
2459	1.2264183101e-10
2460	1.2104070272e-10
2461	1.19439574431e-10
2462	1.17838446141e-10
2463	1.17608254064e-10
2464	1.1874910281e-10
2465	1.19889951556e-10
2466	1.21030800302e-10
2467	1.22171649047e-10
2468	1.23312497793e-10
2469	1.24453346539e-10
2470	1.25594195285e-10
2471	1.2673504403e-10
2472	1.27875892776e-10
2473	1.29016741522e-10
2474	1.30157590268e-10
2475	1.31298439014e-10
2476	1.32439287759e-10
2477	1.33580136505e-10
2478	1.34720985251e-10
2479	1.35861833997e-10
2480	1.37002682742e-10
2481	1.38143531488e-10
2482	1.39284380234e-10
2483	1.4042522898e-10
2484	1.41566077725e-10
2485	1.42706926471e-10
2486	1.43847775217e-10
2487	1.44988623963e-10
2488	1.44699601943e-10
2489	1.42980598944e-10
2490	1.41261595946e-10
2491	1.39542592947e-10
2492	1.37823589948e-10
2493	1.3610458695e-10
2494	1.34385583951e-10
2495	1.32666580952e-10
2496	1.30947577954e-10
2497	1.29228574955e-10
2498	1.27509571957e-10
2499	1.25790568958e-10
2500	1.24071565959e-10
2501	1.22352562961e-10
2502	1.20633559962e-10
2503	1.18914556963e-10
2504	1.17195553965e-10
2505	1.15476550966e-10
2506	1.13757547967e-10
2507	1.12038544969e-10
2508	1.1031954197e-10
2509	1.08600538972e-10
2510	1.06881535973e-10
2511	1.05162532974e-10
2512	1.03443529976e-10
2513	1.03231906722e-10
2514	1.04527780569e-10
2515	1.05823654417e-10
2516	1.07119528264e-10
2517	1.08415402111e-10
2518	1.09711275958e-10
2519	1.11007149806e-10
2520	1.12303023653e-10
2521	1.135988975e-10
2522	1.14894771348e-10
2523	1.16190645195e-10
2524	1.17486519042e-10
2525	1.18782392889e-10
2526	1.20078266737e-10
2527	1.21374140584e-10
2528	1.22670014431e-10
2529	1.23965888278e-10
2530	1.25261762126e-10
2531	1.26557635973e-10
2532	1.2785350982e-10
2533	1.29149383667e-10
2534	1.30445257515e-10
2535	1.31741131362e-10
2536	1.33037005209e-10
2537	1.34332879057e-10
2538	1.34194419836e-10
2539	1.32621514769e-10
2540	1.31048609701e-10
2541	1.29475704633e-10
2542	1.27902799566e-10
2543	1.26329894498e-10
2544	1.2475698943e-10
2545	1.23184084363e-10
2546	1.21611179295e-10
2547	1.20038274228e-10
2548	1.1846536916e-10
2549	1.16892464092e-10
2550	1.15319559025e-10
2551	1.13746653957e-10
2552	1.1217374889e-10
2553	1.10600843822e-10
2554	1.09027938754e-10
2555	1.07455033687e-10
2556	1.05882128619e-10
2557	1.04309223551e-10
2558	1.02736318484e-10
2559	1.01163413416e-10
2560	9.95905083485e-11
2561	9.80176032809e-11
2562	9.64446982133e-11
2563	9.47346797288e-11
2564	9.28875369402e-11
2565	9.10403941516e-11
2566	8.9193251363e-11
2567	8.73461085744e-11
2568	8.54989657858e-11
2569	8.36518229972e-11
2570	8.18046802086e-11
2571	7.99575374199e-11
2572	7.81103946313e-11
2573	7.62632518427e-11
2574	7.44161090541e-11
2575	7.25689662655e-11
2576	7.07218234769e-11
2577	6.88746806883e-11
2578	6.70275378997e-11
2579	6.51803951111e-11
2580	6.33332523225e-11
2581	6.14861095339e-11
2582	5.96389667452e-11
2583	5.77918239566e-11
2584	5.5944681168e-11
2585	5.40975383794e-11
2586	5.22503955908e-11
2587	5.04032528022e-11
2588	4.9164724674e-11
2589	4.85348600038e-11
2590	4.79049953335e-11
2591	4.72751306633e-11
2592	4.66452659931e-11
2593	4.60154013228e-11
2594	4.53855366526e-11
2595	4.47556719824e-11
2596	4.41258073121e-11
2597	4.34959426419e-11
2598	4.28660779717e-11
2599	4.22362133015e-11
2600	4.16063486312e-11
2601	4.0976483961e-11
2602	4.03466192908e-11
2603	3.97167546205e-11
2604	3.90868899503e-11
2605	3.84570252801e-11
2606	3.78271606098e-11
2607	3.71972959396e-11
2608	3.65674312694e-11
2609	3.59375665991e-11
2610	3.53077019289e-11
2611	3.46778372587e-11
2612	3.40479725884e-11
2613	3.36065644071e-11
2614	3.33536279707e-11
2615	3.31006915343e-11
2616	3.28477550979e-11
2617	3.25948186615e-11
2618	3.23418822252e-11
2619	3.20889457888e-11
2620	3.18360093524e-11
2621	3.1583072916e-11
2622	3.13301364796e-11
2623	3.10772000432e-11
2624	3.08242636068e-11
2625	3.05713271704e-11
2626	3.03183907341e-11
2627	3.00654542977e-11
2628	2.98125178613e-11
2629	2.95595814249e-11
2630	2.93066449885e-11
2631	2.90537085521e-11
2632	2.88007721157e-11
2633	2.85478356793e-11
2634	2.8294899243e-11
2635	2.80419628066e-11
2636	2.77890263702e-11
2637	2.75360899338e-11
2638	2.77829970026e-11
2639	2.85297884274e-11
2640	2.92765798523e-11
2641	3.00233712772e-11
2642	3.07701627021e-11
2643	3.1516954127e-11
2644	3.22637455518e-11
2645	3.30105369767e-11
2646	3.37573284016e-11
2647	3.45041198265e-11
2648	3.52509112514e-11
2649	3.59977026763e-11
2650	3.67444941011e-11
2651	3.7491285526e-11
2652	3.82380769509e-11
2653	3.89848683758e-11
2654	3.97316598007e-11
2655	4.04784512255e-11
2656	4.12252426504e-11
2657	4.19720340753e-11
2658	4.27188255002e-11
2659	4.34656169251e-11
2660	4.421240835e-11
2661	4.49591997748e-11
2662	4.57059911997e-11
2663	4.58884489449e-11
2664	4.55065264516e-11
2665	4.51246039583e-11
2666	4.47426814651e-11
2667	4.43607589718e-11
2668	4.39788364785e-11
2669	4.35969139852e-11
2670	4.32149914919e-11
2671	4.28330689986e-11
2672	4.24511465053e-11
2673	4.20692240121e-11
2674	4.16873015188e-11
2675	4.13053790255e-11
2676	4.09234565322e-11
2677	4.05415340389e-11
2678	4.01596115456e-11
2679	3.97776890523e-11
2680	3.93957665591e-11
2681	3.90138440658e-11
2682	3.86319215725e-11
2683	3.82499990792e-11
2684	3.78680765859e-11
2685	3.74861540926e-11
2686	3.71042315993e-11
2687	3.67223091061e-11
2688	3.65212354361e-11
2689	3.65010256501e-11
2690	3.6480815864e-11
2691	3.6460606078e-11
2692	3.64403962919e-11
2693	3.64201865059e-11
2694	3.63999767198e-11
2695	3.63797669337e-11
2696	3.63595571477e-11
2697	3.63393473616e-11
2698	3.63191375756e-11
2699	3.62989277895e-11
2700	3.62787180035e-11
2701	3.62585082174e-11
2702	3.62382984314e-11
2703	3.62180886453e-11
2704	3.61978788593e-11
2705	3.61776690732e-11
2706	3.61574592871e-11
2707	3.61372495011e-11
2708	3.6117039715e-11
2709	3.6096829929e-11
2710	3.60766201429e-11
2711	3.60564103569e-11
2712	3.60362005708e-11
2713	3.59252304682e-11
2714	3.57234924204e-11
2715	3.55217543726e-11
2716	3.53200163248e-11
2717	3.5118278277e-11
2718	3.49165402291e-11
2719	3.47148021813e-11
2720	3.45130641335e-11
2721	3.43113260857e-11
2722	3.41095880379e-11
2723	3.39078499901e-11
2724	3.37061119423e-11
2725	3.35043738945e-11
2726	3.33026358467e-11
2727	3.31008977989e-11
2728	3.28991597511e-11
2729	3.26974217033e-11
2730	3.24956836555e-11
2731	3.22939456077e-11
2732	3.20922075599e-11
2733	3.18904695121e-11
2734	3.16887314643e-11
2735	3.14869934165e-11
2736	3.12852553687e-11
2737	3.10835173209e-11
2738	3.09722328128e-11
2739	3.09514095173e-11
2740	3.09305862219e-11
2741	3.09097629264e-11
2742	3.08889396309e-11
2743	3.08681163355e-11
2744	3.084729304e-11
2745	3.08264697445e-11
2746	3.08056464491e-11
2747	3.07848231536e-11
2748	3.07639998581e-11
2749	3.07431765627e-11
2750	3.07223532672e-11
2751	3.07015299717e-11
2752	3.06807066763e-11
2753	3.06598833808e-11
2754	3.06390600853e-11
2755	3.06182367899e-11
2756	3.05974134944e-11
2757	3.05765901989e-11
2758	3.05557669035e-11
2759	3.0534943608e-11
2760	3.05141203125e-11
2761	3.04932970171e-11
2762	3.04724737216e-11
2763	3.08375769027e-11
2764	3.1588639596e-11
2765	3.23397022893e-11
2766	3.30907649827e-11
2767	3.3841827676e-11
2768	3.45928903693e-11
2769	3.53439530627e-11
2770	3.6095015756e-11
2771	3.68460784493e-11
2772	3.75971411427e-11
2773	3.8348203836e-11
2774	3.90992665293e-11
2775	3.98503292226e-11
2776	4.0601391916e-11
2777	4.13524546093e-11
2778	4.21035173026e-11
2779	4.2854579996e-11
2780	4.36056426893e-11
2781	4.43567053826e-11
2782	4.5107768076e-11
2783	4.58588307693e-11
2784	4.66098934626e-11
2785	4.7360956156e-11
2786	4.81120188493e-11
2787	4.88630815426e-11
2788	4.88132688505e-11
2789	4.79625115969e-11
2790	4.71117543432e-11
2791	4.62609970896e-11
2792	4.54102398359e-11
2793	4.45594825822e-11
2794	4.37087253286e-11
2795	4.28579680749e-11
2796	4.20072108212e-11
2797	4.11564535676e-11
2798	4.03056963139e-11
2799	3.94549390603e-11
2800	3.86041818066e-11
2801	3.77534245529e-11
2802	3.69026672993e-11
2803	3.60519100456e-11
2804	3.5201152792e-11
2805	3.43503955383e-11
2806	3.34996382846e-11
2807	3.2648881031e-11
2808	3.17981237773e-11
2809	3.09473665236e-11
2810	3.009660927e-11
2811	2.92458520163e-11
2812	2.83950947627e-11
2813	2.79607815637e-11
2814	2.79429487128e-11
2815	2.79251158619e-11
2816	2.7907283011e-11
2817	2.78894501601e-11
2818	2.78716173091e-11
2819	2.78537844582e-11
2820	2.78359516073e-11
2821	2.78181187564e-11
2822	2.78002859055e-11
2823	2.77824530545e-11
2824	2.77646202036e-11
2825	2.77467873527e-11
2826	2.77289545018e-11
2827	2.77111216509e-11
2828	2.76932887999e-11
2829	2.7675455949e-11
2830	2.76576230981e-11
2831	2.76397902472e-11
2832	2.76219573963e-11
2833	2.76041245454e-11
2834	2.75862916944e-11
2835	2.75684588435e-11
2836	2.75506259926e-11
2837	2.75327931417e-11
2838	2.7351064972e-11
2839	2.70054270731e-11
2840	2.66597891742e-11
2841	2.63141512753e-11
2842	2.59685133764e-11
2843	2.56228754774e-11
2844	2.52772375785e-11
2845	2.49315996796e-11
2846	2.45859617807e-11
2847	2.42403238818e-11
2848	2.38946859828e-11
2849	2.35490480839e-11
2850	2.3203410185e-11
2851	2.28577722861e-11
2852	2.25121343872e-11
2853	2.21664964883e-11
2854	2.18208585893e-11
2855	2.14752206904e-11
2856	2.11295827915e-11
2857	2.07839448926e-11
2858	2.04383069937e-11
2859	2.00926690947e-11
2860	1.97470311958e-11
2861	1.94013932969e-11
2862	1.9055755398e-11
2863	1.88086628994e-11
2864	1.86601245421e-11
2865	1.85115861849e-11
2866	1.83630478276e-11
2867	1.82145094703e-11
2868	1.8065971113e-11
2869	1.79174327557e-11
2870	1.77688943985e-11
2871	1.76203560412e-11
2872	1.74718176839e-11
2873	1.73232793266e-11
2874	1.71747409694e-11
2875	1.70262026121e-11
2876	1.68776642548e-11
2877	1.67291258975e-11
2878	1.65805875403e-11
2879	1.6432049183e-11
2880	1.62835108257e-11
2881	1.61349724684e-11
2882	1.59864341111e-11
2883	1.58378957539e-11
2884	1.56893573966e-11
2885	1.55408190393e-11
2886	1.5392280682e-11
2887	1.52437423248e-11
2888	1.5176491185e-11
2889	1.5190534536e-11
2890	1.52045778869e-11
2891	1.52186212379e-11
2892	1.52326645888e-11
2893	1.52467079397e-11
2894	1.52607512907e-11
2895	1.52747946416e-11
2896	1.52888379926e-11
2897	1.53028813435e-11
2898	1.53169246945e-11
2899	1.53309680454e-11
2900	1.53450113964e-11
2901	1.53590547473e-11
2902	1.53730980983e-11
2903	1.53871414492e-11
2904	1.54011848002e-11
2905	1.54152281511e-11
2906	1.5429271502e-11
2907	1.5443314853e-11
2908	1.54573582039e-11
2909	1.54714015549e-11
2910	1.54854449058e-11
2911	1.54994882568e-11
2912	1.55135316077e-11
2913	1.54753788162e-11
2914	1.53850251716e-11
2915	1.5294671527e-11
2916	1.52043178824e-11
2917	1.51139642378e-11
2918	1.50236105932e-11
2919	1.49332569486e-11
2920	1.4842903304e-11
2921	1.47525496594e-11
2922	1.46621960148e-11
2923	1.45718423702e-11
2924	1.44814887256e-11
2925	1.4391135081e-11
2926	1.43007814364e-11
2927	1.42104277918e-11
2928	1.41200741472e-11
2929	1.40297205026e-11
2930	1.3939366858e-11
2931	1.38490132134e-11
2932	1.37586595688e-11
2933	1.36683059242e-11
2934	1.35779522796e-11
2935	1.3487598635e-11
2936	1.33972449904e-11
2937	1.33068913458e-11
2938	1.31771238603e-11
2939	1.30079389462e-11
2940	1.28387540322e-11
2941	1.26695691181e-11
2942	1.2500384204e-11
2943	1.233119929e-11
2944	1.21620143759e-11
2945	1.19928294618e-11
2946	1.18236445478e-11
2947	1.16544596337e-11
2948	1.14852747196e-11
2949	1.13160898056e-11
2950	1.11469048915e-11
2951	1.09777199774e-11
2952	1.08085350634e-11
2953	1.06393501493e-11
2954	1.04701652352e-11
2955	1.03009803212e-11
2956	1.01317954071e-11
2957	9.96261049302e-12
2958	9.79342557895e-12
2959	9.62424066489e-12
2960	9.45505575082e-12
2961	9.28587083675e-12
2962	9.11668592268e-12
2963	8.83947636553e-12
2964	8.45423224876e-12
2965	8.06898813199e-12
2966	7.68374401523e-12
2967	7.29849989846e-12
2968	6.9132557817e-12
2969	6.52801166493e-12
2970	6.14276754816e-12
2971	5.7575234314e-12
2972	5.37227931463e-12
2973	4.98703519787e-12
2974	4.6017910811e-12
2975	4.21654696433e-12
2976	3.83130284757e-12
2977	3.4460587308e-12
2978	3.06081461404e-12
2979	2.67557049727e-12
2980	2.29032638051e-12
2981	1.90508226374e-12
2982	1.51983814697e-12
2983	1.13459403021e-12
2984	7.49349913441e-13
2985	3.64105796676e-13
2986	-2.11383200904e-14
2987	-4.06382436856e-13
2988	-4.66660038856e-13
2989	-2.01941042845e-13
2990	6.27779531656e-14
2991	3.27496949177e-13
2992	5.92215945188e-13
2993	8.56934941199e-13
2994	1.12165393721e-12
2995	1.38637293322e-12
2996	1.65109192923e-12
2997	1.91581092524e-12
2998	2.18052992125e-12
2999	2.44524891726e-12
3000	2.70996791328e-12
3001	2.97468690929e-12
3002	3.2394059053e-12
3003	3.50412490131e-12
3004	3.76884389732e-12
3005	4.03356289333e-12
3006	4.29828188934e-12
3007	4.56300088535e-12
3008	4.82771988136e-12
3009	5.09243887737e-12
3010	5.35715787338e-12
3011	5.6218768694e-12
3012	5.88659586541e-12
3013	5.98776354275e-12
3014	5.92536463422e-12
3015	5.8629657257e-12
3016	5.80056681717e-12
3017	5.73816790865e-12
3018	5.67576900012e-12
3019	5.6133700916e-12
3020	5.55097118307e-12
3021	5.48857227454e-12
3022	5.42617336602e-12
3023	5.36377445749e-12
3024	5.30137554897e-12
3025	5.23897664044e-12
3026	5.17657773191e-12
3027	5.11417882339e-12
3028	5.05177991486e-12
3029	4.98938100634e-12
3030	4.92698209781e-12
3031	4.86458318929e-12
3032	4.80218428076e-12
3033	4.73978537223e-12
3034	4.67738646371e-12
3035	4.61498755518e-12
3036	4.55258864666e-12
3037	4.49018973813e-12
3038	4.33594981165e-12
3039	4.08986022289e-12
3040	3.84377063413e-12
3041	3.59768104537e-12
3042	3.3515914566e-12
3043	3.10550186784e-12
3044	2.85941227908e-12
3045	2.61332269032e-12
3046	2.36723310155e-12
3047	2.12114351279e-12
3048	1.87505392403e-12
3049	1.62896433527e-12
3050	1.3828747465e-12
3051	1.13678515774e-12
3052	8.90695568979e-13
3053	6.44605980216e-13
3054	3.98516391454e-13
3055	1.52426802691e-13
3056	-9.3662786071e-14
3057	-3.39752374834e-13
3058	-5.85841963596e-13
3059	-8.31931552358e-13
3060	-1.07802114112e-12
3061	-1.32411072988e-12
3062	-1.57020031865e-12
3063	-1.43720186682e-12
3064	-9.25079399914e-13
3065	-4.12956933004e-13
3066	9.91655339064e-14
3067	6.11288000817e-13
3068	1.12341046773e-12
3069	1.63553293464e-12
3070	2.14765540155e-12
3071	2.65977786846e-12
3072	3.17190033537e-12
3073	3.68402280228e-12
3074	4.19614526919e-12
3075	4.7082677361e-12
3076	5.22039020301e-12
3077	5.73251266992e-12
3078	6.24463513683e-12
3079	6.75675760374e-12
3080	7.26888007065e-12
3081	7.78100253756e-12
3082	8.29312500447e-12
3083	8.80524747138e-12
3084	9.31736993829e-12
3085	9.82949240521e-12
3086	1.03416148721e-11
3087	1.0853737339e-11
3088	1.09398564619e-11
3089	1.05999314841e-11
3090	1.02600065064e-11
3091	9.92008152858e-12
3092	9.5801565508e-12
3093	9.24023157302e-12
3094	8.90030659524e-12
3095	8.56038161745e-12
3096	8.22045663967e-12
3097	7.88053166189e-12
3098	7.54060668411e-12
3099	7.20068170633e-12
3100	6.86075672854e-12
3101	6.52083175076e-12
3102	6.18090677298e-12
3103	5.8409817952e-12
3104	5.50105681742e-12
3105	5.16113183963e-12
3106	4.82120686185e-12
3107	4.48128188407e-12
3108	4.14135690629e-12
3109	3.8014319285e-12
3110	3.46150695072e-12
3111	3.12158197294e-12
3112	2.78165699516e-12
3113	2.73026116638e-12
3114	2.96742231434e-12
3115	3.20458346231e-12
3116	3.44174461027e-12
3117	3.67890575824e-12
3118	3.9160669062e-12
3119	4.15322805417e-12
3120	4.39038920214e-12
3121	4.6275503501e-12
3122	4.86471149807e-12
3123	5.10187264603e-12
3124	5.339033794e-12
3125	5.57619494196e-12
3126	5.81335608993e-12
3127	6.0505172379e-12
3128	6.28767838586e-12
3129	6.52483953383e-12
3130	6.76200068179e-12
3131	6.99916182976e-12
3132	7.23632297772e-12
3133	7.47348412569e-12
3134	7.71064527366e-12
3135	7.94780642162e-12
3136	8.18496756959e-12
3137	8.42212871755e-12
3138	8.41690983607e-12
3139	8.16928736054e-12
3140	7.92166488502e-12
3141	7.6740424095e-12
3142	7.42641993398e-12
3143	7.17879745846e-12
3144	6.93117498294e-12
3145	6.68355250742e-12
3146	6.4359300319e-12
3147	6.18830755638e-12
3148	5.94068508086e-12
3149	5.69306260534e-12
3150	5.44544012982e-12
3151	5.1978176543e-12
3152	4.95019517878e-12
3153	4.70257270325e-12
3154	4.45495022773e-12
3155	4.20732775221e-12
3156	3.95970527669e-12
3157	3.71208280117e-12
3158	3.46446032565e-12
3159	3.21683785013e-12
3160	2.96921537461e-12
3161	2.72159289909e-12
3162	2.47397042357e-12
3163	2.31908248597e-12
3164	2.25693817393e-12
3165	2.19479386189e-12
3166	2.13264954985e-12
3167	2.07050523781e-12
3168	2.00836092577e-12
3169	1.94621661373e-12
3170	1.88407230169e-12
3171	1.82192798966e-12
3172	1.75978367762e-12
3173	1.69763936558e-12
3174	1.63549505354e-12
3175	1.5733507415e-12
3176	1.51120642946e-12
3177	1.44906211742e-12
3178	1.38691780538e-12
3179	1.32477349335e-12
3180	1.26262918131e-12
3181	1.20048486927e-12
3182	1.13834055723e-12
3183	1.07619624519e-12
3184	1.01405193315e-12
3185	9.51907621113e-13
3186	8.89763309074e-13
3187	8.27618997035e-13
3188	8.39637161372e-13
3189	9.2582512719e-13
3190	1.01201309301e-12
3191	1.09820105883e-12
3192	1.18438902464e-12
3193	1.27057699046e-12
3194	1.35676495628e-12
3195	1.4429529221e-12
3196	1.52914088792e-12
3197	1.61532885374e-12
3198	1.70151681955e-12
3199	1.78770478537e-12
3200	1.87389275119e-12
3201	1.96008071701e-12
3202	2.04626868283e-12
3203	2.13245664864e-12
3204	2.21864461446e-12
3205	2.30483258028e-12
3206	2.3910205461e-12
3207	2.47720851192e-12
3208	2.56339647773e-12
3209	2.64958444355e-12
3210	2.73577240937e-12
3211	2.82196037519e-12
3212	2.90814834101e-12
3213	2.90684210712e-12
3214	2.81803296386e-12
3215	2.7292238206e-12
3216	2.64041467734e-12
3217	2.55160553407e-12
3218	2.46279639081e-12
3219	2.37398724755e-12
3220	2.28517810429e-12
3221	2.19636896103e-12
3222	2.10755981776e-12
3223	2.0187506745e-12
3224	1.92994153124e-12
3225	1.84113238798e-12
3226	1.75232324472e-12
3227	1.66351410145e-12
3228	1.57470495819e-12
3229	1.48589581493e-12
3230	1.39708667167e-12
3231	1.3082775284e-12
3232	1.21946838514e-12
3233	1.13065924188e-12
3234	1.04185009862e-12
3235	9.53040955356e-13
3236	8.64231812094e-13
3237	7.75422668832e-13
3238	7.28866966598e-13
3239	7.24568944277e-13
3240	7.20270921957e-13
3241	7.15972899636e-13
3242	7.11674877316e-13
3243	7.07376854995e-13
3244	7.03078832675e-13
3245	6.98780810354e-13
3246	6.94482788034e-13
3247	6.90184765713e-13
3248	6.85886743393e-13
3249	6.81588721072e-13
3250	6.77290698752e-13
3251	6.72992676431e-13
3252	6.68694654111e-13
3253	6.64396631791e-13
3254	6.6009860947e-13
3255	6.5580058715e-13
3256	6.51502564829e-13
3257	6.47204542509e-13
3258	6.42906520188e-13
3259	6.38608497868e-13
3260	6.34310475547e-13
3261	6.30012453227e-13
3262	6.25714430906e-13
3263	6.21686167403e-13
3264	6.1792768999e-13
3265	6.14169212576e-13
3266	6.10410735162e-13
3267	6.06652257748e-13
3268	6.02893780334e-13
3269	5.9913530292e-13
3270	5.95376825506e-13
3271	5.91618348092e-13
3272	5.87859870678e-13
3273	5.84101393264e-13
3274	5.8034291585e-13
3275	5.76584438436e-13
3276	5.72825961022e-13
3277	5.69067483608e-13
3278	5.65309006194e-13
3279	5.6155052878e-13
3280	5.57792051366e-13
3281	5.54033573952e-13
3282	5.50275096538e-13
3283	5.46516619124e-13
3284	5.4275814171e-13
3285	5.38999664296e-13
3286	5.35241186882e-13
3287	5.31482709468e-13
3288	5.17439332672e-13
3289	4.93110008771e-13
3290	4.68780684871e-13
3291	4.4445136097e-13
3292	4.2012203707e-13
3293	3.95792713169e-13
3294	3.71463389268e-13
3295	3.47134065368e-13
3296	3.22804741467e-13
3297	2.98475417567e-13
3298	2.74146093666e-13
3299	2.49816769765e-13
3300	2.25487445865e-13
3301	2.01158121964e-13
3302	1.76828798064e-13
3303	1.52499474163e-13
3304	1.28170150263e-13
3305	1.03840826362e-13
3306	7.95115024614e-14
3307	5.51821785609e-14
3308	3.08528546603e-14
3309	6.5235307597e-15
3310	-1.78057931409e-14
3311	-4.21351170415e-14
3312	-6.6464440942e-14
3313	-7.86297271789e-14
3314	-7.86297271789e-14
3315	-7.86297271789e-14
3316	-7.86297271789e-14
3317	-7.86297271789e-14
3318	-7.86297271789e-14
3319	-7.86297271789e-14
3320	-7.86297271789e-14
3321	-7.86297271789e-14
3322	-7.86297271789e-14
3323	-7.86297271789e-14
3324	-7.86297271789e-14
