50	-2.10939047188e-14
51	-2.1410385725e-14
52	-2.17268667313e-14
53	-2.20433477375e-14
54	-2.23598287438e-14
55	-2.267630975e-14
56	-2.29927907563e-14
57	-2.33092717625e-14
58	-2.36257527688e-14
59	-2.3942233775e-14
60	-2.42587147813e-14
61	-2.45751957875e-14
62	-2.48916767938e-14
63	-2.53123031691e-14
64	-2.58370751153e-14
65	-2.63618470614e-14
66	-2.68866190075e-14
67	-2.74113909537e-14
68	-2.79361628998e-14
69	-2.84609348459e-14
70	-2.89857067921e-14
71	-2.95104787382e-14
72	-3.00352506843e-14
73	-3.05600226305e-14
74	-3.10847945766e-14
75	-3.16095665227e-14
76	-3.21343384689e-14
77	-3.2659110415e-14
78	-3.31838823611e-14
79	-3.37086543073e-14
80	-3.42334262534e-14
81	-3.47581981995e-14
82	-3.52829701457e-14
83	-3.58077420918e-14
84	-3.63325140379e-14
85	-3.68572859841e-14
86	-3.73820579302e-14
87	-3.79068298763e-14
88	-3.85056476405e-14
89	-3.91785114234e-14
90	-3.98513752063e-14
91	-4.05242389893e-14
92	-4.11971027722e-14
93	-4.18699665551e-14
94	-4.2542830338e-14
95	-4.3215694121e-14
96	-4.38885579039e-14
97	-4.45614216868e-14
98	-4.52342854697e-14
99	-4.59071492526e-14
100	-4.65800130356e-14
101	-4.72528768185e-14
102	-4.79257406014e-14
103	-4.85986043843e-14
104	-4.92714681673e-14
105	-4.99443319502e-14
106	-5.06171957331e-14
107	-5.1290059516e-14
108	-5.1962923299e-14
109	-5.26357870819e-14
110	-5.33086508648e-14
111	-5.39815146477e-14
112	-5.46543784306e-14
113	-5.55038177658e-14
114	-5.65298332688e-14
115	-5.75558487717e-14
116	-5.85818642746e-14
117	-5.96078797776e-14
118	-6.06338952805e-14
119	-6.16599107834e-14
120	-6.26859262864e-14
121	-6.37119417893e-14
122	-6.47379572923e-14
123	-6.57639727952e-14
124	-6.67899882981e-14
125	-6.78160038011e-14
126	-6.8842019304e-14
127	-6.98680348069e-14
128	-7.08940503099e-14
129	-7.19200658128e-14
130	-7.29460813158e-14
131	-7.39720968187e-14
132	-7.49981123216e-14
133	-7.60241278246e-14
134	-7.70501433275e-14
135	-7.80761588304e-14
136	-7.91021743334e-14
137	-8.01281898363e-14
138	-8.14622972215e-14
139	-8.31044978016e-14
140	-8.47466983816e-14
141	-8.63888989617e-14
142	-8.80310995418e-14
143	-8.96733001218e-14
144	-9.13155007019e-14
145	-9.29577012819e-14
146	-9.4599901862e-14
147	-9.62421024421e-14
148	-9.78843030221e-14
149	-9.95265036022e-14
150	-1.01168704182e-13
151	-1.02810904762e-13
152	-1.04453105342e-13
153	-1.06095305922e-13
154	-1.07737506503e-13
155	-1.09379707083e-13
156	-1.11021907663e-13
157	-1.12664108243e-13
158	-1.14306308823e-13
159	-1.15948509403e-13
160	-1.17590709983e-13
161	-1.19232910563e-13
162	-1.20875111143e-13
163	-1.22870626675e-13
164	-1.25219458937e-13
165	-1.275682912e-13
166	-1.29917123462e-13
167	-1.32265955725e-13
168	-1.34614787987e-13
169	-1.3696362025e-13
170	-1.39312452512e-13
171	-1.41661284775e-13
172	-1.44010117037e-13
173	-1.463589493e-13
174	-1.48707781562e-13
175	-1.51056613825e-13
176	-1.53405446087e-13
177	-1.5575427835e-13
178	-1.58103110612e-13
179	-1.60451942875e-13
180	-1.62800775137e-13
181	-1.651496074e-13
182	-1.67498439662e-13
183	-1.69847271925e-13
184	-1.72196104187e-13
185	-1.7454493645e-13
186	-1.76893768712e-13
187	-1.79242600975e-13
188	-1.82131750674e-13
189	-1.85561220951e-13
190	-1.88990691227e-13
191	-1.92420161504e-13
192	-1.9584963178e-13
193	-1.99279102056e-13
194	-2.02708572333e-13
195	-2.06138042609e-13
196	-2.09567512885e-13
197	-2.12996983162e-13
198	-2.16426453438e-13
199	-2.19855923715e-13
200	-2.23285393991e-13
201	-2.26714864267e-13
202	-2.30144334544e-13
203	-2.3357380482e-13
204	-2.37003275096e-13
205	-2.40432745373e-13
206	-2.43862215649e-13
207	-2.47291685926e-13
208	-2.50721156202e-13
209	-2.54150626478e-13
210	-2.57580096755e-13
211	-2.61009567031e-13
212	-2.64439037307e-13
213	-2.69134328483e-13
214	-2.75095448893e-13
215	-2.81056569302e-13
216	-2.87017689712e-13
217	-2.92978810121e-13
218	-2.98939930531e-13
219	-3.0490105094e-13
220	-3.1086217135e-13
221	-3.16823291759e-13
222	-3.22784412169e-13
223	-3.28745532578e-13
224	-3.34706652988e-13
225	-3.40667773397e-13
226	-3.46628893807e-13
227	-3.52590014216e-13
228	-3.58551134626e-13
229	-3.64512255035e-13
230	-3.70473375445e-13
231	-3.76434495854e-13
232	-3.82395616264e-13
233	-3.88356736673e-13
234	-3.94317857083e-13
235	-4.00278977492e-13
236	-4.06240097902e-13
237	-4.12201218311e-13
238	-4.20105216181e-13
239	-4.2995210581e-13
240	-4.39798995438e-13
241	-4.49645885067e-13
242	-4.59492774695e-13
243	-4.69339664324e-13
244	-4.79186553952e-13
245	-4.89033443581e-13
246	-4.98880333209e-13
247	-5.08727222837e-13
248	-5.18574112466e-13
249	-5.28421002094e-13
250	-5.38267891723e-13
251	-5.48114781351e-13
252	-5.5796167098e-13
253	-5.67808560608e-13
254	-5.77655450237e-13
255	-5.87502339865e-13
256	-5.97349229494e-13
257	-6.07196119122e-13
258	-6.17043008751e-13
259	-6.26889898379e-13
260	-6.36736788008e-13
261	-6.46583677636e-13
262	-6.56430567264e-13
263	-6.73261707172e-13
264	-6.97077154166e-13
265	-7.20892601161e-13
266	-7.44708048155e-13
267	-7.6852349515e-13
268	-7.92338942144e-13
269	-8.16154389139e-13
270	-8.39969836133e-13
271	-8.63785283128e-13
272	-8.87600730122e-13
273	-9.11416177117e-13
274	-9.35231624111e-13
275	-9.59047071106e-13
276	-9.828625181e-13
277	-1.00667796509e-12
278	-1.03049341209e-12
279	-1.05430885908e-12
280	-1.07812430608e-12
281	-1.10193975307e-12
282	-1.12575520007e-12
283	-1.14957064706e-12
284	-1.17338609406e-12
285	-1.19720154105e-12
286	-1.22101698804e-12
287	-1.24483243504e-12
288	-1.24849781145e-12
289	-1.23201293776e-12
290	-1.21552806408e-12
291	-1.1990431904e-12
292	-1.18255831671e-12
293	-1.16607344303e-12
294	-1.14958856935e-12
295	-1.13310369566e-12
296	-1.11661882198e-12
297	-1.10013394829e-12
298	-1.08364907461e-12
299	-1.06716420093e-12
300	-1.05067932724e-12
301	-1.03419445356e-12
302	-1.01770957988e-12
303	-1.00122470619e-12
304	-9.8473983251e-13
305	-9.68254958827e-13
306	-9.51770085143e-13
307	-9.35285211459e-13
308	-9.18800337776e-13
309	-9.02315464092e-13
310	-8.85830590409e-13
311	-8.69345716725e-13
312	-8.52860843042e-13
313	-7.32647615624e-13
314	-5.08705030069e-13
315	-2.84762444514e-13
316	-6.08198589595e-14
317	1.63122726595e-13
318	3.8706531215e-13
319	6.11007897705e-13
320	8.34950483259e-13
321	1.05889306881e-12
322	1.28283565437e-12
323	1.50677823992e-12
324	1.73072082548e-12
325	1.95466341103e-12
326	2.17860599659e-12
327	2.40254858214e-12
328	2.6264911677e-12
329	2.85043375325e-12
330	3.07437633881e-12
331	3.29831892436e-12
332	3.52226150992e-12
333	3.74620409547e-12
334	3.97014668103e-12
335	4.19408926658e-12
336	4.41803185214e-12
337	4.64197443769e-12
338	4.82106252906e-12
339	4.95529565716e-12
340	5.08952878527e-12
341	5.22376191337e-12
342	5.35799504148e-12
343	5.49222816959e-12
344	5.62646129769e-12
345	5.7606944258e-12
346	5.89492755391e-12
347	6.02916068201e-12
348	6.16339381012e-12
349	6.29762693822e-12
350	6.43186006633e-12
351	6.56609319444e-12
352	6.70032632254e-12
353	6.83455945065e-12
354	6.96879257875e-12
355	7.10302570686e-12
356	7.23725883497e-12
357	7.37149196307e-12
358	7.50572509118e-12
359	7.63995821928e-12
360	7.77419134739e-12
361	7.9084244755e-12
362	8.0426576036e-12
363	8.16637772132e-12
364	8.27958471057e-12
365	8.39279169982e-12
366	8.50599868908e-12
367	8.61920567833e-12
368	8.73241266758e-12
369	8.84561965683e-12
370	8.95882664608e-12
371	9.07203363533e-12
372	9.18524062458e-12
373	9.29844761383e-12
374	9.41165460308e-12
375	9.52486159233e-12
376	9.63806858158e-12
377	9.75127557083e-12
378	9.86448256008e-12
379	9.97768954933e-12
380	1.00908965386e-11
381	1.02041035278e-11
382	1.03173105171e-11
383	1.04305175063e-11
384	1.05437244956e-11
385	1.06569314848e-11
386	1.07701384741e-11
387	1.08833454633e-11
388	1.17337259831e-11
389	1.33212888845e-11
390	1.49088517858e-11
391	1.64964146872e-11
392	1.80839775886e-11
393	1.967154049e-11
394	2.12591033914e-11
395	2.28466662928e-11
396	2.44342291942e-11
397	2.60217920956e-11
398	2.7609354997e-11
399	2.91969178984e-11
400	3.07844807998e-11
401	3.23720437012e-11
402	3.39596066026e-11
403	3.55471695039e-11
404	3.71347324053e-11
405	3.87222953067e-11
406	4.03098582081e-11
407	4.18974211095e-11
408	4.34849840109e-11
409	4.50725469123e-11
410	4.66601098137e-11
411	4.82476727151e-11
412	4.98352356165e-11
413	5.08503517025e-11
414	5.12930136564e-11
415	5.17356756104e-11
416	5.21783375643e-11
417	5.26209995182e-11
418	5.30636614721e-11
419	5.3506323426e-11
420	5.39489853799e-11
421	5.43916473338e-11
422	5.48343092878e-11
423	5.52769712417e-11
424	5.57196331956e-11
425	5.61622951495e-11
426	5.66049571034e-11
427	5.70476190573e-11
428	5.74902810112e-11
429	5.79329429652e-11
430	5.83756049191e-11
431	5.8818266873e-11
432	5.92609288269e-11
433	5.97035907808e-11
434	6.01462527347e-11
435	6.05889146886e-11
436	6.10315766426e-11
437	6.14742385965e-11
438	6.16202746589e-11
439	6.14696808089e-11
440	6.13190869588e-11
441	6.11684931087e-11
442	6.10178992586e-11
443	6.08673054085e-11
444	6.07167115584e-11
445	6.05661177083e-11
446	6.04155238582e-11
447	6.02649300081e-11
448	6.0114336158e-11
449	5.99637423079e-11
450	5.98131484579e-11
451	5.96625546078e-11
452	5.95119607577e-11
453	5.93613669076e-11
454	5.92107730575e-11
455	5.90601792074e-11
456	5.89095853573e-11
457	5.87589915072e-11
458	5.86083976571e-11
459	5.8457803807e-11
460	5.83072099569e-11
461	5.81566161069e-11
462	5.80060222568e-11
463	6.10419908459e-11
464	6.72645675405e-11
465	7.34871442351e-11
466	7.97097209297e-11
467	8.59322976243e-11
468	9.21548743189e-11
469	9.83774510135e-11
470	1.04600027708e-10
471	1.10822604403e-10
472	1.17045181097e-10
473	1.23267757792e-10
474	1.29490334486e-10
475	1.35712911181e-10
476	1.41935487876e-10
477	1.4815806457e-10
478	1.54380641265e-10
479	1.60603217959e-10
480	1.66825794654e-10
481	1.73048371349e-10
482	1.79270948043e-10
483	1.85493524738e-10
484	1.91716101432e-10
485	1.97938678127e-10
486	2.04161254822e-10
487	2.10383831516e-10
488	2.14400529968e-10
489	2.16211316857e-10
490	2.18022103745e-10
491	2.19832890634e-10
492	2.21643677522e-10
493	2.23454464411e-10
494	2.25265251299e-10
495	2.27076038188e-10
496	2.28886825076e-10
497	2.30697611965e-10
498	2.32508398853e-10
499	2.34319185742e-10
500	2.3612997263e-10
501	2.37940759519e-10
502	2.39751546407e-10
503	2.41562333296e-10
504	2.43373120184e-10
505	2.45183907073e-10
506	2.46994693961e-10
507	2.4880548085e-10
508	2.50616267738e-10
509	2.52427054627e-10
510	2.54237841515e-10
511	2.56048628404e-10
512	2.57859415292e-10
513	2.6023625474e-10
514	2.63179155736e-10
515	2.66122056732e-10
516	2.69064957728e-10
517	2.72007858725e-10
518	2.74950759721e-10
519	2.77893660717e-10
520	2.80836561713e-10
521	2.83779462709e-10
522	2.86722363705e-10
523	2.89665264701e-10
524	2.92608165697e-10
525	2.95551066694e-10
526	2.9849396769e-10
527	3.01436868686e-10
528	3.04379769682e-10
529	3.07322670678e-10
530	3.10265571674e-10
531	3.1320847267e-10
532	3.16151373666e-10
533	3.19094274662e-10
534	3.22037175659e-10
535	3.24980076655e-10
536	3.27922977651e-10
537	3.30865878647e-10
538	3.32734422821e-10
539	3.3352859228e-10
540	3.34322761739e-10
541	3.35116931199e-10
542	3.35911100658e-10
543	3.36705270117e-10
544	3.37499439576e-10
545	3.38293609035e-10
546	3.39087778494e-10
547	3.39881947953e-10
548	3.40676117413e-10
549	3.41470286872e-10
550	3.42264456331e-10
551	3.4305862579e-10
552	3.43852795249e-10
553	3.44646964708e-10
554	3.45441134167e-10
555	3.46235303627e-10
556	3.47029473086e-10
557	3.47823642545e-10
558	3.48617812004e-10
559	3.49411981463e-10
560	3.50206150922e-10
561	3.51000320382e-10
562	3.51794489841e-10
563	3.52467991106e-10
564	3.53020822074e-10
565	3.53573653042e-10
566	3.5412648401e-10
567	3.54679314979e-10
568	3.55232145947e-10
569	3.55784976915e-10
570	3.56337807883e-10
571	3.56890638851e-10
572	3.57443469819e-10
573	3.57996300787e-10
574	3.58549131756e-10
575	3.59101962724e-10
576	3.59654793692e-10
577	3.6020762466e-10
578	3.60760455628e-10
579	3.61313286596e-10
580	3.61866117565e-10
581	3.62418948533e-10
582	3.62971779501e-10
583	3.63524610469e-10
584	3.64077441437e-10
585	3.64630272405e-10
586	3.65183103374e-10
587	3.65735934342e-10
588	3.67160393816e-10
589	3.69456497663e-10
590	3.7175260151e-10
591	3.74048705357e-10
592	3.76344809204e-10
593	3.78640913051e-10
594	3.80937016898e-10
595	3.83233120746e-10
596	3.85529224593e-10
597	3.8782532844e-10
598	3.90121432287e-10
599	3.92417536134e-10
600	3.94713639981e-10
601	3.97009743828e-10
602	3.99305847675e-10
603	4.01601951522e-10
604	4.0389805537e-10
605	4.06194159217e-10
606	4.08490263064e-10
607	4.10786366911e-10
608	4.13082470758e-10
609	4.15378574605e-10
610	4.17674678452e-10
611	4.19970782299e-10
612	4.22266886146e-10
613	4.22199450882e-10
614	4.19768431649e-10
615	4.17337412417e-10
616	4.14906393184e-10
617	4.12475373951e-10
618	4.10044354719e-10
619	4.07613335486e-10
620	4.05182316253e-10
621	4.0275129702e-10
622	4.00320277788e-10
623	3.97889258555e-10
624	3.95458239322e-10
625	3.93027220089e-10
626	3.90596200857e-10
627	3.88165181624e-10
628	3.85734162391e-10
629	3.83303143158e-10
630	3.80872123926e-10
631	3.78441104693e-10
632	3.7601008546e-10
633	3.73579066228e-10
634	3.71148046995e-10
635	3.68717027762e-10
636	3.66286008529e-10
637	3.63854989297e-10
638	3.52045801724e-10
639	3.3085826056e-10
640	3.09670719396e-10
641	2.88483178232e-10
642	2.67295637068e-10
643	2.46108095904e-10
644	2.2492055474e-10
645	2.03733013576e-10
646	1.82545472412e-10
647	1.61357931248e-10
648	1.40170390084e-10
649	1.1898284892e-10
650	9.77953077558e-11
651	7.66077665918e-11
652	5.54202254278e-11
653	3.42326842638e-11
654	1.30451430997e-11
655	-8.14239806425e-12
656	-2.93299392283e-11
657	-5.05174803923e-11
658	-7.17050215563e-11
659	-9.28925627203e-11
660	-1.14080103884e-10
661	-1.35267645048e-10
662	-1.56455186212e-10
663	-2.10322253565e-10
664	-2.96869517956e-10
665	-3.83416782346e-10
666	-4.69964046736e-10
667	-5.56511311127e-10
668	-6.43058575517e-10
669	-7.29605839907e-10
670	-8.16153104297e-10
671	-9.02700368688e-10
672	-9.89247633078e-10
673	-1.07579489747e-09
674	-1.16234216186e-09
675	-1.24888942625e-09
676	-1.33543669064e-09
677	-1.42198395503e-09
678	-1.50853121942e-09
679	-1.59507848381e-09
680	-1.6816257482e-09
681	-1.76817301259e-09
682	-1.85472027698e-09
683	-1.94126754137e-09
684	-2.02781480576e-09
685	-2.11436207015e-09
686	-2.20090933454e-09
687	-2.28745659893e-09
688	-2.67267860336e-09
689	-3.35658171041e-09
690	-4.04048481747e-09
691	-4.72438792452e-09
692	-5.40829103157e-09
693	-6.09219413862e-09
694	-6.77609724568e-09
695	-7.46000035273e-09
696	-8.14390345978e-09
697	-8.82780656684e-09
698	-9.51170967389e-09
699	-1.01956127809e-08
700	-1.0879515888e-08
701	-1.1563418995e-08
702	-1.22473221021e-08
703	-1.29312252092e-08
704	-1.36151283162e-08
705	-1.42990314233e-08
706	-1.49829345303e-08
707	-1.56668376374e-08
708	-1.63507407444e-08
709	-1.70346438515e-08
710	-1.77185469585e-08
711	-1.84024500656e-08
712	-1.90863531726e-08
713	-1.96467166946e-08
714	-2.0083537904e-08
715	-2.05203591134e-08
716	-2.09571803229e-08
717	-2.13940015323e-08
718	-2.18308227417e-08
719	-2.22676439512e-08
720	-2.27044651606e-08
721	-2.314128637e-08
722	-2.35781075794e-08
723	-2.40149287889e-08
724	-2.44517499983e-08
725	-2.48885712077e-08
726	-2.53253924172e-08
727	-2.57622136266e-08
728	-2.6199034836e-08
729	-2.66358560454e-08
730	-2.70726772549e-08
731	-2.75094984643e-08
732	-2.79463196737e-08
733	-2.83831408832e-08
734	-2.88199620926e-08
735	-2.9256783302e-08
736	-2.96936045114e-08
737	-3.01304257209e-08
738	-3.02650649734e-08
739	-3.00975153635e-08
740	-2.99299657536e-08
741	-2.97624161438e-08
742	-2.95948665339e-08
743	-2.9427316924e-08
744	-2.92597673141e-08
745	-2.90922177043e-08
746	-2.89246680944e-08
747	-2.87571184845e-08
748	-2.85895688746e-08
749	-2.84220192648e-08
750	-2.82544696549e-08
751	-2.8086920045e-08
752	-2.79193704351e-08
753	-2.77518208253e-08
754	-2.75842712154e-08
755	-2.74167216055e-08
756	-2.72491719956e-08
757	-2.70816223858e-08
758	-2.69140727759e-08
759	-2.6746523166e-08
760	-2.65789735561e-08
761	-2.64114239463e-08
762	-2.62438743364e-08
763	-2.62683975725e-08
764	-2.64849981925e-08
765	-2.67015988126e-08
766	-2.69181994327e-08
767	-2.71348000527e-08
768	-2.73514006728e-08
769	-2.75680012929e-08
770	-2.7784601913e-08
771	-2.8001202533e-08
772	-2.82178031531e-08
773	-2.84344037732e-08
774	-2.86510043932e-08
775	-2.88676050133e-08
776	-2.90842056334e-08
777	-2.93008062535e-08
778	-2.95174068735e-08
779	-2.97340074936e-08
780	-2.99506081137e-08
781	-3.01672087337e-08
782	-3.03838093538e-08
783	-3.06004099739e-08
784	-3.0817010594e-08
785	-3.1033611214e-08
786	-3.12502118341e-08
787	-3.14668124542e-08
788	-3.13115342418e-08
789	-3.07843681225e-08
790	-3.02572020033e-08
791	-2.97300358841e-08
792	-2.92028697649e-08
793	-2.86757036457e-08
794	-2.81485375264e-08
795	-2.76213714072e-08
796	-2.7094205288e-08
797	-2.65670391688e-08
798	-2.60398730495e-08
799	-2.55127069303e-08
800	-2.49855408111e-08
801	-2.44583746919e-08
802	-2.39312085726e-08
803	-2.34040424534e-08
804	-2.28768763342e-08
805	-2.2349710215e-08
806	-2.18225440958e-08
807	-2.12953779765e-08
808	-2.07682118573e-08
809	-2.02410457381e-08
810	-1.97138796189e-08
811	-1.91867134996e-08
812	-1.86595473804e-08
813	-1.8746742637e-08
814	-1.94483147366e-08
815	-2.01498868362e-08
816	-2.08514589358e-08
817	-2.15530310354e-08
818	-2.2254603135e-08
819	-2.29561752346e-08
820	-2.36577473342e-08
821	-2.43593194338e-08
822	-2.50608915334e-08
823	-2.5762463633e-08
824	-2.64640357326e-08
825	-2.71656078322e-08
826	-2.78671799319e-08
827	-2.85687520315e-08
828	-2.92703241311e-08
829	-2.99718962307e-08
830	-3.06734683303e-08
831	-3.13750404299e-08
832	-3.20766125295e-08
833	-3.27781846291e-08
834	-3.34797567287e-08
835	-3.41813288283e-08
836	-3.48829009279e-08
837	-3.55844730275e-08
838	-3.58997487703e-08
839	-3.58287181318e-08
840	-3.57576874933e-08
841	-3.56866568547e-08
842	-3.56156262162e-08
843	-3.55445955777e-08
844	-3.54735649392e-08
845	-3.54025343006e-08
846	-3.53315036621e-08
847	-3.52604730236e-08
848	-3.5189442385e-08
849	-3.51184117465e-08
850	-3.5047381108e-08
851	-3.49763504694e-08
852	-3.49053198309e-08
853	-3.48342891924e-08
854	-3.47632585539e-08
855	-3.46922279153e-08
856	-3.46211972768e-08
857	-3.45501666383e-08
858	-3.44791359997e-08
859	-3.44081053612e-08
860	-3.43370747227e-08
861	-3.42660440841e-08
862	-3.41950134456e-08
863	-3.39727185956e-08
864	-3.35991554917e-08
865	-3.32255923877e-08
866	-3.28520292837e-08
867	-3.24784661797e-08
868	-3.21049030757e-08
869	-3.17313399717e-08
870	-3.13577768677e-08
871	-3.09842137637e-08
872	-3.06106506597e-08
873	-3.02370875557e-08
874	-2.98635244517e-08
875	-2.94899613477e-08
876	-2.91163982437e-08
877	-2.87428351397e-08
878	-2.83692720357e-08
879	-2.79957089317e-08
880	-2.76221458277e-08
881	-2.72485827237e-08
882	-2.68750196197e-08
883	-2.65014565157e-08
884	-2.61278934117e-08
885	-2.57543303077e-08
886	-2.53807672037e-08
887	-2.50072040997e-08
888	-2.48936278311e-08
889	-2.50400455476e-08
890	-2.5186463264e-08
891	-2.53328809805e-08
892	-2.54792986969e-08
893	-2.56257164134e-08
894	-2.57721341298e-08
895	-2.59185518463e-08
896	-2.60649695627e-08
897	-2.62113872792e-08
898	-2.63578049956e-08
899	-2.65042227121e-08
900	-2.66506404286e-08
901	-2.6797058145e-08
902	-2.69434758615e-08
903	-2.70898935779e-08
904	-2.72363112944e-08
905	-2.73827290108e-08
906	-2.75291467273e-08
907	-2.76755644437e-08
908	-2.78219821602e-08
909	-2.79683998766e-08
910	-2.81148175931e-08
911	-2.82612353096e-08
912	-2.8407653026e-08
913	-2.84375214946e-08
914	-2.83508374199e-08
915	-2.82641533452e-08
916	-2.81774692705e-08
917	-2.80907851957e-08
918	-2.8004101121e-08
919	-2.79174170463e-08
920	-2.78307329716e-08
921	-2.77440488969e-08
922	-2.76573648222e-08
923	-2.75706807475e-08
924	-2.74839966728e-08
925	-2.73973125981e-08
926	-2.73106285234e-08
927	-2.72239444487e-08
928	-2.7137260374e-08
929	-2.70505762993e-08
930	-2.69638922245e-08
931	-2.68772081498e-08
932	-2.67905240751e-08
933	-2.67038400004e-08
934	-2.66171559257e-08
935	-2.6530471851e-08
936	-2.64437877763e-08
937	-2.63571037016e-08
938	-2.6257910249e-08
939	-2.6146207055e-08
940	-2.60345038611e-08
941	-2.59228006671e-08
942	-2.58110974732e-08
943	-2.56993942792e-08
944	-2.55876910853e-08
945	-2.54759878914e-08
946	-2.53642846974e-08
947	-2.52525815035e-08
948	-2.51408783095e-08
949	-2.50291751156e-08
950	-2.49174719216e-08
951	-2.48057687277e-08
952	-2.46940655337e-08
953	-2.45823623398e-08
954	-2.44706591459e-08
955	-2.43589559519e-08
956	-2.4247252758e-08
957	-2.4135549564e-08
958	-2.40238463701e-08
959	-2.39121431761e-08
960	-2.38004399822e-08
961	-2.36887367883e-08
962	-2.35770335943e-08
963	-2.34122308203e-08
964	-2.31943268825e-08
965	-2.29764229447e-08
966	-2.2758519007e-08
967	-2.25406150692e-08
968	-2.23227111314e-08
969	-2.21048071937e-08
970	-2.18869032559e-08
971	-2.16689993181e-08
972	-2.14510953804e-08
973	-2.12331914426e-08
974	-2.10152875049e-08
975	-2.07973835671e-08
976	-2.05794796293e-08
977	-2.03615756916e-08
978	-2.01436717538e-08
979	-1.9925767816e-08
980	-1.97078638783e-08
981	-1.94899599405e-08
982	-1.92720560027e-08
983	-1.9054152065e-08
984	-1.88362481272e-08
985	-1.86183441894e-08
986	-1.84004402517e-08
987	-1.81825363139e-08
988	-1.79512556605e-08
989	-1.77065978821e-08
990	-1.74619401037e-08
991	-1.72172823253e-08
992	-1.69726245469e-08
993	-1.67279667685e-08
994	-1.64833089901e-08
995	-1.62386512117e-08
996	-1.59939934334e-08
997	-1.5749335655e-08
998	-1.55046778766e-08
999	-1.52600200982e-08
1000	-1.50153623198e-08
1001	-1.47707045414e-08
1002	-1.4526046763e-08
1003	-1.42813889846e-08
1004	-1.40367312062e-08
1005	-1.37920734278e-08
1006	-1.35474156495e-08
1007	-1.33027578711e-08
1008	-1.30581000927e-08
1009	-1.28134423143e-08
1010	-1.25687845359e-08
1011	-1.23241267575e-08
1012	-1.20794689791e-08
1013	-1.1770909992e-08
1014	-1.13984477915e-08
1015	-1.10259855909e-08
1016	-1.06535233903e-08
1017	-1.02810611898e-08
1018	-9.90859898922e-09
1019	-9.53613678866e-09
1020	-9.16367458809e-09
1021	-8.79121238753e-09
1022	-8.41875018697e-09
1023	-8.04628798641e-09
1024	-7.67382578584e-09
1025	-7.30136358528e-09
1026	-6.92890138472e-09
1027	-6.55643918416e-09
1028	-6.18397698359e-09
1029	-5.81151478303e-09
1030	-5.43905258247e-09
1031	-5.06659038191e-09
1032	-4.69412818134e-09
1033	-4.32166598078e-09
1034	-3.94920378022e-09
1035	-3.57674157966e-09
1036	-3.20427937909e-09
1037	-2.83181717853e-09
1038	-1.71568944451e-09
1039	1.44127730281e-10
1040	2.00394490507e-09
1041	3.86376207987e-09
1042	5.72357925466e-09
1043	7.58339642945e-09
1044	9.44321360424e-09
1045	1.1303030779e-08
1046	1.31628479538e-08
1047	1.50226651286e-08
1048	1.68824823034e-08
1049	1.87422994782e-08
1050	2.0602116653e-08
1051	2.24619338278e-08
1052	2.43217510026e-08
1053	2.61815681774e-08
1054	2.80413853522e-08
1055	2.9901202527e-08
1056	3.17610197018e-08
1057	3.36208368765e-08
1058	3.54806540513e-08
1059	3.73404712261e-08
1060	3.92002884009e-08
1061	4.10601055757e-08
1062	4.29199227505e-08
1063	4.87320909409e-08
1064	5.84967402685e-08
1065	6.82613895961e-08
1066	7.80260389237e-08
1067	8.77906882513e-08
1068	9.75553375789e-08
1069	1.07319986906e-07
1070	1.17084636234e-07
1071	1.26849285562e-07
1072	1.36613934889e-07
1073	1.46378584217e-07
1074	1.56143233544e-07
1075	1.65907882872e-07
1076	1.756725322e-07
1077	1.85437181527e-07
1078	1.95201830855e-07
1079	2.04966480182e-07
1080	2.1473112951e-07
1081	2.24495778838e-07
1082	2.34260428165e-07
1083	2.44025077493e-07
1084	2.5378972682e-07
1085	2.63554376148e-07
1086	2.73319025476e-07
1087	2.83083674803e-07
1088	3.13173286302e-07
1089	3.63588544866e-07
1090	4.14003803431e-07
1091	4.64419061996e-07
1092	5.1483432056e-07
1093	5.65249579125e-07
1094	6.1566483769e-07
1095	6.66080096255e-07
1096	7.16495354819e-07
1097	7.66910613384e-07
1098	8.17325871949e-07
1099	8.67741130513e-07
1100	9.18156389078e-07
1101	9.68571647643e-07
1102	1.01898690621e-06
1103	1.06940216477e-06
1104	1.11981742334e-06
1105	1.1702326819e-06
1106	1.22064794047e-06
1107	1.27106319903e-06
1108	1.3214784576e-06
1109	1.37189371616e-06
1110	1.42230897473e-06
1111	1.47272423329e-06
1112	1.52313949185e-06
1113	1.54234803846e-06
1114	1.53034879734e-06
1115	1.51834955623e-06
1116	1.50635031512e-06
1117	1.494351074e-06
1118	1.48235183289e-06
1119	1.47035259178e-06
1120	1.45835335066e-06
1121	1.44635410955e-06
1122	1.43435486844e-06
1123	1.42235562732e-06
1124	1.41035638621e-06
1125	1.39835714509e-06
1126	1.38635790398e-06
1127	1.37435866287e-06
1128	1.36235942175e-06
1129	1.35036018064e-06
1130	1.33836093953e-06
1131	1.32636169841e-06
1132	1.3143624573e-06
1133	1.30236321619e-06
1134	1.29036397507e-06
1135	1.27836473396e-06
1136	1.26636549284e-06
1137	1.25436625173e-06
1138	1.25344123173e-06
1139	1.26359082318e-06
1140	1.27374041463e-06
1141	1.28389000609e-06
1142	1.29403959754e-06
1143	1.30418918899e-06
1144	1.31433878044e-06
1145	1.32448837189e-06
1146	1.33463796334e-06
1147	1.34478755479e-06
1148	1.35493714624e-06
1149	1.36508673769e-06
1150	1.37523632914e-06
1151	1.38538592059e-06
1152	1.39553551204e-06
1153	1.40568510349e-06
1154	1.41583469494e-06
1155	1.42598428639e-06
1156	1.43613387784e-06
1157	1.44628346929e-06
1158	1.45643306074e-06
1159	1.46658265219e-06
1160	1.47673224364e-06
1161	1.48688183509e-06
1162	1.49703142654e-06
1163	1.49725349461e-06
1164	1.48754768169e-06
1165	1.47784186877e-06
1166	1.46813605586e-06
1167	1.45843024294e-06
1168	1.44872443002e-06
1169	1.4390186171e-06
1170	1.42931280419e-06
1171	1.41960699127e-06
1172	1.40990117835e-06
1173	1.40019536544e-06
1174	1.39048955252e-06
1175	1.3807837396e-06
1176	1.37107792668e-06
1177	1.36137211377e-06
1178	1.35166630085e-06
1179	1.34196048793e-06
1180	1.33225467502e-06
1181	1.3225488621e-06
1182	1.31284304918e-06
1183	1.30313723626e-06
1184	1.29343142335e-06
1185	1.28372561043e-06
1186	1.27401979751e-06
1187	1.2643139846e-06
1188	1.26303148901e-06
1189	1.27017262069e-06
1190	1.27731375238e-06
1191	1.28445488406e-06
1192	1.29159601575e-06
1193	1.29873714743e-06
1194	1.30587827912e-06
1195	1.3130194108e-06
1196	1.32016054249e-06
1197	1.32730167417e-06
1198	1.33444280586e-06
1199	1.34158393754e-06
1200	1.34872506923e-06
1201	1.35586620091e-06
1202	1.36300733259e-06
1203	1.37014846428e-06
1204	1.37728959596e-06
1205	1.38443072765e-06
1206	1.39157185933e-06
1207	1.39871299102e-06
1208	1.4058541227e-06
1209	1.41299525439e-06
1210	1.42013638607e-06
1211	1.42727751776e-06
1212	1.43441864944e-06
1213	1.4283055238e-06
1214	1.40893764286e-06
1215	1.38956976193e-06
1216	1.37020188099e-06
1217	1.35083400005e-06
1218	1.33146611912e-06
1219	1.31209823818e-06
1220	1.29273035724e-06
1221	1.2733624763e-06
1222	1.25399459537e-06
1223	1.23462671443e-06
1224	1.21525883349e-06
1225	1.19589095256e-06
1226	1.17652307162e-06
1227	1.15715519068e-06
1228	1.13778730974e-06
1229	1.11841942881e-06
1230	1.09905154787e-06
1231	1.07968366693e-06
1232	1.060315786e-06
1233	1.04094790506e-06
1234	1.02158002412e-06
1235	1.00221214318e-06
1236	9.82844262248e-07
1237	9.6347638131e-07
1238	9.71117201417e-07
1239	1.00576775822e-06
1240	1.04041831503e-06
1241	1.07506887183e-06
1242	1.10971942864e-06
1243	1.14436998545e-06
1244	1.17902054225e-06
1245	1.21367109906e-06
1246	1.24832165586e-06
1247	1.28297221267e-06
1248	1.31762276947e-06
1249	1.35227332628e-06
1250	1.38692388309e-06
1251	1.42157443989e-06
1252	1.4562249967e-06
1253	1.4908755535e-06
1254	1.52552611031e-06
1255	1.56017666712e-06
1256	1.59482722392e-06
1257	1.62947778073e-06
1258	1.66412833753e-06
1259	1.69877889434e-06
1260	1.73342945114e-06
1261	1.76808000795e-06
1262	1.80273056476e-06
1263	1.80331611086e-06
1264	1.76983531364e-06
1265	1.73635451643e-06
1266	1.70287371921e-06
1267	1.66939292199e-06
1268	1.63591212478e-06
1269	1.60243132756e-06
1270	1.56895053034e-06
1271	1.53546973313e-06
1272	1.50198893591e-06
1273	1.46850813869e-06
1274	1.43502734148e-06
1275	1.40154654426e-06
1276	1.36806574704e-06
1277	1.33458494983e-06
1278	1.30110415261e-06
1279	1.26762335539e-06
1280	1.23414255818e-06
1281	1.20066176096e-06
1282	1.16718096374e-06
1283	1.13370016653e-06
1284	1.10021936931e-06
1285	1.06673857209e-06
1286	1.03325777488e-06
1287	9.9977697766e-07
1288	9.93083912915e-07
1289	1.01317964933e-06
1290	1.03327538574e-06
1291	1.05337112215e-06
1292	1.07346685856e-06
1293	1.09356259497e-06
1294	1.11365833138e-06
1295	1.13375406779e-06
1296	1.15384980421e-06
1297	1.17394554062e-06
1298	1.19404127703e-06
1299	1.21413701344e-06
1300	1.23423274985e-06
1301	1.25432848626e-06
1302	1.27442422267e-06
1303	1.29451995908e-06
1304	1.3146156955e-06
1305	1.33471143191e-06
1306	1.35480716832e-06
1307	1.37490290473e-06
1308	1.39499864114e-06
1309	1.41509437755e-06
1310	1.43519011396e-06
1311	1.45528585037e-06
1312	1.47538158679e-06
1313	1.47849754918e-06
1314	1.46463304701e-06
1315	1.45076854484e-06
1316	1.43690404267e-06
1317	1.4230395405e-06
1318	1.40917503832e-06
1319	1.39531053615e-06
1320	1.38144603398e-06
1321	1.36758153181e-06
1322	1.35371702964e-06
1323	1.33985252747e-06
1324	1.32598802529e-06
1325	1.31212352312e-06
1326	1.29825902095e-06
1327	1.28439451878e-06
1328	1.27053001661e-06
1329	1.25666551444e-06
1330	1.24280101226e-06
1331	1.22893651009e-06
1332	1.21507200792e-06
1333	1.20120750575e-06
1334	1.18734300358e-06
1335	1.1734785014e-06
1336	1.15961399923e-06
1337	1.14574949706e-06
1338	1.12954146052e-06
1339	1.11098979248e-06
1340	1.09243812445e-06
1341	1.07388645641e-06
1342	1.05533478838e-06
1343	1.03678312034e-06
1344	1.0182314523e-06
1345	9.99679784269e-07
1346	9.81128116233e-07
1347	9.62576448197e-07
1348	9.44024780161e-07
1349	9.25473112125e-07
1350	9.06921444089e-07
1351	8.88369776053e-07
1352	8.69818108017e-07
1353	8.51266439981e-07
1354	8.32714771945e-07
1355	8.14163103909e-07
1356	7.95611435873e-07
1357	7.77059767838e-07
1358	7.58508099802e-07
1359	7.39956431766e-07
1360	7.2140476373e-07
1361	7.02853095694e-07
1362	6.84301427658e-07
1363	6.77770224518e-07
1364	6.8325999376e-07
1365	6.88749763002e-07
1366	6.94239532244e-07
1367	6.99729301486e-07
1368	7.05219070728e-07
1369	7.1070883997e-07
1370	7.16198609212e-07
1371	7.21688378454e-07
1372	7.27178147696e-07
1373	7.32667916939e-07
1374	7.38157686181e-07
1375	7.43647455423e-07
1376	7.49137224665e-07
1377	7.54626993907e-07
1378	7.60116763149e-07
1379	7.65606532391e-07
1380	7.71096301633e-07
1381	7.76586070875e-07
1382	7.82075840117e-07
1383	7.8756560936e-07
1384	7.93055378602e-07
1385	7.98545147844e-07
1386	8.04034917086e-07
1387	8.09524686328e-07
1388	8.02544566221e-07
1389	7.83094020642e-07
1390	7.63643475064e-07
1391	7.44192929486e-07
1392	7.24742383908e-07
1393	7.0529183833e-07
1394	6.85841292752e-07
1395	6.66390747174e-07
1396	6.46940201596e-07
1397	6.27489656018e-07
1398	6.0803911044e-07
1399	5.88588564861e-07
1400	5.69138019283e-07
1401	5.49687473705e-07
1402	5.30236928127e-07
1403	5.10786382549e-07
1404	4.91335836971e-07
1405	4.71885291393e-07
1406	4.52434745815e-07
1407	4.32984200237e-07
1408	4.13533654658e-07
1409	3.9408310908e-07
1410	3.74632563502e-07
1411	3.55182017924e-07
1412	3.35731472346e-07
1413	3.14161912414e-07
1414	2.90473245382e-07
1415	2.6678457835e-07
1416	2.43095911319e-07
1417	2.19407244287e-07
1418	1.95718577255e-07
1419	1.72029910224e-07
1420	1.48341243192e-07
1421	1.2465257616e-07
1422	1.00963909129e-07
1423	7.72752420969e-08
1424	5.35865750652e-08
1425	2.98979080335e-08
1426	6.20924100186e-09
1427	-1.74794260298e-08
1428	-4.11680930615e-08
1429	-6.48567600932e-08
1430	-8.85454271248e-08
1431	-1.12234094157e-07
1432	-1.35922761188e-07
1433	-1.5961142822e-07
1434	-1.83300095252e-07
1435	-2.06988762283e-07
1436	-2.30677429315e-07
1437	-2.54366096347e-07
1438	-3.18574757968e-07
1439	-4.23305219046e-07
1440	-5.28035680123e-07
1441	-6.32766141201e-07
1442	-7.37496602278e-07
1443	-8.42227063356e-07
1444	-9.46957524433e-07
1445	-1.05168798551e-06
1446	-1.15641844659e-06
1447	-1.26114890767e-06
1448	-1.36587936874e-06
1449	-1.47060982982e-06
1450	-1.5753402909e-06
1451	-1.68007075198e-06
1452	-1.78480121305e-06
1453	-1.88953167413e-06
1454	-1.99426213521e-06
1455	-2.09899259629e-06
1456	-2.20372305736e-06
1457	-2.30845351844e-06
1458	-2.41318397952e-06
1459	-2.5179144406e-06
1460	-2.62264490167e-06
1461	-2.72737536275e-06
1462	-2.83210582383e-06
1463	-3.06757904934e-06
1464	-3.4338009642e-06
1465	-3.80002287906e-06
1466	-4.16624479392e-06
1467	-4.53246670878e-06
1468	-4.89868862363e-06
1469	-5.26491053849e-06
1470	-5.63113245335e-06
1471	-5.99735436821e-06
1472	-6.36357628307e-06
1473	-6.72979819793e-06
1474	-7.09602011278e-06
1475	-7.46224202764e-06
1476	-7.8284639425e-06
1477	-8.19468585736e-06
1478	-8.56090777222e-06
1479	-8.92712968707e-06
1480	-9.29335160193e-06
1481	-9.65957351679e-06
1482	-1.00257954316e-05
1483	-1.03920173465e-05
1484	-1.07582392614e-05
1485	-1.11244611762e-05
1486	-1.14906830911e-05
1487	-1.18569050059e-05
1488	-1.30741767288e-05
1489	-1.51425374861e-05
1490	-1.72108982434e-05
1491	-1.92792590007e-05
1492	-2.1347619758e-05
1493	-2.34159805153e-05
1494	-2.54843412726e-05
1495	-2.75527020299e-05
1496	-2.96210627872e-05
1497	-3.16894235445e-05
1498	-3.37577843018e-05
1499	-3.58261450591e-05
1500	-3.78945058164e-05
1501	-3.99628665737e-05
1502	-4.2031227331e-05
1503	-4.40995880883e-05
1504	-4.61679488456e-05
1505	-4.82363096029e-05
1506	-5.03046703603e-05
1507	-5.23730311176e-05
1508	-5.44413918749e-05
1509	-5.65097526322e-05
1510	-5.85781133895e-05
1511	-6.06464741468e-05
1512	-6.27148349041e-05
1513	-6.35043934066e-05
1514	-6.30150897211e-05
1515	-6.25257860356e-05
1516	-6.20364823501e-05
1517	-6.15471786647e-05
1518	-6.10578749792e-05
1519	-6.05685712937e-05
1520	-6.00792676082e-05
1521	-5.95899639228e-05
1522	-5.91006602373e-05
1523	-5.86113565518e-05
1524	-5.81220528663e-05
1525	-5.76327491809e-05
1526	-5.71434454954e-05
1527	-5.66541418099e-05
1528	-5.61648381244e-05
1529	-5.5675534439e-05
1530	-5.51862307535e-05
1531	-5.4696927068e-05
1532	-5.42076233825e-05
1533	-5.37183196971e-05
1534	-5.32290160116e-05
1535	-5.27397123261e-05
1536	-5.22504086406e-05
1537	-5.17611049552e-05
1538	-5.20602205131e-05
1539	-5.31477928759e-05
1540	-5.42353652387e-05
1541	-5.53229376015e-05
1542	-5.64105099642e-05
1543	-5.7498082327e-05
1544	-5.85856546898e-05
1545	-5.96732270525e-05
1546	-6.07607994153e-05
1547	-6.18483717781e-05
1548	-6.29359441408e-05
1549	-6.40235165036e-05
1550	-6.51110888664e-05
1551	-6.61986612291e-05
1552	-6.72862335919e-05
1553	-6.83738059547e-05
1554	-6.94613783174e-05
1555	-7.05489506802e-05
1556	-7.1636523043e-05
1557	-7.27240954058e-05
1558	-7.38116677685e-05
1559	-7.48992401313e-05
1560	-7.59868124941e-05
1561	-7.70743848568e-05
1562	-7.81619572196e-05
1563	-7.82520627212e-05
1564	-7.73446530682e-05
1565	-7.64372434153e-05
1566	-7.55298337623e-05
1567	-7.46224241094e-05
1568	-7.37150144564e-05
1569	-7.28076048034e-05
1570	-7.19001951505e-05
1571	-7.09927854975e-05
1572	-7.00853758446e-05
1573	-6.91779661916e-05
1574	-6.82705565387e-05
1575	-6.73631468857e-05
1576	-6.64557372328e-05
1577	-6.55483275798e-05
1578	-6.46409179269e-05
1579	-6.37335082739e-05
1580	-6.2826098621e-05
1581	-6.1918688968e-05
1582	-6.10112793151e-05
1583	-6.01038696621e-05
1584	-5.91964600092e-05
1585	-5.82890503562e-05
1586	-5.73816407032e-05
1587	-5.64742310503e-05
1588	-5.62662411388e-05
1589	-5.67577053737e-05
1590	-5.72491696087e-05
1591	-5.77406338436e-05
1592	-5.82320980785e-05
1593	-5.87235623134e-05
1594	-5.92150265483e-05
1595	-5.97064907832e-05
1596	-6.01979550182e-05
1597	-6.06894192531e-05
1598	-6.1180883488e-05
1599	-6.16723477229e-05
1600	-6.21638119578e-05
1601	-6.26552761927e-05
1602	-6.31467404277e-05
1603	-6.36382046626e-05
1604	-6.41296688975e-05
1605	-6.46211331324e-05
1606	-6.51125973673e-05
1607	-6.56040616022e-05
1608	-6.60955258371e-05
1609	-6.65869900721e-05
1610	-6.7078454307e-05
1611	-6.75699185419e-05
1612	-6.80613827768e-05
1613	-6.89910664385e-05
1614	-7.03589914227e-05
1615	-7.17269164069e-05
1616	-7.30948413911e-05
1617	-7.44627663753e-05
1618	-7.58306913595e-05
1619	-7.71986163437e-05
1620	-7.85665413279e-05
1621	-7.9934466312e-05
1622	-8.13023912962e-05
1623	-8.26703162804e-05
1624	-8.40382412646e-05
1625	-8.54061662488e-05
1626	-8.6774091233e-05
1627	-8.81420162172e-05
1628	-8.95099412014e-05
1629	-9.08778661856e-05
1630	-9.22457911698e-05
1631	-9.3613716154e-05
1632	-9.49816411382e-05
1633	-9.63495661224e-05
1634	-9.77174911066e-05
1635	-9.90854160908e-05
1636	-0.000100453341075
1637	-0.000101821266059
1638	-0.000101653456619
1639	-9.99498348314e-05
1640	-9.82462130437e-05
1641	-9.65425912561e-05
1642	-9.48389694684e-05
1643	-9.31353476808e-05
1644	-9.14317258931e-05
1645	-8.97281041055e-05
1646	-8.80244823178e-05
1647	-8.63208605302e-05
1648	-8.46172387425e-05
1649	-8.29136169549e-05
1650	-8.12099951672e-05
1651	-7.95063733796e-05
1652	-7.78027515919e-05
1653	-7.60991298043e-05
1654	-7.43955080166e-05
1655	-7.2691886229e-05
1656	-7.09882644413e-05
1657	-6.92846426537e-05
1658	-6.7581020866e-05
1659	-6.58773990784e-05
1660	-6.41737772907e-05
1661	-6.24701555031e-05
1662	-6.07665337154e-05
1663	-5.99274311479e-05
1664	-5.99528923359e-05
1665	-5.99783535239e-05
1666	-6.00038147119e-05
1667	-6.00292758999e-05
1668	-6.00547370878e-05
1669	-6.00801982758e-05
1670	-6.01056594638e-05
1671	-6.01311206518e-05
1672	-6.01565818398e-05
1673	-6.01820430278e-05
1674	-6.02075042158e-05
1675	-6.02329654038e-05
1676	-6.02584265918e-05
1677	-6.02838877798e-05
1678	-6.03093489677e-05
1679	-6.03348101557e-05
1680	-6.03602713437e-05
1681	-6.03857325317e-05
1682	-6.04111937197e-05
1683	-6.04366549077e-05
1684	-6.04621160957e-05
1685	-6.04875772837e-05
1686	-6.05130384717e-05
1687	-6.05384996597e-05
1688	-6.00735210533e-05
1689	-5.91180770078e-05
1690	-5.81626329624e-05
1691	-5.72071889169e-05
1692	-5.62517448715e-05
1693	-5.5296300826e-05
1694	-5.43408567805e-05
1695	-5.33854127351e-05
1696	-5.24299686896e-05
1697	-5.14745246441e-05
1698	-5.05190805987e-05
1699	-4.95636365532e-05
1700	-4.86081925078e-05
1701	-4.76527484623e-05
1702	-4.66973044168e-05
1703	-4.57418603714e-05
1704	-4.47864163259e-05
1705	-4.38309722804e-05
1706	-4.2875528235e-05
1707	-4.19200841895e-05
1708	-4.09646401441e-05
1709	-4.00091960986e-05
1710	-3.90537520531e-05
1711	-3.80983080077e-05
1712	-3.71428639622e-05
1713	-3.68667452023e-05
1714	-3.72699877756e-05
1715	-3.7673230349e-05
1716	-3.80764729223e-05
1717	-3.84797154957e-05
1718	-3.8882958069e-05
1719	-3.92862006423e-05
1720	-3.96894432157e-05
1721	-4.0092685789e-05
1722	-4.04959283624e-05
1723	-4.08991709357e-05
1724	-4.13024135091e-05
1725	-4.17056560824e-05
1726	-4.21088986557e-05
1727	-4.25121412291e-05
1728	-4.29153838024e-05
1729	-4.33186263758e-05
1730	-4.37218689491e-05
1731	-4.41251115225e-05
1732	-4.45283540958e-05
1733	-4.49315966691e-05
1734	-4.53348392425e-05
1735	-4.57380818158e-05
1736	-4.61413243892e-05
1737	-4.65445669625e-05
1738	-4.65136032304e-05
1739	-4.60484098158e-05
1740	-4.55832164011e-05
1741	-4.51180229865e-05
1742	-4.46528295718e-05
1743	-4.41876361572e-05
1744	-4.37224427426e-05
1745	-4.32572493279e-05
1746	-4.27920559133e-05
1747	-4.23268624986e-05
1748	-4.1861669084e-05
1749	-4.13964756693e-05
1750	-4.09312822547e-05
1751	-4.046608884e-05
1752	-4.00008954254e-05
1753	-3.95357020107e-05
1754	-3.90705085961e-05
1755	-3.86053151815e-05
1756	-3.81401217668e-05
1757	-3.76749283522e-05
1758	-3.72097349375e-05
1759	-3.67445415229e-05
1760	-3.62793481082e-05
1761	-3.58141546936e-05
1762	-3.53489612789e-05
1763	-3.47755336743e-05
1764	-3.40938659687e-05
1765	-3.34121982631e-05
1766	-3.27305305575e-05
1767	-3.20488628519e-05
1768	-3.13671951462e-05
1769	-3.06855274406e-05
1770	-3.0003859735e-05
1771	-2.93221920294e-05
1772	-2.86405243238e-05
1773	-2.79588566181e-05
1774	-2.72771889125e-05
1775	-2.65955212069e-05
1776	-2.59138535013e-05
1777	-2.52321857957e-05
1778	-2.45505180901e-05
1779	-2.38688503844e-05
1780	-2.31871826788e-05
1781	-2.25055149732e-05
1782	-2.18238472676e-05
1783	-2.1142179562e-05
1784	-2.04605118564e-05
1785	-1.97788441507e-05
1786	-1.90971764451e-05
1787	-1.84155087395e-05
1788	-1.77044259889e-05
1789	-1.69639265641e-05
1790	-1.62234271392e-05
1791	-1.54829277144e-05
1792	-1.47424282896e-05
1793	-1.40019288647e-05
1794	-1.32614294399e-05
1795	-1.25209300151e-05
1796	-1.17804305902e-05
1797	-1.10399311654e-05
1798	-1.02994317406e-05
1799	-9.55893231575e-06
1800	-8.81843289092e-06
1801	-8.07793346609e-06
1802	-7.33743404126e-06
1803	-6.59693461643e-06
1804	-5.8564351916e-06
1805	-5.11593576676e-06
1806	-4.37543634193e-06
1807	-3.6349369171e-06
1808	-2.89443749227e-06
1809	-2.15393806744e-06
1810	-1.4134386426e-06
1811	-6.72939217773e-07
1812	6.75602070584e-08
1813	1.04819745362e-06
1814	2.26898600872e-06
1815	3.48977456381e-06
1816	4.71056311891e-06
1817	5.931351674e-06
1818	7.1521402291e-06
1819	8.37292878419e-06
1820	9.59371733928e-06
1821	1.08145058944e-05
1822	1.20352944495e-05
1823	1.32560830046e-05
1824	1.44768715597e-05
1825	1.56976601148e-05
1826	1.69184486699e-05
1827	1.81392372249e-05
1828	1.936002578e-05
1829	2.05808143351e-05
1830	2.18016028902e-05
1831	2.30223914453e-05
1832	2.42431800004e-05
1833	2.54639685555e-05
1834	2.66847571106e-05
1835	2.79055456657e-05
1836	2.91263342208e-05
1837	3.03471227759e-05
1838	3.33957756254e-05
1839	3.82723968433e-05
1840	4.31490180611e-05
1841	4.8025639279e-05
1842	5.29022604968e-05
1843	5.77788817147e-05
1844	6.26555029325e-05
1845	6.75321241503e-05
1846	7.24087453682e-05
1847	7.7285366586e-05
1848	8.21619878039e-05
1849	8.70386090217e-05
1850	9.19152302396e-05
1851	9.67918514574e-05
1852	0.000101668472675
1853	0.000106545093893
1854	0.000111421715111
1855	0.000116298336329
1856	0.000121174957547
1857	0.000126051578765
1858	0.000130928199982
1859	0.0001358048212
1860	0.000140681442418
1861	0.000145558063636
1862	0.000150434684854
1863	0.000159687487472
1864	0.000173316724049
1865	0.000186945960625
1866	0.000200575197202
1867	0.000214204433779
1868	0.000227833670356
1869	0.000241462906933
1870	0.00025509214351
1871	0.000268721380086
1872	0.000282350616663
1873	0.00029597985324
1874	0.000309609089817
1875	0.000323238326394
1876	0.000336867562971
1877	0.000350496799547
1878	0.000364126036124
1879	0.000377755272701
1880	0.000391384509278
1881	0.000405013745855
1882	0.000418642982431
1883	0.000432272219008
1884	0.000445901455585
1885	0.000459530692162
1886	0.000473159928739
1887	0.000486789165316
1888	0.000529789295626
1889	0.000602162037478
1890	0.00067453477933
1891	0.000746907521183
1892	0.000819280263035
1893	0.000891653004888
1894	0.00096402574674
1895	0.00103639848859
1896	0.00110877123044
1897	0.0011811439723
1898	0.00125351671415
1899	0.001325889456
1900	0.00139826219785
1901	0.00147063493971
1902	0.00154300768156
1903	0.00161538042341
1904	0.00168775316526
1905	0.00176012590712
1906	0.00183249864897
1907	0.00190487139082
1908	0.00197724413267
1909	0.00204961687453
1910	0.00212198961638
1911	0.00219436235823
1912	0.00226673510008
1913	0.0023201270666
1914	0.00235453713295
1915	0.00238894719931
1916	0.00242335726566
1917	0.00245776733202
1918	0.00249217739837
1919	0.00252658746473
1920	0.00256099753108
1921	0.00259540759743
1922	0.00262981766379
1923	0.00266422773014
1924	0.0026986377965
1925	0.00273304786285
1926	0.00276745792921
1927	0.00280186799556
1928	0.00283627806191
1929	0.00287068812827
1930	0.00290509819462
1931	0.00293950826098
1932	0.00297391832733
1933	0.00300832839369
1934	0.00304273846004
1935	0.00307714852639
1936	0.00311155859275
1937	0.0031459686591
1938	0.00313177916296
1939	0.00306898718659
1940	0.00300619521022
1941	0.00294340323385
1942	0.00288061125748
1943	0.00281781928111
1944	0.00275502730474
1945	0.00269223532836
1946	0.00262944335199
1947	0.00256665137562
1948	0.00250385939925
1949	0.00244106742288
1950	0.00237827544651
1951	0.00231548347014
1952	0.00225269149377
1953	0.0021898995174
1954	0.00212710754103
1955	0.00206431556466
1956	0.00200152358829
1957	0.00193873161192
1958	0.00187593963554
1959	0.00181314765917
1960	0.0017503556828
1961	0.00168756370643
1962	0.00162477173006
1963	0.00159611595553
1964	0.00160159845868
1965	0.00160708096183
1966	0.00161256346499
1967	0.00161804596814
1968	0.00162352847129
1969	0.00162901097444
1970	0.0016344934776
1971	0.00163997598075
1972	0.0016454584839
1973	0.00165094098705
1974	0.00165642349021
1975	0.00166190599336
1976	0.00166738849651
1977	0.00167287099966
1978	0.00167835350282
1979	0.00168383600597
1980	0.00168931850912
1981	0.00169480101228
1982	0.00170028351543
1983	0.00170576601858
1984	0.00171124852173
1985	0.00171673102489
1986	0.00172221352804
1987	0.00172769603119
1988	0.00174677178975
1989	0.00177944164087
1990	0.00181211149199
1991	0.00184478134311
1992	0.00187745119423
1993	0.00191012104535
1994	0.00194279089647
1995	0.00197546074759
1996	0.00200813059871
1997	0.00204080044983
1998	0.00207347030094
1999	0.00210614015206
2000	0.00213881000318
2001	0.0021714798543
2002	0.00220414970542
2003	0.00223681955654
2004	0.00226948940766
2005	0.00230215925878
2006	0.0023348291099
2007	0.00236749896102
2008	0.00240016881214
2009	0.00243283866325
2010	0.00246550851437
2011	0.00249817836549
2012	0.00253084821661
2013	0.00253960936666
2014	0.00252446032467
2015	0.00250931128269
2016	0.00249416224071
2017	0.00247901319872
2018	0.00246386415674
2019	0.00244871511476
2020	0.00243356607277
2021	0.00241841703079
2022	0.00240326798881
2023	0.00238811894682
2024	0.00237296990484
2025	0.00235782086285
2026	0.00234267182087
2027	0.00232752277889
2028	0.0023123737369
2029	0.00229722469492
2030	0.00228207565294
2031	0.00226692661095
2032	0.00225177756897
2033	0.00223662852699
2034	0.002221479485
2035	0.00220633044302
2036	0.00219118140104
2037	0.00217603235905
2038	0.00218351838887
2039	0.00221364091954
2040	0.00224376345022
2041	0.0022738859809
2042	0.00230400851157
2043	0.00233413104225
2044	0.00236425357292
2045	0.0023943761036
2046	0.00242449863427
2047	0.00245462116495
2048	0.00248474369562
2049	0.0025148662263
2050	0.00254498875697
2051	0.00257511128765
2052	0.00260523381833
2053	0.002635356349
2054	0.00266547887968
2055	0.00269560141035
2056	0.00272572394103
2057	0.0027558464717
2058	0.00278596900238
2059	0.00281609153305
2060	0.00284621406373
2061	0.0028763365944
2062	0.00290645912508
2063	0.0028981103944
2064	0.00285128794369
2065	0.00280446549298
2066	0.00275764304226
2067	0.00271082059155
2068	0.00266399814083
2069	0.00261717569012
2070	0.00257035323941
2071	0.00252353078869
2072	0.00247670833798
2073	0.00242988588727
2074	0.00238306343655
2075	0.00233624098584
2076	0.00228941853513
2077	0.00224259608441
2078	0.0021957736337
2079	0.00214895118299
2080	0.00210212873227
2081	0.00205530628156
2082	0.00200848383085
2083	0.00196166138013
2084	0.00191483892942
2085	0.00186801647871
2086	0.00182119402799
2087	0.00177437157728
2088	0.0017523413568
2089	0.00175510497021
2090	0.00175786858363
2091	0.00176063219704
2092	0.00176339581046
2093	0.00176615942387
2094	0.00176892303729
2095	0.0017716866507
2096	0.00177445026412
2097	0.00177721387753
2098	0.00177997749095
2099	0.00178274110436
2100	0.00178550471778
2101	0.00178826833119
2102	0.00179103194461
2103	0.00179379555802
2104	0.00179655917144
2105	0.00179932278485
2106	0.00180208639827
2107	0.00180485001168
2108	0.0018076136251
2109	0.00181037723851
2110	0.00181314085193
2111	0.00181590446535
2112	0.00181866807876
2113	0.00185125317628
2114	0.00191366171
2115	0.00197607024371
2116	0.00203847877743
2117	0.00210088731115
2118	0.00216329584486
2119	0.00222570437858
2120	0.00228811291229
2121	0.00235052144601
2122	0.00241292997972
2123	0.00247533851344
2124	0.00253774704715
2125	0.00260015558087
2126	0.00266256411458
2127	0.0027249726483
2128	0.00278738118201
2129	0.00284978971573
2130	0.00291219824944
2131	0.00297460678316
2132	0.00303701531687
2133	0.00309942385059
2134	0.0031618323843
2135	0.00322424091802
2136	0.00328664945174
2137	0.00334905798545
2138	0.0033549634042
2139	0.00330436196557
2140	0.00325376052695
2141	0.00320315908832
2142	0.0031525576497
2143	0.00310195621107
2144	0.00305135477245
2145	0.00300075333382
2146	0.0029501518952
2147	0.00289955045657
2148	0.00284894901795
2149	0.00279834757932
2150	0.0027477461407
2151	0.00269714470207
2152	0.00264654326345
2153	0.00259594182482
2154	0.0025453403862
2155	0.00249473894757
2156	0.00244413750895
2157	0.00239353607032
2158	0.0023429346317
2159	0.00229233319307
2160	0.00224173175445
2161	0.00219113031582
2162	0.0021405288772
2163	0.00214263827112
2164	0.00219746202967
2165	0.00225228578822
2166	0.00230710954676
2167	0.00236193330531
2168	0.00241675706385
2169	0.0024715808224
2170	0.00252640458094
2171	0.00258122833949
2172	0.00263605209803
2173	0.00269087585658
2174	0.00274569961512
2175	0.00280052337367
2176	0.00285534713222
2177	0.00291017089076
2178	0.00296499464931
2179	0.00301981840785
2180	0.0030746421664
2181	0.00312946592494
2182	0.00318428968349
2183	0.00323911344203
2184	0.00329393720058
2185	0.00334876095912
2186	0.00340358471767
2187	0.00345840847622
2188	0.00347787272826
2189	0.00346197507702
2190	0.00344607742579
2191	0.00343017977456
2192	0.00341428212332
2193	0.00339838447209
2194	0.00338248682085
2195	0.00336658916962
2196	0.00335069151838
2197	0.00333479386715
2198	0.00331889621591
2199	0.00330299856468
2200	0.00328710091345
2201	0.00327120326221
2202	0.00325530561098
2203	0.00323940795974
2204	0.00322351030851
2205	0.00320761265727
2206	0.00319171500604
2207	0.00317581735481
2208	0.00315991970357
2209	0.00314402205234
2210	0.0031281244011
2211	0.00311222674987
2212	0.00309632909863
2213	0.00309087262827
2214	0.00309585805461
2215	0.00310084348095
2216	0.00310582890728
2217	0.00311081433362
2218	0.00311579975996
2219	0.00312078518629
2220	0.00312577061263
2221	0.00313075603897
2222	0.0031357414653
2223	0.00314072689164
2224	0.00314571231798
2225	0.00315069774432
2226	0.00315568317065
2227	0.00316066859699
2228	0.00316565402333
2229	0.00317063944966
2230	0.003175624876
2231	0.00318061030234
2232	0.00318559572867
2233	0.00319058115501
2234	0.00319556658135
2235	0.00320055200768
2236	0.00320553743402
2237	0.00321052286036
2238	0.0031994350234
2239	0.00317227280874
2240	0.00314511059408
2241	0.00311794837942
2242	0.00309078616476
2243	0.0030636239501
2244	0.00303646173544
2245	0.00300929952078
2246	0.00298213730612
2247	0.00295497509146
2248	0.0029278128768
2249	0.00290065066214
2250	0.00287348844748
2251	0.00284632623282
2252	0.00281916401816
2253	0.0027920018035
2254	0.00276483958884
2255	0.00273767737418
2256	0.00271051515952
2257	0.00268335294486
2258	0.0026561907302
2259	0.00262902851554
2260	0.00260186630088
2261	0.00257470408622
2262	0.00254754187156
2263	0.00252698635927
2264	0.00251303801253
2265	0.00249908966579
2266	0.00248514131905
2267	0.00247119297231
2268	0.00245724462557
2269	0.00244329627883
2270	0.00242934793209
2271	0.00241539958534
2272	0.0024014512386
2273	0.00238750289186
2274	0.00237355454512
2275	0.00235960619838
2276	0.00234565785164
2277	0.0023317095049
2278	0.00231776115816
2279	0.00230381281141
2280	0.00228986446467
2281	0.00227591611793
2282	0.00226196777119
2283	0.00224801942445
2284	0.00223407107771
2285	0.00222012273097
2286	0.00220617438423
2287	0.00219222603748
2288	0.00215020780101
2289	0.00208011768517
2290	0.00201002756932
2291	0.00193993745348
2292	0.00186984733763
2293	0.00179975722179
2294	0.00172966710594
2295	0.0016595769901
2296	0.00158948687425
2297	0.00151939675841
2298	0.00144930664256
2299	0.00137921652672
2300	0.00130912641087
2301	0.00123903629503
2302	0.00116894617918
2303	0.00109885606333
2304	0.00102876594749
2305	0.000958675831645
2306	0.000888585715799
2307	0.000818495599954
2308	0.000748405484109
2309	0.000678315368264
2310	0.000608225252418
2311	0.000538135136573
2312	0.000468045020728
2313	0.000426677436122
2314	0.00041403444091
2315	0.000401391445698
2316	0.000388748450486
2317	0.000376105455274
2318	0.000363462460062
2319	0.00035081946485
2320	0.000338176469638
2321	0.000325533474425
2322	0.000312890479213
2323	0.000300247484001
2324	0.000287604488789
2325	0.000274961493577
2326	0.000262318498365
2327	0.000249675503153
2328	0.000237032507941
2329	0.000224389512729
2330	0.000211746517517
2331	0.000199103522305
2332	0.000186460527093
2333	0.000173817531881
2334	0.000161174536669
2335	0.000148531541457
2336	0.000135888546244
2337	0.000123245551032
2338	0.000115812804057
2339	0.000113590682703
2340	0.000111368561348
2341	0.000109146439994
2342	0.000106924318639
2343	0.000104702197285
2344	0.00010248007593
2345	0.000100257954576
2346	9.80358332212e-05
2347	9.58137118667e-05
2348	9.35915905123e-05
2349	9.13694691578e-05
2350	8.91473478033e-05
2351	8.69252264488e-05
2352	8.47031050943e-05
2353	8.24809837399e-05
2354	8.02588623854e-05
2355	7.80367410309e-05
2356	7.58146196764e-05
2357	7.3592498322e-05
2358	7.13703769675e-05
2359	6.9148255613e-05
2360	6.69261342585e-05
2361	6.47040129041e-05
2362	6.24818915496e-05
2363	6.08685759888e-05
2364	5.98641107897e-05
2365	5.88596455907e-05
2366	5.78551803917e-05
2367	5.68507151926e-05
2368	5.58462499936e-05
2369	5.48417847946e-05
2370	5.38373195955e-05
2371	5.28328543965e-05
2372	5.18283891975e-05
2373	5.08239239984e-05
2374	4.98194587994e-05
2375	4.88149936004e-05
2376	4.78105284013e-05
2377	4.68060632023e-05
2378	4.58015980033e-05
2379	4.47971328042e-05
2380	4.37926676052e-05
2381	4.27882024062e-05
2382	4.17837372071e-05
2383	4.07792720081e-05
2384	3.9774806809e-05
2385	3.877034161e-05
2386	3.7765876411e-05
2387	3.67614112119e-05
2388	3.60284830533e-05
2389	3.55671120235e-05
2390	3.51057409936e-05
2391	3.46443699638e-05
2392	3.4182998934e-05
2393	3.37216279041e-05
2394	3.32602568743e-05
2395	3.27988858444e-05
2396	3.23375148146e-05
2397	3.18761437848e-05
2398	3.14147727549e-05
2399	3.09534017251e-05
2400	3.04920306953e-05
2401	3.00306596654e-05
2402	2.95692886356e-05
2403	2.91079176058e-05
2404	2.86465465759e-05
2405	2.81851755461e-05
2406	2.77238045163e-05
2407	2.72624334864e-05
2408	2.68010624566e-05
2409	2.63396914268e-05
2410	2.58783203969e-05
2411	2.54169493671e-05
2412	2.49555783373e-05
2413	2.44540154791e-05
2414	2.3912257788e-05
2415	2.33705000969e-05
2416	2.28287424058e-05
2417	2.22869847148e-05
2418	2.17452270237e-05
2419	2.12034693326e-05
2420	2.06617116415e-05
2421	2.01199539504e-05
2422	1.95781962594e-05
2423	1.90364385683e-05
2424	1.84946808772e-05
2425	1.79529231861e-05
2426	1.7411165495e-05
2427	1.6869407804e-05
2428	1.63276501129e-05
2429	1.57858924218e-05
2430	1.52441347307e-05
2431	1.47023770396e-05
2432	1.41606193485e-05
2433	1.36188616575e-05
2434	1.30771039664e-05
2435	1.25353462753e-05
2436	1.19935885842e-05
2437	1.14518308931e-05
2438	1.10922505398e-05
2439	1.09148612839e-05
2440	1.0737472028e-05
2441	1.05600827722e-05
2442	1.03826935163e-05
2443	1.02053042604e-05
2444	1.00279150046e-05
2445	9.85052574873e-06
2446	9.67313649287e-06
2447	9.49574723701e-06
2448	9.31835798115e-06
2449	9.14096872528e-06
2450	8.96357946942e-06
2451	8.78619021356e-06
2452	8.6088009577e-06
2453	8.43141170184e-06
2454	8.25402244598e-06
2455	8.07663319012e-06
2456	7.89924393426e-06
2457	7.7218546784e-06
2458	7.54446542254e-06
2459	7.36707616667e-06
2460	7.18968691081e-06
2461	7.01229765495e-06
2462	6.83490839909e-06
2463	6.70354582689e-06
2464	6.61821345041e-06
2465	6.53288107393e-06
2466	6.44754869744e-06
2467	6.36221632096e-06
2468	6.27688394447e-06
2469	6.19155156799e-06
2470	6.1062191915e-06
2471	6.02088681502e-06
2472	5.93555443853e-06
2473	5.85022206205e-06
2474	5.76488968556e-06
2475	5.67955730908e-06
2476	5.59422493259e-06
2477	5.50889255611e-06
2478	5.42356017962e-06
2479	5.33822780314e-06
2480	5.25289542665e-06
2481	5.16756305017e-06
2482	5.08223067368e-06
2483	4.9968982972e-06
2484	4.91156592071e-06
2485	4.82623354423e-06
2486	4.74090116774e-06
2487	4.65556879126e-06
2488	4.54549477675e-06
2489	4.41067721715e-06
2490	4.27585965755e-06
2491	4.14104209796e-06
2492	4.00622453836e-06
2493	3.87140697876e-06
2494	3.73658941916e-06
2495	3.60177185956e-06
2496	3.46695429996e-06
2497	3.33213674036e-06
2498	3.19731918076e-06
2499	3.06250162116e-06
2500	2.92768406156e-06
2501	2.79286650196e-06
2502	2.65804894237e-06
2503	2.52323138277e-06
2504	2.38841382317e-06
2505	2.25359626357e-06
2506	2.11877870397e-06
2507	1.98396114437e-06
2508	1.84914358477e-06
2509	1.71432602517e-06
2510	1.57950846557e-06
2511	1.44469090597e-06
2512	1.30987334638e-06
2513	1.24502754783e-06
2514	1.25015895791e-06
2515	1.255290368e-06
2516	1.26042177808e-06
2517	1.26555318817e-06
2518	1.27068459825e-06
2519	1.27581600834e-06
2520	1.28094741842e-06
2521	1.2860788285e-06
2522	1.29121023859e-06
2523	1.29634164867e-06
2524	1.30147305876e-06
2525	1.30660446884e-06
2526	1.31173587893e-06
2527	1.31686728901e-06
2528	1.3219986991e-06
2529	1.32713010918e-06
2530	1.33226151927e-06
2531	1.33739292935e-06
2532	1.34252433944e-06
2533	1.34765574952e-06
2534	1.35278715961e-06
2535	1.35791856969e-06
2536	1.36304997978e-06
2537	1.36818138986e-06
2538	1.36370564462e-06
2539	1.34962198866e-06
2540	1.33553833269e-06
2541	1.32145467673e-06
2542	1.30737102077e-06
2543	1.29328736481e-06
2544	1.27920370884e-06
2545	1.26512005288e-06
2546	1.25103639692e-06
2547	1.23695274096e-06
2548	1.22286908499e-06
2549	1.20878542903e-06
2550	1.19470177307e-06
2551	1.1806181171e-06
2552	1.16653446114e-06
2553	1.15245080518e-06
2554	1.13836714922e-06
2555	1.12428349325e-06
2556	1.11019983729e-06
2557	1.09611618133e-06
2558	1.08203252536e-06
2559	1.0679488694e-06
2560	1.05386521344e-06
2561	1.03978155748e-06
2562	1.02569790151e-06
2563	1.014759614e-06
2564	1.00696694468e-06
2565	9.99174275364e-07
2566	9.91381606048e-07
2567	9.83588936732e-07
2568	9.75796267415e-07
2569	9.68003598099e-07
2570	9.60210928783e-07
2571	9.52418259466e-07
2572	9.4462559015e-07
2573	9.36832920833e-07
2574	9.29040251517e-07
2575	9.21247582201e-07
2576	9.13454912884e-07
2577	9.05662243568e-07
2578	8.97869574251e-07
2579	8.90076904935e-07
2580	8.82284235619e-07
2581	8.74491566302e-07
2582	8.66698896986e-07
2583	8.5890622767e-07
2584	8.51113558353e-07
2585	8.43320889037e-07
2586	8.3552821972e-07
2587	8.27735550404e-07
2588	8.19337415377e-07
2589	8.10333766093e-07
2590	8.01330116809e-07
2591	7.92326467526e-07
2592	7.83322818242e-07
2593	7.74319168959e-07
2594	7.65315519675e-07
2595	7.56311870391e-07
2596	7.47308221108e-07
2597	7.38304571824e-07
2598	7.29300922541e-07
2599	7.20297273257e-07
2600	7.11293623973e-07
2601	7.0228997469e-07
2602	6.93286325406e-07
2603	6.84282676123e-07
2604	6.75279026839e-07
2605	6.66275377555e-07
2606	6.57271728272e-07
2607	6.48268078988e-07
2608	6.39264429705e-07
2609	6.30260780421e-07
2610	6.21257131138e-07
2611	6.12253481854e-07
2612	6.0324983257e-07
2613	5.92965125762e-07
2614	5.81399257723e-07
2615	5.69833389684e-07
2616	5.58267521645e-07
2617	5.46701653607e-07
2618	5.35135785568e-07
2619	5.23569917529e-07
2620	5.1200404949e-07
2621	5.00438181451e-07
2622	4.88872313413e-07
2623	4.77306445374e-07
2624	4.65740577335e-07
2625	4.54174709296e-07
2626	4.42608841257e-07
2627	4.31042973218e-07
2628	4.1947710518e-07
2629	4.07911237141e-07
2630	3.96345369102e-07
2631	3.84779501063e-07
2632	3.73213633024e-07
2633	3.61647764986e-07
2634	3.50081896947e-07
2635	3.38516028908e-07
2636	3.26950160869e-07
2637	3.1538429283e-07
2638	3.09673201672e-07
2639	3.09817365891e-07
2640	3.0996153011e-07
2641	3.10105694329e-07
2642	3.10249858548e-07
2643	3.10394022767e-07
2644	3.10538186986e-07
2645	3.10682351205e-07
2646	3.10826515424e-07
2647	3.10970679643e-07
2648	3.11114843862e-07
2649	3.11259008081e-07
2650	3.114031723e-07
2651	3.11547336519e-07
2652	3.11691500738e-07
2653	3.11835664957e-07
2654	3.11979829176e-07
2655	3.12123993395e-07
2656	3.12268157614e-07
2657	3.12412321833e-07
2658	3.12556486051e-07
2659	3.1270065027e-07
2660	3.12844814489e-07
2661	3.12988978708e-07
2662	3.13133142927e-07
2663	3.11059326248e-07
2664	3.06767345682e-07
2665	3.02475365117e-07
2666	2.98183384551e-07
2667	2.93891403986e-07
2668	2.8959942342e-07
2669	2.85307442854e-07
2670	2.81015462289e-07
2671	2.76723481723e-07
2672	2.72431501157e-07
2673	2.68139520592e-07
2674	2.63847540026e-07
2675	2.5955555946e-07
2676	2.55263578895e-07
2677	2.50971598329e-07
2678	2.46679617764e-07
2679	2.42387637198e-07
2680	2.38095656632e-07
2681	2.33803676067e-07
2682	2.29511695501e-07
2683	2.25219714935e-07
2684	2.2092773437e-07
2685	2.16635753804e-07
2686	2.12343773238e-07
2687	2.08051792673e-07
2688	2.03997815087e-07
2689	2.00181860303e-07
2690	1.96365905518e-07
2691	1.92549950733e-07
2692	1.88733995949e-07
2693	1.84918041164e-07
2694	1.81102086379e-07
2695	1.77286131594e-07
2696	1.7347017681e-07
2697	1.69654222025e-07
2698	1.6583826724e-07
2699	1.62022312456e-07
2700	1.58206357671e-07
2701	1.54390402886e-07
2702	1.50574448101e-07
2703	1.46758493317e-07
2704	1.42942538532e-07
2705	1.39126583747e-07
2706	1.35310628963e-07
2707	1.31494674178e-07
2708	1.27678719393e-07
2709	1.23862764608e-07
2710	1.20046809824e-07
2711	1.16230855039e-07
2712	1.12414900254e-07
2713	1.09771714794e-07
2714	1.0830139723e-07
2715	1.06831079667e-07
2716	1.05360762103e-07
2717	1.0389044454e-07
2718	1.02420126976e-07
2719	1.00949809413e-07
2720	9.94794918496e-08
2721	9.80091742862e-08
2722	9.65388567227e-08
2723	9.50685391593e-08
2724	9.35982215959e-08
2725	9.21279040324e-08
2726	9.0657586469e-08
2727	8.91872689056e-08
2728	8.77169513422e-08
2729	8.62466337787e-08
2730	8.47763162153e-08
2731	8.33059986519e-08
2732	8.18356810885e-08
2733	8.0365363525e-08
2734	7.88950459616e-08
2735	7.74247283982e-08
2736	7.59544108347e-08
2737	7.44840932713e-08
2738	7.32373059241e-08
2739	7.22140677542e-08
2740	7.11908295844e-08
2741	7.01675914145e-08
2742	6.91443532447e-08
2743	6.81211150749e-08
2744	6.7097876905e-08
2745	6.60746387352e-08
2746	6.50514005654e-08
2747	6.40281623955e-08
2748	6.30049242257e-08
2749	6.19816860559e-08
2750	6.0958447886e-08
2751	5.99352097162e-08
2752	5.89119715463e-08
2753	5.78887333765e-08
2754	5.68654952067e-08
2755	5.58422570368e-08
2756	5.4819018867e-08
2757	5.37957806972e-08
2758	5.27725425273e-08
2759	5.17493043575e-08
2760	5.07260661877e-08
2761	4.97028280178e-08
2762	4.8679589848e-08
2763	4.80082145534e-08
2764	4.7688732254e-08
2765	4.73692499546e-08
2766	4.70497676552e-08
2767	4.67302853557e-08
2768	4.64108030563e-08
2769	4.60913207569e-08
2770	4.57718384575e-08
2771	4.5452356158e-08
2772	4.51328738586e-08
2773	4.48133915592e-08
2774	4.44939092597e-08
2775	4.41744269603e-08
2776	4.38549446609e-08
2777	4.35354623615e-08
2778	4.3215980062e-08
2779	4.28964977626e-08
2780	4.25770154632e-08
2781	4.22575331638e-08
2782	4.19380508643e-08
2783	4.16185685649e-08
2784	4.12990862655e-08
2785	4.0979603966e-08
2786	4.06601216666e-08
2787	4.03406393672e-08
2788	4.03481640371e-08
2789	4.06827239217e-08
2790	4.10172838063e-08
2791	4.13518436909e-08
2792	4.16864035755e-08
2793	4.20209634601e-08
2794	4.23555233448e-08
2795	4.26900832294e-08
2796	4.3024643114e-08
2797	4.33592029986e-08
2798	4.36937628832e-08
2799	4.40283227678e-08
2800	4.43628826525e-08
2801	4.46974425371e-08
2802	4.50320024217e-08
2803	4.53665623063e-08
2804	4.57011221909e-08
2805	4.60356820755e-08
2806	4.63702419601e-08
2807	4.67048018448e-08
2808	4.70393617294e-08
2809	4.7373921614e-08
2810	4.77084814986e-08
2811	4.80430413832e-08
2812	4.83776012678e-08
2813	4.82745009715e-08
2814	4.7733702352e-08
2815	4.71929037325e-08
2816	4.6652105113e-08
2817	4.61113064935e-08
2818	4.5570507874e-08
2819	4.50297092544e-08
2820	4.44889106349e-08
2821	4.39481120154e-08
2822	4.34073133959e-08
2823	4.28665147764e-08
2824	4.23257161569e-08
2825	4.17849175374e-08
2826	4.12441189178e-08
2827	4.07033202983e-08
2828	4.01625216788e-08
2829	3.96217230593e-08
2830	3.90809244398e-08
2831	3.85401258203e-08
2832	3.79993272007e-08
2833	3.74585285812e-08
2834	3.69177299617e-08
2835	3.63769313422e-08
2836	3.58361327227e-08
2837	3.52953341032e-08
2838	3.45014352426e-08
2839	3.34544138872e-08
2840	3.24073925318e-08
2841	3.13603711764e-08
2842	3.0313349821e-08
2843	2.92663284656e-08
2844	2.82193071102e-08
2845	2.71722857547e-08
2846	2.61252643993e-08
2847	2.50782430439e-08
2848	2.40312216885e-08
2849	2.29842003331e-08
2850	2.19371789777e-08
2851	2.08901576223e-08
2852	1.98431362668e-08
2853	1.87961149114e-08
2854	1.7749093556e-08
2855	1.67020722006e-08
2856	1.56550508452e-08
2857	1.46080294898e-08
2858	1.35610081344e-08
2859	1.25139867789e-08
2860	1.14669654235e-08
2861	1.04199440681e-08
2862	9.3729227127e-09
2863	8.77335648232e-09
2864	8.62128506618e-09
2865	8.46921365005e-09
2866	8.31714223391e-09
2867	8.16507081777e-09
2868	8.01299940163e-09
2869	7.86092798549e-09
2870	7.70885656935e-09
2871	7.55678515321e-09
2872	7.40471373707e-09
2873	7.25264232093e-09
2874	7.10057090479e-09
2875	6.94849948865e-09
2876	6.79642807251e-09
2877	6.64435665637e-09
2878	6.49228524024e-09
2879	6.3402138241e-09
2880	6.18814240796e-09
2881	6.03607099182e-09
2882	5.88399957568e-09
2883	5.73192815954e-09
2884	5.5798567434e-09
2885	5.42778532726e-09
2886	5.27571391112e-09
2887	5.12364249498e-09
2888	5.06758548964e-09
2889	5.10755148594e-09
2890	5.14751748224e-09
2891	5.18748347854e-09
2892	5.22744947483e-09
2893	5.26741547113e-09
2894	5.30738146743e-09
2895	5.34734746373e-09
2896	5.38731346003e-09
2897	5.42727945633e-09
2898	5.46724545263e-09
2899	5.50721144892e-09
2900	5.54717744522e-09
2901	5.58714344152e-09
2902	5.62710943782e-09
2903	5.66707543412e-09
2904	5.70704143042e-09
2905	5.74700742672e-09
2906	5.78697342301e-09
2907	5.82693941931e-09
2908	5.86690541561e-09
2909	5.90687141191e-09
2910	5.94683740821e-09
2911	5.98680340451e-09
2912	6.02676940081e-09
2913	5.97805286293e-09
2914	5.84064578734e-09
2915	5.70323871176e-09
2916	5.56583163617e-09
2917	5.42842456058e-09
2918	5.291017485e-09
2919	5.15361040941e-09
2920	5.01620333383e-09
2921	4.87879625824e-09
2922	4.74138918265e-09
2923	4.60398210707e-09
2924	4.46657503148e-09
2925	4.3291679559e-09
2926	4.19176088031e-09
2927	4.05435380472e-09
2928	3.91694672914e-09
2929	3.77953965355e-09
2930	3.64213257797e-09
2931	3.50472550238e-09
2932	3.36731842679e-09
2933	3.22991135121e-09
2934	3.09250427562e-09
2935	2.95509720004e-09
2936	2.81769012445e-09
2937	2.68028304886e-09
2938	2.58745868535e-09
2939	2.539221092e-09
2940	2.49098349865e-09
2941	2.4427459053e-09
2942	2.39450831195e-09
2943	2.3462707186e-09
2944	2.29803312525e-09
2945	2.2497955319e-09
2946	2.20155793855e-09
2947	2.1533203452e-09
2948	2.10508275185e-09
2949	2.0568451585e-09
2950	2.00860756515e-09
2951	1.9603699718e-09
2952	1.91213237845e-09
2953	1.86389478511e-09
2954	1.81565719176e-09
2955	1.76741959841e-09
2956	1.71918200506e-09
2957	1.67094441171e-09
2958	1.62270681836e-09
2959	1.57446922501e-09
2960	1.52623163166e-09
2961	1.47799403831e-09
2962	1.42975644496e-09
2963	1.38847782689e-09
2964	1.35415882292e-09
2965	1.31983981895e-09
2966	1.28552081498e-09
2967	1.251201811e-09
2968	1.21688280703e-09
2969	1.18256380306e-09
2970	1.14824479909e-09
2971	1.11392579512e-09
2972	1.07960679115e-09
2973	1.04528778718e-09
2974	1.01096878321e-09
2975	9.76649779241e-10
2976	9.42330775271e-10
2977	9.080117713e-10
2978	8.7369276733e-10
2979	8.39373763359e-10
2980	8.05054759389e-10
2981	7.70735755419e-10
2982	7.36416751448e-10
2983	7.02097747478e-10
2984	6.67778743507e-10
2985	6.33459739537e-10
2986	5.99140735566e-10
2987	5.64821731596e-10
2988	5.45994156566e-10
2989	5.42659444571e-10
2990	5.39324732575e-10
2991	5.3599002058e-10
2992	5.32655308585e-10
2993	5.29320596589e-10
2994	5.25985884594e-10
2995	5.22651172599e-10
2996	5.19316460604e-10
2997	5.15981748608e-10
2998	5.12647036613e-10
2999	5.09312324618e-10
3000	5.05977612622e-10
3001	5.02642900627e-10
3002	4.99308188632e-10
3003	4.95973476636e-10
3004	4.92638764641e-10
3005	4.89304052646e-10
3006	4.8596934065e-10
3007	4.82634628655e-10
3008	4.7929991666e-10
3009	4.75965204665e-10
3010	4.72630492669e-10
3011	4.69295780674e-10
3012	4.65961068679e-10
3013	4.57838490771e-10
3014	4.44927600013e-10
3015	4.32016709255e-10
3016	4.19105818497e-10
3017	4.06194927739e-10
3018	3.93284036981e-10
3019	3.80373146222e-10
3020	3.67462255464e-10
3021	3.54551364706e-10
3022	3.41640473948e-10
3023	3.2872958319e-10
3024	3.15818692432e-10
3025	3.02907801674e-10
3026	2.89996910916e-10
3027	2.77086020158e-10
3028	2.641751294e-10
3029	2.51264238642e-10
3030	2.38353347883e-10
3031	2.25442457125e-10
3032	2.12531566367e-10
3033	1.99620675609e-10
3034	1.86709784851e-10
3035	1.73798894093e-10
3036	1.60888003335e-10
3037	1.47977112577e-10
3038	1.44521627065e-10
3039	1.50522436769e-10
3040	1.56523246473e-10
3041	1.62524056177e-10
3042	1.6852486588e-10
3043	1.74525675584e-10
3044	1.80526485288e-10
3045	1.86527294992e-10
3046	1.92528104696e-10
3047	1.98528914399e-10
3048	2.04529724103e-10
3049	2.10530533807e-10
3050	2.16531343511e-10
3051	2.22532153215e-10
3052	2.28532962918e-10
3053	2.34533772622e-10
3054	2.40534582326e-10
3055	2.4653539203e-10
3056	2.52536201733e-10
3057	2.58537011437e-10
3058	2.64537821141e-10
3059	2.70538630845e-10
3060	2.76539440549e-10
3061	2.82540250252e-10
3062	2.88541059956e-10
3063	2.87857737594e-10
3064	2.80489648859e-10
3065	2.73121560124e-10
3066	2.65753471388e-10
3067	2.58385382653e-10
3068	2.51017293918e-10
3069	2.43649205182e-10
3070	2.36281116447e-10
3071	2.28913027712e-10
3072	2.21544938976e-10
3073	2.14176850241e-10
3074	2.06808761506e-10
3075	1.99440672771e-10
3076	1.92072584035e-10
3077	1.847044953e-10
3078	1.77336406565e-10
3079	1.69968317829e-10
3080	1.62600229094e-10
3081	1.55232140359e-10
3082	1.47864051623e-10
3083	1.40495962888e-10
3084	1.33127874153e-10
3085	1.25759785418e-10
3086	1.18391696682e-10
3087	1.11023607947e-10
3088	1.06127694791e-10
3089	1.03704193734e-10
3090	1.01280692677e-10
3091	9.88571916195e-11
3092	9.64336905622e-11
3093	9.40101895049e-11
3094	9.15866884476e-11
3095	8.91631873903e-11
3096	8.6739686333e-11
3097	8.43161852757e-11
3098	8.18926842184e-11
3099	7.94691831611e-11
3100	7.70456821038e-11
3101	7.46221810465e-11
3102	7.21986799892e-11
3103	6.97751789319e-11
3104	6.73516778746e-11
3105	6.49281768173e-11
3106	6.250467576e-11
3107	6.00811747027e-11
3108	5.76576736454e-11
3109	5.52341725881e-11
3110	5.28106715308e-11
3111	5.03871704735e-11
3112	4.79636694162e-11
3113	4.71380348304e-11
3114	4.79104208253e-11
3115	4.86828068203e-11
3116	4.94551928152e-11
3117	5.02275788102e-11
3118	5.09999648051e-11
3119	5.17723508e-11
3120	5.2544736795e-11
3121	5.33171227899e-11
3122	5.40895087849e-11
3123	5.48618947798e-11
3124	5.56342807748e-11
3125	5.64066667697e-11
3126	5.71790527647e-11
3127	5.79514387596e-11
3128	5.87238247545e-11
3129	5.94962107495e-11
3130	6.02685967444e-11
3131	6.10409827394e-11
3132	6.18133687343e-11
3133	6.25857547293e-11
3134	6.33581407242e-11
3135	6.41305267192e-11
3136	6.49029127141e-11
3137	6.5675298709e-11
3138	6.4318968469e-11
3139	6.08337150366e-11
3140	5.73484616042e-11
3141	5.38632081718e-11
3142	5.03779547395e-11
3143	4.68927013071e-11
3144	4.34074478747e-11
3145	3.99221944424e-11
3146	3.643694101e-11
3147	3.29516875776e-11
3148	2.94664341452e-11
3149	2.59811807129e-11
3150	2.24959272805e-11
3151	1.90106738481e-11
3152	1.55254204158e-11
3153	1.20401669834e-11
3154	8.55491355101e-12
3155	5.06966011864e-12
3156	1.58440668626e-12
3157	-1.90084674611e-12
3158	-5.38610017848e-12
3159	-8.87135361085e-12
3160	-1.23566070432e-11
3161	-1.58418604756e-11
3162	-1.9327113908e-11
3163	-1.96514727024e-11
3164	-1.68146271027e-11
3165	-1.3977781503e-11
3166	-1.11409359033e-11
3167	-8.30409030358e-12
3168	-5.46724470388e-12
3169	-2.63039910419e-12
3170	2.0644649551e-13
3171	3.04329209521e-12
3172	5.8801376949e-12
3173	8.7169832946e-12
3174	1.15538288943e-11
3175	1.4390674494e-11
3176	1.72275200937e-11
3177	2.00643656934e-11
3178	2.29012112931e-11
3179	2.57380568928e-11
3180	2.85749024925e-11
3181	3.14117480922e-11
3182	3.42485936919e-11
3183	3.70854392916e-11
3184	3.99222848913e-11
3185	4.2759130491e-11
3186	4.55959760906e-11
3187	4.84328216903e-11
3188	4.925115106e-11
3189	4.80507648288e-11
3190	4.68503785975e-11
3191	4.56499923662e-11
3192	4.4449606135e-11
3193	4.32492199037e-11
3194	4.20488336724e-11
3195	4.08484474411e-11
3196	3.96480612099e-11
3197	3.84476749786e-11
3198	3.72472887473e-11
3199	3.6046902516e-11
3200	3.48465162848e-11
3201	3.36461300535e-11
3202	3.24457438222e-11
3203	3.1245357591e-11
3204	3.00449713597e-11
3205	2.88445851284e-11
3206	2.76441988971e-11
3207	2.64438126659e-11
3208	2.52434264346e-11
3209	2.40430402033e-11
3210	2.2842653972e-11
3211	2.16422677408e-11
3212	2.04418815095e-11
3213	1.93008619738e-11
3214	1.82192150433e-11
3215	1.71375681128e-11
3216	1.60559211823e-11
3217	1.49742742518e-11
3218	1.38926273214e-11
3219	1.28109803909e-11
3220	1.17293334604e-11
3221	1.06476865299e-11
3222	9.56603959943e-12
3223	8.48439266895e-12
3224	7.40274573847e-12
3225	6.32109880798e-12
3226	5.2394518775e-12
3227	4.15780494702e-12
3228	3.07615801654e-12
3229	1.99451108605e-12
3230	9.12864155573e-13
3231	-1.68782774909e-13
3232	-1.25042970539e-12
3233	-2.33207663587e-12
3234	-3.41372356636e-12
3235	-4.49537049684e-12
3236	-5.57701742732e-12
3237	-6.6586643578e-12
3238	-7.10531904641e-12
3239	-6.91691779042e-12
3240	-6.72851653443e-12
3241	-6.54011527845e-12
3242	-6.35171402246e-12
3243	-6.16331276647e-12
3244	-5.97491151048e-12
3245	-5.78651025449e-12
3246	-5.5981089985e-12
3247	-5.40970774251e-12
3248	-5.22130648652e-12
3249	-5.03290523054e-12
3250	-4.84450397455e-12
3251	-4.65610271856e-12
3252	-4.46770146257e-12
3253	-4.27930020658e-12
3254	-4.09089895059e-12
3255	-3.9024976946e-12
3256	-3.71409643861e-12
3257	-3.52569518262e-12
3258	-3.33729392664e-12
3259	-3.14889267065e-12
3260	-2.96049141466e-12
3261	-2.77209015867e-12
3262	-2.58368890268e-12
3263	-2.2800218892e-12
3264	-1.86107746541e-12
3265	-1.44213304162e-12
3266	-1.02318861782e-12
3267	-6.04244194034e-13
3268	-1.85299770243e-13
3269	2.33644653548e-13
3270	6.52589077339e-13
3271	1.07153350113e-12
3272	1.49047792492e-12
3273	1.90942234871e-12
3274	2.3283667725e-12
3275	2.74731119629e-12
3276	3.16625562008e-12
3277	3.58520004387e-12
3278	4.00414446767e-12
3279	4.42308889146e-12
3280	4.84203331525e-12
3281	5.26097773904e-12
3282	5.67992216283e-12
3283	6.09886658662e-12
3284	6.51781101041e-12
3285	6.9367554342e-12
3286	7.35569985799e-12
3287	7.77464428178e-12
3288	7.75665550703e-12
3289	7.30168902339e-12
3290	6.84672253974e-12
3291	6.3917560561e-12
3292	5.93678957246e-12
3293	5.48182308882e-12
3294	5.02685660517e-12
3295	4.57189012153e-12
3296	4.11692363789e-12
3297	3.66195715425e-12
3298	3.2069906706e-12
3299	2.75202418696e-12
3300	2.29705770332e-12
3301	1.84209121968e-12
3302	1.38712473603e-12
3303	9.32158252391e-13
3304	4.77191768748e-13
3305	2.22252851054e-14
3306	-4.32741198537e-13
3307	-8.8770768218e-13
3308	-1.34267416582e-12
3309	-1.79764064947e-12
3310	-2.25260713311e-12
3311	-2.70757361675e-12
3312	-3.16254010039e-12
3313	-3.39003501658e-12
3314	-3.39003501658e-12
3315	-3.39003501658e-12
3316	-3.39003501658e-12
3317	-3.39003501658e-12
3318	-3.39003501658e-12
3319	-3.39003501658e-12
3320	-3.39003501658e-12
3321	-3.39003501658e-12
3322	-3.39003501658e-12
3323	-3.39003501658e-12
3324	-3.39003501658e-12
