50	4.79056639687e-12
51	4.88803269469e-12
52	4.98549899251e-12
53	5.08296529034e-12
54	5.18043158816e-12
55	5.27789788598e-12
56	5.3753641838e-12
57	5.47283048163e-12
58	5.57029677945e-12
59	5.66776307727e-12
60	5.7652293751e-12
61	5.86269567292e-12
62	5.96016197074e-12
63	6.10208225613e-12
64	6.28845661517e-12
65	6.47483097421e-12
66	6.66120533325e-12
67	6.84757969229e-12
68	7.03395405133e-12
69	7.22032841036e-12
70	7.4067027694e-12
71	7.59307712844e-12
72	7.77945148748e-12
73	7.96582584652e-12
74	8.15220020556e-12
75	8.3385745646e-12
76	8.52494892364e-12
77	8.71132328268e-12
78	8.89769764172e-12
79	9.08407200075e-12
80	9.27044635979e-12
81	9.45682071883e-12
82	9.64319507787e-12
83	9.82956943691e-12
84	1.0015943796e-11
85	1.0202318155e-11
86	1.0388692514e-11
87	1.05750668731e-11
88	1.08093461743e-11
89	1.10915305476e-11
90	1.13737149209e-11
91	1.16558992942e-11
92	1.19380836675e-11
93	1.22202680408e-11
94	1.25024524141e-11
95	1.27846367874e-11
96	1.30668211607e-11
97	1.3349005534e-11
98	1.36311899073e-11
99	1.39133742807e-11
100	1.4195558654e-11
101	1.44777430273e-11
102	1.47599274006e-11
103	1.50421117739e-11
104	1.53242961472e-11
105	1.56064805205e-11
106	1.58886648938e-11
107	1.61708492671e-11
108	1.64530336404e-11
109	1.67352180137e-11
110	1.7017402387e-11
111	1.72995867603e-11
112	1.75817711336e-11
113	1.80490744199e-11
114	1.87014972645e-11
115	1.93539201091e-11
116	2.00063429537e-11
117	2.06587657983e-11
118	2.13111886429e-11
119	2.19636114875e-11
120	2.26160343321e-11
121	2.32684571767e-11
122	2.39208800213e-11
123	2.45733028659e-11
124	2.52257257105e-11
125	2.58781485551e-11
126	2.65305713997e-11
127	2.71829942443e-11
128	2.78354170889e-11
129	2.84878399335e-11
130	2.9140262778e-11
131	2.97926856226e-11
132	3.04451084672e-11
133	3.10975313118e-11
134	3.17499541564e-11
135	3.2402377001e-11
136	3.30547998456e-11
137	3.37072226902e-11
138	3.48499045479e-11
139	3.64828475076e-11
140	3.81157904672e-11
141	3.97487334268e-11
142	4.13816763864e-11
143	4.3014619346e-11
144	4.46475623056e-11
145	4.62805052652e-11
146	4.79134482248e-11
147	4.95463911845e-11
148	5.11793341441e-11
149	5.28122771037e-11
150	5.44452200633e-11
151	5.60781630229e-11
152	5.77111059825e-11
153	5.93440489421e-11
154	6.09769919017e-11
155	6.26099348613e-11
156	6.4242877821e-11
157	6.58758207806e-11
158	6.75087637402e-11
159	6.91417066998e-11
160	7.07746496594e-11
161	7.2407592619e-11
162	7.40405355786e-11
163	7.65490625008e-11
164	7.99331777943e-11
165	8.33172930878e-11
166	8.67014083813e-11
167	9.00855236748e-11
168	9.34696389683e-11
169	9.68537542618e-11
170	1.00237869555e-10
171	1.03621984849e-10
172	1.07006100142e-10
173	1.10390215436e-10
174	1.13774330729e-10
175	1.17158446023e-10
176	1.20542561316e-10
177	1.2392667661e-10
178	1.27310791903e-10
179	1.30694907197e-10
180	1.3407902249e-10
181	1.37463137784e-10
182	1.40847253077e-10
183	1.44231368371e-10
184	1.47615483664e-10
185	1.50999598958e-10
186	1.54383714251e-10
187	1.57767829545e-10
188	1.6327674787e-10
189	1.70910481572e-10
190	1.78544215274e-10
191	1.86177948976e-10
192	1.93811682678e-10
193	2.01445416379e-10
194	2.09079150081e-10
195	2.16712883783e-10
196	2.24346617485e-10
197	2.31980351187e-10
198	2.39614084889e-10
199	2.47247818591e-10
200	2.54881552293e-10
201	2.62515285995e-10
202	2.70149019697e-10
203	2.77782753398e-10
204	2.854164871e-10
205	2.93050220802e-10
206	3.00683954504e-10
207	3.08317688206e-10
208	3.15951421908e-10
209	3.2358515561e-10
210	3.31218889312e-10
211	3.38852623014e-10
212	3.46486356716e-10
213	3.62052437141e-10
214	3.85550916521e-10
215	4.09049395901e-10
216	4.32547875281e-10
217	4.5604635466e-10
218	4.7954483404e-10
219	5.0304331342e-10
220	5.265417928e-10
221	5.50040272179e-10
222	5.73538751559e-10
223	5.97037230939e-10
224	6.20535710319e-10
225	6.44034189698e-10
226	6.67532669078e-10
227	6.91031148458e-10
228	7.14529627838e-10
229	7.38028107217e-10
230	7.61526586597e-10
231	7.85025065977e-10
232	8.08523545357e-10
233	8.32022024736e-10
234	8.55520504116e-10
235	8.79018983496e-10
236	9.02517462876e-10
237	9.26015942255e-10
238	9.97881482022e-10
239	1.11811443811e-09
240	1.23834739421e-09
241	1.3585803503e-09
242	1.47881330639e-09
243	1.59904626248e-09
244	1.71927921857e-09
245	1.83951217466e-09
246	1.95974513075e-09
247	2.07997808684e-09
248	2.20021104294e-09
249	2.32044399903e-09
250	2.44067695512e-09
251	2.56090991121e-09
252	2.6811428673e-09
253	2.80137582339e-09
254	2.92160877948e-09
255	3.04184173558e-09
256	3.16207469167e-09
257	3.28230764776e-09
258	3.40254060385e-09
259	3.52277355994e-09
260	3.64300651603e-09
261	3.76323947212e-09
262	3.88347242821e-09
263	4.41228736431e-09
264	5.3496876037e-09
265	6.28708784309e-09
266	7.22448808249e-09
267	8.16188832188e-09
268	9.09928856127e-09
269	1.00366888007e-08
270	1.09740890401e-08
271	1.19114892794e-08
272	1.28488895188e-08
273	1.37862897582e-08
274	1.47236899976e-08
275	1.5661090237e-08
276	1.65984904764e-08
277	1.75358907158e-08
278	1.84732909552e-08
279	1.94106911946e-08
280	2.0348091434e-08
281	2.12854916734e-08
282	2.22228919128e-08
283	2.31602921521e-08
284	2.40976923915e-08
285	2.50350926309e-08
286	2.59724928703e-08
287	2.69098931097e-08
288	3.15390093882e-08
289	3.98598745928e-08
290	4.81807397975e-08
291	5.65016050022e-08
292	6.48224702068e-08
293	7.31433354115e-08
294	8.14642006162e-08
295	8.97850658208e-08
296	9.81059310255e-08
297	1.0642679623e-07
298	1.14747661435e-07
299	1.2306852664e-07
300	1.31389391844e-07
301	1.39710257049e-07
302	1.48031122254e-07
303	1.56351987458e-07
304	1.64672852663e-07
305	1.72993717868e-07
306	1.81314583072e-07
307	1.89635448277e-07
308	1.97956313482e-07
309	2.06277178686e-07
310	2.14598043891e-07
311	2.22918909096e-07
312	2.312397743e-07
313	2.00742449085e-07
314	1.31426557572e-07
315	6.21106660589e-08
316	-7.20522545389e-09
317	-7.65211169667e-08
318	-1.45837008479e-07
319	-2.15152899992e-07
320	-2.84468791505e-07
321	-3.53784683018e-07
322	-4.23100574531e-07
323	-4.92416466043e-07
324	-5.61732357556e-07
325	-6.31048249069e-07
326	-7.00364140582e-07
327	-7.69680032095e-07
328	-8.38995923607e-07
329	-9.0831181512e-07
330	-9.77627706633e-07
331	-1.04694359815e-06
332	-1.11625948966e-06
333	-1.18557538117e-06
334	-1.25489127268e-06
335	-1.3242071642e-06
336	-1.39352305571e-06
337	-1.46283894722e-06
338	-1.51212294039e-06
339	-1.54137482572e-06
340	-1.57062671105e-06
341	-1.59987859639e-06
342	-1.62913048172e-06
343	-1.65838236705e-06
344	-1.68763425238e-06
345	-1.71688613771e-06
346	-1.74613802305e-06
347	-1.77538990838e-06
348	-1.80464179371e-06
349	-1.83389367904e-06
350	-1.86314556437e-06
351	-1.89239744971e-06
352	-1.92164933504e-06
353	-1.95090122037e-06
354	-1.9801531057e-06
355	-2.00940499104e-06
356	-2.03865687637e-06
357	-2.0679087617e-06
358	-2.09716064703e-06
359	-2.12641253236e-06
360	-2.1556644177e-06
361	-2.18491630303e-06
362	-2.21416818836e-06
363	-2.23481777715e-06
364	-2.24686497276e-06
365	-2.25891216837e-06
366	-2.27095936398e-06
367	-2.28300655959e-06
368	-2.29505375521e-06
369	-2.30710095082e-06
370	-2.31914814643e-06
371	-2.33119534204e-06
372	-2.34324253765e-06
373	-2.35528973326e-06
374	-2.36733692888e-06
375	-2.37938412449e-06
376	-2.3914313201e-06
377	-2.40347851571e-06
378	-2.41552571132e-06
379	-2.42757290694e-06
380	-2.43962010255e-06
381	-2.45166729816e-06
382	-2.46371449377e-06
383	-2.47576168938e-06
384	-2.487808885e-06
385	-2.49985608061e-06
386	-2.51190327622e-06
387	-2.52395047183e-06
388	-2.67889332898e-06
389	-2.9767335634e-06
390	-3.27457379783e-06
391	-3.57241403225e-06
392	-3.87025426668e-06
393	-4.1680945011e-06
394	-4.46593473552e-06
395	-4.76377496995e-06
396	-5.06161520437e-06
397	-5.35945543879e-06
398	-5.65729567322e-06
399	-5.95513590764e-06
400	-6.25297614207e-06
401	-6.55081637649e-06
402	-6.84865661091e-06
403	-7.14649684534e-06
404	-7.44433707976e-06
405	-7.74217731418e-06
406	-8.04001754861e-06
407	-8.33785778303e-06
408	-8.63569801746e-06
409	-8.93353825188e-06
410	-9.2313784863e-06
411	-9.52921872073e-06
412	-9.82705895515e-06
413	-9.98699479672e-06
414	-1.00090244828e-05
415	-1.00310541689e-05
416	-1.0053083855e-05
417	-1.0075113541e-05
418	-1.00971432271e-05
419	-1.01191729132e-05
420	-1.01412025993e-05
421	-1.01632322854e-05
422	-1.01852619714e-05
423	-1.02072916575e-05
424	-1.02293213436e-05
425	-1.02513510297e-05
426	-1.02733807158e-05
427	-1.02954104018e-05
428	-1.03174400879e-05
429	-1.0339469774e-05
430	-1.03614994601e-05
431	-1.03835291462e-05
432	-1.04055588322e-05
433	-1.04275885183e-05
434	-1.04496182044e-05
435	-1.04716478905e-05
436	-1.04936775766e-05
437	-1.05157072626e-05
438	-1.04896794042e-05
439	-1.04155933499e-05
440	-1.03415072956e-05
441	-1.02674212412e-05
442	-1.01933351869e-05
443	-1.01192491326e-05
444	-1.00451630782e-05
445	-9.97107702388e-06
446	-9.89699096954e-06
447	-9.8229049152e-06
448	-9.74881886087e-06
449	-9.67473280653e-06
450	-9.60064675219e-06
451	-9.52656069785e-06
452	-9.45247464352e-06
453	-9.37838858918e-06
454	-9.30430253484e-06
455	-9.2302164805e-06
456	-9.15613042617e-06
457	-9.08204437183e-06
458	-9.00795831749e-06
459	-8.93387226315e-06
460	-8.85978620882e-06
461	-8.78570015448e-06
462	-8.71161410014e-06
463	-9.06731052078e-06
464	-9.85279557556e-06
465	-1.06382806303e-05
466	-1.14237656851e-05
467	-1.22092507399e-05
468	-1.29947357947e-05
469	-1.37802208495e-05
470	-1.45657059042e-05
471	-1.5351190959e-05
472	-1.61366760138e-05
473	-1.69221610686e-05
474	-1.77076461234e-05
475	-1.84931311781e-05
476	-1.92786162329e-05
477	-2.00641012877e-05
478	-2.08495863425e-05
479	-2.16350713972e-05
480	-2.2420556452e-05
481	-2.32060415068e-05
482	-2.39915265616e-05
483	-2.47770116164e-05
484	-2.55624966711e-05
485	-2.63479817259e-05
486	-2.71334667807e-05
487	-2.79189518355e-05
488	-2.83577590529e-05
489	-2.84498831961e-05
490	-2.85420073394e-05
491	-2.86341314826e-05
492	-2.87262556259e-05
493	-2.88183797691e-05
494	-2.89105039124e-05
495	-2.90026280556e-05
496	-2.90947521989e-05
497	-2.91868763421e-05
498	-2.92790004854e-05
499	-2.93711246286e-05
500	-2.94632487719e-05
501	-2.95553729151e-05
502	-2.96474970584e-05
503	-2.97396212016e-05
504	-2.98317453449e-05
505	-2.99238694881e-05
506	-3.00159936314e-05
507	-3.01081177746e-05
508	-3.02002419179e-05
509	-3.02923660611e-05
510	-3.03844902044e-05
511	-3.04766143476e-05
512	-3.05687384909e-05
513	-3.07088012435e-05
514	-3.08968033666e-05
515	-3.10848054898e-05
516	-3.1272807613e-05
517	-3.14608097362e-05
518	-3.16488118593e-05
519	-3.18368139825e-05
520	-3.20248161057e-05
521	-3.22128182289e-05
522	-3.2400820352e-05
523	-3.25888224752e-05
524	-3.27768245984e-05
525	-3.29648267216e-05
526	-3.31528288448e-05
527	-3.33408309679e-05
528	-3.35288330911e-05
529	-3.37168352143e-05
530	-3.39048373375e-05
531	-3.40928394606e-05
532	-3.42808415838e-05
533	-3.4468843707e-05
534	-3.46568458302e-05
535	-3.48448479533e-05
536	-3.50328500765e-05
537	-3.52208521997e-05
538	-3.52816005518e-05
539	-3.52150930133e-05
540	-3.51485854749e-05
541	-3.50820779364e-05
542	-3.5015570398e-05
543	-3.49490628595e-05
544	-3.48825553211e-05
545	-3.48160477827e-05
546	-3.47495402442e-05
547	-3.46830327058e-05
548	-3.46165251673e-05
549	-3.45500176289e-05
550	-3.44835100904e-05
551	-3.4417002552e-05
552	-3.43504950135e-05
553	-3.42839874751e-05
554	-3.42174799367e-05
555	-3.41509723982e-05
556	-3.40844648598e-05
557	-3.40179573213e-05
558	-3.39514497829e-05
559	-3.38849422444e-05
560	-3.3818434706e-05
561	-3.37519271675e-05
562	-3.36854196291e-05
563	-3.36041797404e-05
564	-3.35082072446e-05
565	-3.34122347489e-05
566	-3.33162622532e-05
567	-3.32202897574e-05
568	-3.31243172617e-05
569	-3.30283447659e-05
570	-3.29323722702e-05
571	-3.28363997744e-05
572	-3.27404272787e-05
573	-3.2644454783e-05
574	-3.25484822872e-05
575	-3.24525097915e-05
576	-3.23565372957e-05
577	-3.22605648e-05
578	-3.21645923042e-05
579	-3.20686198085e-05
580	-3.19726473128e-05
581	-3.1876674817e-05
582	-3.17807023213e-05
583	-3.16847298255e-05
584	-3.15887573298e-05
585	-3.1492784834e-05
586	-3.13968123383e-05
587	-3.13008398426e-05
588	-3.12600412575e-05
589	-3.12744175876e-05
590	-3.12887939176e-05
591	-3.13031702477e-05
592	-3.13175465778e-05
593	-3.13319229078e-05
594	-3.13462992379e-05
595	-3.1360675568e-05
596	-3.1375051898e-05
597	-3.13894282281e-05
598	-3.14038045581e-05
599	-3.14181808882e-05
600	-3.14325572183e-05
601	-3.14469335483e-05
602	-3.14613098784e-05
603	-3.14756862085e-05
604	-3.14900625385e-05
605	-3.15044388686e-05
606	-3.15188151986e-05
607	-3.15331915287e-05
608	-3.15475678588e-05
609	-3.15619441888e-05
610	-3.15763205189e-05
611	-3.15906968489e-05
612	-3.1605073179e-05
613	-3.13963419046e-05
614	-3.09644987915e-05
615	-3.05326556783e-05
616	-3.01008125652e-05
617	-2.96689694521e-05
618	-2.92371263389e-05
619	-2.88052832258e-05
620	-2.83734401126e-05
621	-2.79415969995e-05
622	-2.75097538864e-05
623	-2.70779107732e-05
624	-2.66460676601e-05
625	-2.62142245469e-05
626	-2.57823814338e-05
627	-2.53505383207e-05
628	-2.49186952075e-05
629	-2.44868520944e-05
630	-2.40550089812e-05
631	-2.36231658681e-05
632	-2.31913227549e-05
633	-2.27594796418e-05
634	-2.23276365287e-05
635	-2.18957934155e-05
636	-2.14639503024e-05
637	-2.10321071892e-05
638	-1.97511781461e-05
639	-1.76211464007e-05
640	-1.54911146552e-05
641	-1.33610829097e-05
642	-1.12310511643e-05
643	-9.10101941879e-06
644	-6.97098767333e-06
645	-4.84095592786e-06
646	-2.7109241824e-06
647	-5.80892436932e-07
648	1.54913930853e-06
649	3.679171054e-06
650	5.80920279946e-06
651	7.93923454493e-06
652	1.00692662904e-05
653	1.21992980359e-05
654	1.43293297813e-05
655	1.64593615268e-05
656	1.85893932723e-05
657	2.07194250177e-05
658	2.28494567632e-05
659	2.49794885087e-05
660	2.71095202541e-05
661	2.92395519996e-05
662	3.1369583745e-05
663	3.60717437823e-05
664	4.33460849123e-05
665	5.06204260422e-05
666	5.78947671722e-05
667	6.51691083021e-05
668	7.24434494321e-05
669	7.97177905621e-05
670	8.6992131692e-05
671	9.4266472822e-05
672	0.000101540813952
673	0.000108815155082
674	0.000116089496212
675	0.000123363837342
676	0.000130638178472
677	0.000137912519602
678	0.000145186860732
679	0.000152461201862
680	0.000159735542992
681	0.000167009884121
682	0.000174284225251
683	0.000181558566381
684	0.000188832907511
685	0.000196107248641
686	0.000203381589771
687	0.000210655930901
688	0.00024265198192
689	0.000299370269469
690	0.000356088557017
691	0.000412806844566
692	0.000469525132114
693	0.000526243419663
694	0.000582961707211
695	0.00063967999476
696	0.000696398282308
697	0.000753116569857
698	0.000809834857405
699	0.000866553144953
700	0.000923271432502
701	0.00097998972005
702	0.0010367080076
703	0.00109342629515
704	0.0011501445827
705	0.00120686287024
706	0.00126358115779
707	0.00132029944534
708	0.00137701773289
709	0.00143373602044
710	0.00149045430799
711	0.00154717259554
712	0.00160389088308
713	0.001650769912
714	0.00168780946507
715	0.00172484901814
716	0.0017618885712
717	0.00179892812427
718	0.00183596767734
719	0.0018730072304
720	0.00191004678347
721	0.00194708633654
722	0.0019841258896
723	0.00202116544267
724	0.00205820499574
725	0.00209524454881
726	0.00213228410187
727	0.00216932365494
728	0.00220636320801
729	0.00224340276107
730	0.00228044231414
731	0.00231748186721
732	0.00235452142027
733	0.00239156097334
734	0.00242860052641
735	0.00246564007947
736	0.00250267963254
737	0.00253971918561
738	0.002551465588
739	0.00253791826172
740	0.00252437093544
741	0.00251082360916
742	0.00249727628288
743	0.0024837289566
744	0.00247018163032
745	0.00245663430405
746	0.00244308697777
747	0.00242953965149
748	0.00241599232521
749	0.00240244499893
750	0.00238889767265
751	0.00237535034637
752	0.00236180302009
753	0.00234825569381
754	0.00233470836753
755	0.00232116104125
756	0.00230761371497
757	0.00229406638869
758	0.00228051906241
759	0.00226697173613
760	0.00225342440986
761	0.00223987708358
762	0.0022263297573
763	0.00222918395346
764	0.00224844005956
765	0.00226769616567
766	0.00228695227178
767	0.00230620837789
768	0.002325464484
769	0.00234472059011
770	0.00236397669622
771	0.00238323280233
772	0.00240248890844
773	0.00242174501455
774	0.00244100112066
775	0.00246025722677
776	0.00247951333288
777	0.00249876943899
778	0.0025180255451
779	0.00253728165121
780	0.00255653775732
781	0.00257579386343
782	0.00259504996954
783	0.00261430607565
784	0.00263356218176
785	0.00265281828787
786	0.00267207439398
787	0.00269133050009
788	0.00267872496675
789	0.00263425701652
790	0.00258978906628
791	0.00254532111604
792	0.00250085316581
793	0.00245638521557
794	0.00241191726533
795	0.0023674493151
796	0.00232298136486
797	0.00227851341462
798	0.00223404546438
799	0.00218957751415
800	0.00214510956391
801	0.00210064161367
802	0.00205617366344
803	0.0020117057132
804	0.00196723776296
805	0.00192276981272
806	0.00187830186249
807	0.00183383391225
808	0.00178936596201
809	0.00174489801178
810	0.00170043006154
811	0.0016559621113
812	0.00161149416107
813	0.00162044600098
814	0.00168281897593
815	0.00174519195089
816	0.00180756492584
817	0.0018699379008
818	0.00193231087575
819	0.00199468385071
820	0.00205705682566
821	0.00211942980062
822	0.00218180277557
823	0.00224417575053
824	0.00230654872548
825	0.00236892170044
826	0.00243129467539
827	0.00249366765035
828	0.0025560406253
829	0.00261841360026
830	0.00268078657521
831	0.00274315955017
832	0.00280553252512
833	0.00286790550008
834	0.00293027847504
835	0.00299265144999
836	0.00305502442495
837	0.0031173973999
838	0.00314664057981
839	0.00314275310493
840	0.00313886563005
841	0.00313497815517
842	0.00313109068029
843	0.00312720320541
844	0.00312331573053
845	0.00311942825565
846	0.00311554078077
847	0.00311165330589
848	0.00310776583101
849	0.00310387835613
850	0.00309999088126
851	0.00309610340638
852	0.0030922159315
853	0.00308832845662
854	0.00308444098174
855	0.00308055350686
856	0.00307666603198
857	0.0030727785571
858	0.00306889108222
859	0.00306500360734
860	0.00306111613246
861	0.00305722865758
862	0.0030533411827
863	0.00303582160382
864	0.00300466955662
865	0.00297351750942
866	0.00294236546222
867	0.00291121341502
868	0.00288006136782
869	0.00284890932063
870	0.00281775727343
871	0.00278660522623
872	0.00275545317903
873	0.00272430113183
874	0.00269314908463
875	0.00266199703743
876	0.00263084499023
877	0.00259969294303
878	0.00256854089583
879	0.00253738884863
880	0.00250623680143
881	0.00247508475423
882	0.00244393270703
883	0.00241278065983
884	0.00238162861263
885	0.00235047656543
886	0.00231932451823
887	0.00228817247103
888	0.002281040254
889	0.0022979285277
890	0.00231481680139
891	0.00233170507508
892	0.00234859334878
893	0.00236548162247
894	0.00238236989617
895	0.00239925816986
896	0.00241614644355
897	0.00243303471725
898	0.00244992299094
899	0.00246681126463
900	0.00248369953833
901	0.00250058781202
902	0.00251747608572
903	0.00253436435941
904	0.0025512526331
905	0.0025681409068
906	0.00258502918049
907	0.00260191745419
908	0.00261880572788
909	0.00263569400157
910	0.00265258227527
911	0.00266947054896
912	0.00268635882265
913	0.00269351499838
914	0.00269093880096
915	0.00268836260354
916	0.00268578640613
917	0.00268321020871
918	0.00268063401129
919	0.00267805781388
920	0.00267548161646
921	0.00267290541904
922	0.00267032922162
923	0.00266775302421
924	0.00266517682679
925	0.00266260062937
926	0.00266002443195
927	0.00265744823454
928	0.00265487203712
929	0.0026522958397
930	0.00264971964229
931	0.00264714344487
932	0.00264456724745
933	0.00264199105003
934	0.00263941485262
935	0.0026368386552
936	0.00263426245778
937	0.00263168626037
938	0.00262950167787
939	0.00262770872168
940	0.00262591576549
941	0.00262412280929
942	0.0026223298531
943	0.0026205368969
944	0.00261874394071
945	0.00261695098452
946	0.00261515802832
947	0.00261336507213
948	0.00261157211594
949	0.00260977915974
950	0.00260798620355
951	0.00260619324735
952	0.00260440029116
953	0.00260260733497
954	0.00260081437877
955	0.00259902142258
956	0.00259722846639
957	0.00259543551019
958	0.002593642554
959	0.00259184959781
960	0.00259005664161
961	0.00258826368542
962	0.00258647072922
963	0.00258043277116
964	0.00257014968461
965	0.00255986659807
966	0.00254958351152
967	0.00253930042498
968	0.00252901733843
969	0.00251873425189
970	0.00250845116534
971	0.0024981680788
972	0.00248788499225
973	0.00247760190571
974	0.00246731881916
975	0.00245703573262
976	0.00244675264607
977	0.00243646955953
978	0.00242618647298
979	0.00241590338643
980	0.00240562029989
981	0.00239533721334
982	0.0023850541268
983	0.00237477104025
984	0.00236448795371
985	0.00235420486716
986	0.00234392178062
987	0.00233363869407
988	0.00232499531225
989	0.00231799168531
990	0.00231098805838
991	0.00230398443144
992	0.00229698080451
993	0.00228997717758
994	0.00228297355064
995	0.00227596992371
996	0.00226896629677
997	0.00226196266984
998	0.0022549590429
999	0.00224795541597
1000	0.00224095178903
1001	0.0022339481621
1002	0.00222694453516
1003	0.00221994090823
1004	0.00221293728129
1005	0.00220593365436
1006	0.00219893002743
1007	0.00219192640049
1008	0.00218492277356
1009	0.00217791914662
1010	0.00217091551969
1011	0.00216391189275
1012	0.00215690826582
1013	0.00216527845981
1014	0.00218902295705
1015	0.00221276745429
1016	0.00223651195153
1017	0.00226025644878
1018	0.00228400094602
1019	0.00230774544326
1020	0.0023314899405
1021	0.00235523443774
1022	0.00237897893499
1023	0.00240272343223
1024	0.00242646792947
1025	0.00245021242671
1026	0.00247395692395
1027	0.0024977014212
1028	0.00252144591844
1029	0.00254519041568
1030	0.00256893491292
1031	0.00259267941016
1032	0.00261642390741
1033	0.00264016840465
1034	0.00266391290189
1035	0.00268765739913
1036	0.00271140189637
1037	0.00273514639362
1038	0.00274575103196
1039	0.002743215389
1040	0.00274067974603
1041	0.00273814410307
1042	0.0027356084601
1043	0.00273307281714
1044	0.00273053717417
1045	0.00272800153121
1046	0.00272546588824
1047	0.00272293024528
1048	0.00272039460231
1049	0.00271785895935
1050	0.00271532331638
1051	0.00271278767342
1052	0.00271025203045
1053	0.00270771638749
1054	0.00270518074452
1055	0.00270264510156
1056	0.00270010945859
1057	0.00269757381562
1058	0.00269503817266
1059	0.00269250252969
1060	0.00268996688673
1061	0.00268743124376
1062	0.0026848956008
1063	0.00269003167959
1064	0.00270283973272
1065	0.00271564778585
1066	0.00272845583898
1067	0.00274126389211
1068	0.00275407194524
1069	0.00276687999837
1070	0.0027796880515
1071	0.00279249610463
1072	0.00280530415776
1073	0.00281811221089
1074	0.00283092026402
1075	0.00284372831715
1076	0.00285653637028
1077	0.00286934442341
1078	0.00288215247654
1079	0.00289496052967
1080	0.0029077685828
1081	0.00292057663593
1082	0.00293338468906
1083	0.00294619274219
1084	0.00295900079532
1085	0.00297180884845
1086	0.00298461690158
1087	0.00299742495471
1088	0.00295280092778
1089	0.0028507428855
1090	0.00274868484321
1091	0.00264662680092
1092	0.00254456875863
1093	0.00244251071634
1094	0.00234045267405
1095	0.00223839463176
1096	0.00213633658947
1097	0.00203427854718
1098	0.00193222050489
1099	0.0018301624626
1100	0.00172810442031
1101	0.00162604637803
1102	0.00152398833574
1103	0.00142193029345
1104	0.00131987225116
1105	0.00121781420887
1106	0.00111575616658
1107	0.00101369812429
1108	0.000911640082001
1109	0.000809582039712
1110	0.000707523997422
1111	0.000605465955133
1112	0.000503407912844
1113	0.000444755794436
1114	0.000429511096195
1115	0.000414266397954
1116	0.000399021699714
1117	0.000383777001473
1118	0.000368532303232
1119	0.000353287604991
1120	0.00033804290675
1121	0.000322798208509
1122	0.000307553510268
1123	0.000292308812028
1124	0.000277064113787
1125	0.000261819415546
1126	0.000246574717305
1127	0.000231330019064
1128	0.000216085320823
1129	0.000200840622582
1130	0.000185595924342
1131	0.000170351226101
1132	0.00015510652786
1133	0.000139861829619
1134	0.000124617131378
1135	0.000109372433137
1136	9.41277348965e-05
1137	7.88830366557e-05
1138	6.99104665111e-05
1139	6.72102455339e-05
1140	6.45100245567e-05
1141	6.18098035795e-05
1142	5.91095826023e-05
1143	5.64093616251e-05
1144	5.37091406479e-05
1145	5.10089196707e-05
1146	4.83086986935e-05
1147	4.56084777163e-05
1148	4.29082567391e-05
1149	4.02080357619e-05
1150	3.75078147847e-05
1151	3.48075938075e-05
1152	3.21073728303e-05
1153	2.94071518531e-05
1154	2.67069308759e-05
1155	2.40067098987e-05
1156	2.13064889215e-05
1157	1.86062679443e-05
1158	1.59060469671e-05
1159	1.32058259899e-05
1160	1.05056050127e-05
1161	7.80538403553e-06
1162	5.10516305834e-06
1163	3.33590627059e-06
1164	2.49764720679e-06
1165	1.65938814299e-06
1166	8.21129079197e-07
1167	-1.71299845999e-08
1168	-8.55389048397e-07
1169	-1.69364811219e-06
1170	-2.53190717599e-06
1171	-3.37016623979e-06
1172	-4.20842530359e-06
1173	-5.04668436738e-06
1174	-5.88494343118e-06
1175	-6.72320249498e-06
1176	-7.56146155877e-06
1177	-8.39972062257e-06
1178	-9.23797968637e-06
1179	-1.00762387502e-05
1180	-1.0914497814e-05
1181	-1.17527568778e-05
1182	-1.25910159416e-05
1183	-1.34292750054e-05
1184	-1.42675340692e-05
1185	-1.51057931329e-05
1186	-1.59440521967e-05
1187	-1.67823112605e-05
1188	-1.74928184218e-05
1189	-1.80755689796e-05
1190	-1.86583195375e-05
1191	-1.92410700954e-05
1192	-1.98238206533e-05
1193	-2.04065712112e-05
1194	-2.09893217691e-05
1195	-2.1572072327e-05
1196	-2.21548228849e-05
1197	-2.27375734427e-05
1198	-2.33203240006e-05
1199	-2.39030745585e-05
1200	-2.44858251164e-05
1201	-2.50685756743e-05
1202	-2.56513262322e-05
1203	-2.62340767901e-05
1204	-2.6816827348e-05
1205	-2.73995779058e-05
1206	-2.79823284637e-05
1207	-2.85650790216e-05
1208	-2.91478295795e-05
1209	-2.97305801374e-05
1210	-3.03133306953e-05
1211	-3.08960812532e-05
1212	-3.14788318111e-05
1213	-3.16672458203e-05
1214	-3.14613084655e-05
1215	-3.12553711107e-05
1216	-3.10494337559e-05
1217	-3.08434964011e-05
1218	-3.06375590463e-05
1219	-3.04316216915e-05
1220	-3.02256843366e-05
1221	-3.00197469818e-05
1222	-2.9813809627e-05
1223	-2.96078722722e-05
1224	-2.94019349174e-05
1225	-2.91959975626e-05
1226	-2.89900602078e-05
1227	-2.8784122853e-05
1228	-2.85781854981e-05
1229	-2.83722481433e-05
1230	-2.81663107885e-05
1231	-2.79603734337e-05
1232	-2.77544360789e-05
1233	-2.75484987241e-05
1234	-2.73425613693e-05
1235	-2.71366240145e-05
1236	-2.69306866596e-05
1237	-2.67247493048e-05
1238	-2.7272893896e-05
1239	-2.85751493487e-05
1240	-2.98774048013e-05
1241	-3.11796602539e-05
1242	-3.24819157066e-05
1243	-3.37841711592e-05
1244	-3.50864266119e-05
1245	-3.63886820645e-05
1246	-3.76909375171e-05
1247	-3.89931929698e-05
1248	-4.02954484224e-05
1249	-4.1597703875e-05
1250	-4.28999593277e-05
1251	-4.42022147803e-05
1252	-4.5504470233e-05
1253	-4.68067256856e-05
1254	-4.81089811382e-05
1255	-4.94112365909e-05
1256	-5.07134920435e-05
1257	-5.20157474962e-05
1258	-5.33180029488e-05
1259	-5.46202584014e-05
1260	-5.59225138541e-05
1261	-5.72247693067e-05
1262	-5.85270247593e-05
1263	-5.87023588526e-05
1264	-5.77507275015e-05
1265	-5.67990961503e-05
1266	-5.58474647991e-05
1267	-5.4895833448e-05
1268	-5.39442020968e-05
1269	-5.29925707456e-05
1270	-5.20409393945e-05
1271	-5.10893080433e-05
1272	-5.01376766921e-05
1273	-4.9186045341e-05
1274	-4.82344139898e-05
1275	-4.72827826386e-05
1276	-4.63311512875e-05
1277	-4.53795199363e-05
1278	-4.44278885851e-05
1279	-4.3476257234e-05
1280	-4.25246258828e-05
1281	-4.15729945316e-05
1282	-4.06213631804e-05
1283	-3.96697318293e-05
1284	-3.87181004781e-05
1285	-3.77664691269e-05
1286	-3.68148377758e-05
1287	-3.58632064246e-05
1288	-3.58409722752e-05
1289	-3.67481724054e-05
1290	-3.76553725356e-05
1291	-3.85625726658e-05
1292	-3.9469772796e-05
1293	-4.03769729262e-05
1294	-4.12841730564e-05
1295	-4.21913731866e-05
1296	-4.30985733168e-05
1297	-4.4005773447e-05
1298	-4.49129735772e-05
1299	-4.58201737074e-05
1300	-4.67273738376e-05
1301	-4.76345739678e-05
1302	-4.8541774098e-05
1303	-4.94489742282e-05
1304	-5.03561743585e-05
1305	-5.12633744887e-05
1306	-5.21705746189e-05
1307	-5.30777747491e-05
1308	-5.39849748793e-05
1309	-5.48921750095e-05
1310	-5.57993751397e-05
1311	-5.67065752699e-05
1312	-5.76137754001e-05
1313	-5.78949252319e-05
1314	-5.75499993042e-05
1315	-5.72050733766e-05
1316	-5.68601474489e-05
1317	-5.65152215213e-05
1318	-5.61702955936e-05
1319	-5.5825369666e-05
1320	-5.54804437384e-05
1321	-5.51355178107e-05
1322	-5.47905918831e-05
1323	-5.44456659554e-05
1324	-5.41007400278e-05
1325	-5.37558141001e-05
1326	-5.34108881725e-05
1327	-5.30659622449e-05
1328	-5.27210363172e-05
1329	-5.23761103896e-05
1330	-5.20311844619e-05
1331	-5.16862585343e-05
1332	-5.13413326066e-05
1333	-5.0996406679e-05
1334	-5.06514807513e-05
1335	-5.03065548237e-05
1336	-4.99616288961e-05
1337	-4.96167029684e-05
1338	-4.91421745608e-05
1339	-4.8538038302e-05
1340	-4.79339020431e-05
1341	-4.73297657843e-05
1342	-4.67256295255e-05
1343	-4.61214932666e-05
1344	-4.55173570078e-05
1345	-4.4913220749e-05
1346	-4.43090844901e-05
1347	-4.37049482313e-05
1348	-4.31008119725e-05
1349	-4.24966757136e-05
1350	-4.18925394548e-05
1351	-4.1288403196e-05
1352	-4.06842669371e-05
1353	-4.00801306783e-05
1354	-3.94759944195e-05
1355	-3.88718581606e-05
1356	-3.82677219018e-05
1357	-3.7663585643e-05
1358	-3.70594493841e-05
1359	-3.64553131253e-05
1360	-3.58511768665e-05
1361	-3.52470406076e-05
1362	-3.46429043488e-05
1363	-3.47243297189e-05
1364	-3.54913456613e-05
1365	-3.62583616038e-05
1366	-3.70253775462e-05
1367	-3.77923934887e-05
1368	-3.85594094311e-05
1369	-3.93264253736e-05
1370	-4.0093441316e-05
1371	-4.08604572585e-05
1372	-4.16274732009e-05
1373	-4.23944891433e-05
1374	-4.31615050858e-05
1375	-4.39285210282e-05
1376	-4.46955369707e-05
1377	-4.54625529131e-05
1378	-4.62295688556e-05
1379	-4.6996584798e-05
1380	-4.77636007405e-05
1381	-4.85306166829e-05
1382	-4.92976326254e-05
1383	-5.00646485678e-05
1384	-5.08316645103e-05
1385	-5.15986804527e-05
1386	-5.23656963951e-05
1387	-5.31327123376e-05
1388	-5.32603480118e-05
1389	-5.27485759287e-05
1390	-5.22368038456e-05
1391	-5.17250317625e-05
1392	-5.12132596794e-05
1393	-5.07014875963e-05
1394	-5.01897155132e-05
1395	-4.96779434301e-05
1396	-4.9166171347e-05
1397	-4.86543992639e-05
1398	-4.81426271808e-05
1399	-4.76308550977e-05
1400	-4.71190830146e-05
1401	-4.66073109315e-05
1402	-4.60955388484e-05
1403	-4.55837667653e-05
1404	-4.50719946822e-05
1405	-4.45602225991e-05
1406	-4.4048450516e-05
1407	-4.35366784329e-05
1408	-4.30249063498e-05
1409	-4.25131342667e-05
1410	-4.20013621836e-05
1411	-4.14895901005e-05
1412	-4.09778180174e-05
1413	-4.06836948251e-05
1414	-4.06072300495e-05
1415	-4.0530765274e-05
1416	-4.04543004984e-05
1417	-4.03778357229e-05
1418	-4.03013709473e-05
1419	-4.02249061718e-05
1420	-4.01484413962e-05
1421	-4.00719766207e-05
1422	-3.99955118451e-05
1423	-3.99190470696e-05
1424	-3.9842582294e-05
1425	-3.97661175185e-05
1426	-3.96896527429e-05
1427	-3.96131879674e-05
1428	-3.95367231918e-05
1429	-3.94602584163e-05
1430	-3.93837936407e-05
1431	-3.93073288652e-05
1432	-3.92308640896e-05
1433	-3.91543993141e-05
1434	-3.90779345385e-05
1435	-3.9001469763e-05
1436	-3.89250049874e-05
1437	-3.88485402118e-05
1438	-3.89415939172e-05
1439	-3.92041736543e-05
1440	-3.94667533914e-05
1441	-3.97293331284e-05
1442	-3.99919128655e-05
1443	-4.02544926026e-05
1444	-4.05170723397e-05
1445	-4.07796520768e-05
1446	-4.10422318138e-05
1447	-4.13048115509e-05
1448	-4.1567391288e-05
1449	-4.18299710251e-05
1450	-4.20925507621e-05
1451	-4.23551304992e-05
1452	-4.26177102363e-05
1453	-4.28802899734e-05
1454	-4.31428697105e-05
1455	-4.34054494475e-05
1456	-4.36680291846e-05
1457	-4.39306089217e-05
1458	-4.41931886588e-05
1459	-4.44557683958e-05
1460	-4.47183481329e-05
1461	-4.498092787e-05
1462	-4.52435076071e-05
1463	-4.52064875469e-05
1464	-4.48698541125e-05
1465	-4.4533220678e-05
1466	-4.41965872436e-05
1467	-4.38599538091e-05
1468	-4.35233203747e-05
1469	-4.31866869402e-05
1470	-4.28500535058e-05
1471	-4.25134200714e-05
1472	-4.21767866369e-05
1473	-4.18401532025e-05
1474	-4.1503519768e-05
1475	-4.11668863336e-05
1476	-4.08302528991e-05
1477	-4.04936194647e-05
1478	-4.01569860302e-05
1479	-3.98203525958e-05
1480	-3.94837191613e-05
1481	-3.91470857269e-05
1482	-3.88104522924e-05
1483	-3.8473818858e-05
1484	-3.81371854236e-05
1485	-3.78005519891e-05
1486	-3.74639185547e-05
1487	-3.71272851202e-05
1488	-3.63293656817e-05
1489	-3.50701389775e-05
1490	-3.38109122733e-05
1491	-3.25516855691e-05
1492	-3.12924588649e-05
1493	-3.00332321608e-05
1494	-2.87740054566e-05
1495	-2.75147787524e-05
1496	-2.62555520482e-05
1497	-2.4996325344e-05
1498	-2.37370986398e-05
1499	-2.24778719356e-05
1500	-2.12186452315e-05
1501	-1.99594185273e-05
1502	-1.87001918231e-05
1503	-1.74409651189e-05
1504	-1.61817384147e-05
1505	-1.49225117105e-05
1506	-1.36632850063e-05
1507	-1.24040583022e-05
1508	-1.1144831598e-05
1509	-9.88560489378e-06
1510	-8.62637818959e-06
1511	-7.36715148541e-06
1512	-6.10792478122e-06
1513	-5.38522125406e-06
1514	-5.19906604895e-06
1515	-5.01291084385e-06
1516	-4.82675563874e-06
1517	-4.64060043363e-06
1518	-4.45444522852e-06
1519	-4.26829002342e-06
1520	-4.08213481831e-06
1521	-3.8959796132e-06
1522	-3.7098244081e-06
1523	-3.52366920299e-06
1524	-3.33751399788e-06
1525	-3.15135879277e-06
1526	-2.96520358767e-06
1527	-2.77904838256e-06
1528	-2.59289317745e-06
1529	-2.40673797235e-06
1530	-2.22058276724e-06
1531	-2.03442756213e-06
1532	-1.84827235703e-06
1533	-1.66211715192e-06
1534	-1.47596194681e-06
1535	-1.2898067417e-06
1536	-1.1036515366e-06
1537	-9.1749633149e-07
1538	-8.08573057315e-07
1539	-7.76885393499e-07
1540	-7.45197729684e-07
1541	-7.13510065869e-07
1542	-6.81822402054e-07
1543	-6.50134738239e-07
1544	-6.18447074424e-07
1545	-5.86759410609e-07
1546	-5.55071746794e-07
1547	-5.23384082979e-07
1548	-4.91696419164e-07
1549	-4.60008755349e-07
1550	-4.28321091534e-07
1551	-3.96633427719e-07
1552	-3.64945763904e-07
1553	-3.33258100089e-07
1554	-3.01570436274e-07
1555	-2.69882772459e-07
1556	-2.38195108644e-07
1557	-2.06507444829e-07
1558	-1.74819781014e-07
1559	-1.43132117199e-07
1560	-1.11444453384e-07
1561	-7.97567895685e-08
1562	-4.80691257535e-08
1563	-2.72098826638e-08
1564	-1.71795845678e-08
1565	-7.14928647185e-09
1566	2.8810116241e-09
1567	1.29113097201e-08
1568	2.2941607816e-08
1569	3.2971905912e-08
1570	4.30022040079e-08
1571	5.30325021039e-08
1572	6.30628001998e-08
1573	7.30930982958e-08
1574	8.31233963918e-08
1575	9.31536944877e-08
1576	1.03183992584e-07
1577	1.1321429068e-07
1578	1.23244588776e-07
1579	1.33274886872e-07
1580	1.43305184967e-07
1581	1.53335483063e-07
1582	1.63365781159e-07
1583	1.73396079255e-07
1584	1.83426377351e-07
1585	1.93456675447e-07
1586	2.03486973543e-07
1587	2.13517271639e-07
1588	2.22483418646e-07
1589	2.30385362217e-07
1590	2.38287305789e-07
1591	2.4618924936e-07
1592	2.54091192931e-07
1593	2.61993136503e-07
1594	2.69895080074e-07
1595	2.77797023645e-07
1596	2.85698967217e-07
1597	2.93600910788e-07
1598	3.01502854359e-07
1599	3.0940479793e-07
1600	3.17306741502e-07
1601	3.25208685073e-07
1602	3.33110628644e-07
1603	3.41012572216e-07
1604	3.48914515787e-07
1605	3.56816459358e-07
1606	3.6471840293e-07
1607	3.72620346501e-07
1608	3.80522290072e-07
1609	3.88424233644e-07
1610	3.96326177215e-07
1611	4.04228120786e-07
1612	4.12130064358e-07
1613	4.23282618519e-07
1614	4.37685945687e-07
1615	4.52089272855e-07
1616	4.66492600023e-07
1617	4.80895927192e-07
1618	4.9529925436e-07
1619	5.09702581528e-07
1620	5.24105908696e-07
1621	5.38509235865e-07
1622	5.52912563033e-07
1623	5.67315890201e-07
1624	5.81719217369e-07
1625	5.96122544538e-07
1626	6.10525871706e-07
1627	6.24929198874e-07
1628	6.39332526042e-07
1629	6.53735853211e-07
1630	6.68139180379e-07
1631	6.82542507547e-07
1632	6.96945834715e-07
1633	7.11349161884e-07
1634	7.25752489052e-07
1635	7.4015581622e-07
1636	7.54559143389e-07
1637	7.68962470557e-07
1638	7.71192380512e-07
1639	7.61248255575e-07
1640	7.51304130638e-07
1641	7.41360005701e-07
1642	7.31415880764e-07
1643	7.21471755827e-07
1644	7.1152763089e-07
1645	7.01583505954e-07
1646	6.91639381017e-07
1647	6.8169525608e-07
1648	6.71751131143e-07
1649	6.61807006206e-07
1650	6.51862881269e-07
1651	6.41918756332e-07
1652	6.31974631395e-07
1653	6.22030506458e-07
1654	6.12086381521e-07
1655	6.02142256584e-07
1656	5.92198131647e-07
1657	5.82254006711e-07
1658	5.72309881774e-07
1659	5.62365756837e-07
1660	5.524216319e-07
1661	5.42477506963e-07
1662	5.32533382026e-07
1663	5.28960998963e-07
1664	5.31760686011e-07
1665	5.3456037306e-07
1666	5.37360060109e-07
1667	5.40159747157e-07
1668	5.42959434206e-07
1669	5.45759121255e-07
1670	5.48558808303e-07
1671	5.51358495352e-07
1672	5.54158182401e-07
1673	5.56957869449e-07
1674	5.59757556498e-07
1675	5.62557243547e-07
1676	5.65356930595e-07
1677	5.68156617644e-07
1678	5.70956304693e-07
1679	5.73755991741e-07
1680	5.7655567879e-07
1681	5.79355365839e-07
1682	5.82155052887e-07
1683	5.84954739936e-07
1684	5.87754426985e-07
1685	5.90554114033e-07
1686	5.93353801082e-07
1687	5.96153488131e-07
1688	5.93638937634e-07
1689	5.85809871715e-07
1690	5.77980805796e-07
1691	5.70151739877e-07
1692	5.62322673957e-07
1693	5.54493608038e-07
1694	5.46664542119e-07
1695	5.38835476199e-07
1696	5.3100641028e-07
1697	5.23177344361e-07
1698	5.15348278441e-07
1699	5.07519212522e-07
1700	4.99690146603e-07
1701	4.91861080683e-07
1702	4.84032014764e-07
1703	4.76202948845e-07
1704	4.68373882925e-07
1705	4.60544817006e-07
1706	4.52715751087e-07
1707	4.44886685167e-07
1708	4.37057619248e-07
1709	4.29228553329e-07
1710	4.21399487409e-07
1711	4.1357042149e-07
1712	4.05741355571e-07
1713	4.05707652613e-07
1714	4.1346972627e-07
1715	4.21231799928e-07
1716	4.28993873585e-07
1717	4.36755947242e-07
1718	4.44518020899e-07
1719	4.52280094556e-07
1720	4.60042168214e-07
1721	4.67804241871e-07
1722	4.75566315528e-07
1723	4.83328389185e-07
1724	4.91090462842e-07
1725	4.988525365e-07
1726	5.06614610157e-07
1727	5.14376683814e-07
1728	5.22138757471e-07
1729	5.29900831128e-07
1730	5.37662904786e-07
1731	5.45424978443e-07
1732	5.531870521e-07
1733	5.60949125757e-07
1734	5.68711199414e-07
1735	5.76473273072e-07
1736	5.84235346729e-07
1737	5.91997420386e-07
1738	5.95636715991e-07
1739	5.95153011578e-07
1740	5.94669307166e-07
1741	5.94185602754e-07
1742	5.93701898341e-07
1743	5.93218193929e-07
1744	5.92734489516e-07
1745	5.92250785104e-07
1746	5.91767080692e-07
1747	5.91283376279e-07
1748	5.90799671867e-07
1749	5.90315967454e-07
1750	5.89832263042e-07
1751	5.8934855863e-07
1752	5.88864854217e-07
1753	5.88381149805e-07
1754	5.87897445392e-07
1755	5.8741374098e-07
1756	5.86930036567e-07
1757	5.86446332155e-07
1758	5.85962627743e-07
1759	5.8547892333e-07
1760	5.84995218918e-07
1761	5.84511514505e-07
1762	5.84027810093e-07
1763	5.82217830961e-07
1764	5.79081504676e-07
1765	5.75945178392e-07
1766	5.72808852107e-07
1767	5.69672525823e-07
1768	5.66536199538e-07
1769	5.63399873254e-07
1770	5.60263546969e-07
1771	5.57127220685e-07
1772	5.53990894401e-07
1773	5.50854568116e-07
1774	5.47718241832e-07
1775	5.44581915547e-07
1776	5.41445589263e-07
1777	5.38309262978e-07
1778	5.35172936694e-07
1779	5.32036610409e-07
1780	5.28900284125e-07
1781	5.2576395784e-07
1782	5.22627631556e-07
1783	5.19491305272e-07
1784	5.16354978987e-07
1785	5.13218652703e-07
1786	5.10082326418e-07
1787	5.06946000134e-07
1788	5.04299656398e-07
1789	5.0214332235e-07
1790	4.99986988303e-07
1791	4.97830654255e-07
1792	4.95674320207e-07
1793	4.93517986159e-07
1794	4.91361652112e-07
1795	4.89205318064e-07
1796	4.87048984016e-07
1797	4.84892649969e-07
1798	4.82736315921e-07
1799	4.80579981873e-07
1800	4.78423647825e-07
1801	4.76267313778e-07
1802	4.7411097973e-07
1803	4.71954645682e-07
1804	4.69798311635e-07
1805	4.67641977587e-07
1806	4.65485643539e-07
1807	4.63329309491e-07
1808	4.61172975444e-07
1809	4.59016641396e-07
1810	4.56860307348e-07
1811	4.54703973301e-07
1812	4.52547639253e-07
1813	4.50943056413e-07
1814	4.49890255768e-07
1815	4.48837455123e-07
1816	4.47784654478e-07
1817	4.46731853833e-07
1818	4.45679053189e-07
1819	4.44626252544e-07
1820	4.43573451899e-07
1821	4.42520651254e-07
1822	4.41467850609e-07
1823	4.40415049965e-07
1824	4.3936224932e-07
1825	4.38309448675e-07
1826	4.3725664803e-07
1827	4.36203847385e-07
1828	4.3515104674e-07
1829	4.34098246096e-07
1830	4.33045445451e-07
1831	4.31992644806e-07
1832	4.30939844161e-07
1833	4.29887043516e-07
1834	4.28834242871e-07
1835	4.27781442227e-07
1836	4.26728641582e-07
1837	4.25675840937e-07
1838	4.26245560617e-07
1839	4.28437893003e-07
1840	4.3063022539e-07
1841	4.32822557777e-07
1842	4.35014890163e-07
1843	4.3720722255e-07
1844	4.39399554936e-07
1845	4.41591887323e-07
1846	4.43784219709e-07
1847	4.45976552096e-07
1848	4.48168884482e-07
1849	4.50361216869e-07
1850	4.52553549256e-07
1851	4.54745881642e-07
1852	4.56938214029e-07
1853	4.59130546415e-07
1854	4.61322878802e-07
1855	4.63515211188e-07
1856	4.65707543575e-07
1857	4.67899875961e-07
1858	4.70092208348e-07
1859	4.72284540735e-07
1860	4.74476873121e-07
1861	4.76669205508e-07
1862	4.78861537894e-07
1863	4.77470080103e-07
1864	4.72494625307e-07
1865	4.67519170511e-07
1866	4.62543715714e-07
1867	4.57568260918e-07
1868	4.52592806122e-07
1869	4.47617351325e-07
1870	4.42641896529e-07
1871	4.37666441732e-07
1872	4.32690986936e-07
1873	4.2771553214e-07
1874	4.22740077343e-07
1875	4.17764622547e-07
1876	4.12789167751e-07
1877	4.07813712954e-07
1878	4.02838258158e-07
1879	3.97862803361e-07
1880	3.92887348565e-07
1881	3.87911893769e-07
1882	3.82936438972e-07
1883	3.77960984176e-07
1884	3.7298552938e-07
1885	3.68010074583e-07
1886	3.63034619787e-07
1887	3.5805916499e-07
1888	3.49456766519e-07
1889	3.37227212245e-07
1890	3.2499765797e-07
1891	3.12768103696e-07
1892	3.00538549422e-07
1893	2.88308995147e-07
1894	2.76079440873e-07
1895	2.63849886599e-07
1896	2.51620332324e-07
1897	2.3939077805e-07
1898	2.27161223775e-07
1899	2.14931669501e-07
1900	2.02702115227e-07
1901	1.90472560952e-07
1902	1.78243006678e-07
1903	1.66013452404e-07
1904	1.53783898129e-07
1905	1.41554343855e-07
1906	1.2932478958e-07
1907	1.17095235306e-07
1908	1.04865681032e-07
1909	9.26361267573e-08
1910	8.04065724829e-08
1911	6.81770182085e-08
1912	5.59474639341e-08
1913	4.90994819952e-08
1914	4.76333913115e-08
1915	4.61673006279e-08
1916	4.47012099442e-08
1917	4.32351192606e-08
1918	4.17690285769e-08
1919	4.03029378933e-08
1920	3.88368472096e-08
1921	3.7370756526e-08
1922	3.59046658423e-08
1923	3.44385751587e-08
1924	3.2972484475e-08
1925	3.15063937914e-08
1926	3.00403031077e-08
1927	2.85742124241e-08
1928	2.71081217404e-08
1929	2.56420310568e-08
1930	2.41759403731e-08
1931	2.27098496895e-08
1932	2.12437590058e-08
1933	1.97776683222e-08
1934	1.83115776385e-08
1935	1.68454869549e-08
1936	1.53793962712e-08
1937	1.39133055876e-08
1938	1.29261421997e-08
1939	1.24179348604e-08
1940	1.19097275211e-08
1941	1.14015201818e-08
1942	1.08933128425e-08
1943	1.03851055032e-08
1944	9.87689816389e-09
1945	9.36869082459e-09
1946	8.8604834853e-09
1947	8.352276146e-09
1948	7.84406880671e-09
1949	7.33586146742e-09
1950	6.82765412812e-09
1951	6.31944678883e-09
1952	5.81123944953e-09
1953	5.30303211024e-09
1954	4.79482477094e-09
1955	4.28661743165e-09
1956	3.77841009236e-09
1957	3.27020275306e-09
1958	2.76199541377e-09
1959	2.25378807447e-09
1960	1.74558073518e-09
1961	1.23737339589e-09
1962	7.29166056591e-10
1963	4.39662939796e-10
1964	3.68877345085e-10
1965	2.98091750374e-10
1966	2.27306155663e-10
1967	1.56520560952e-10
1968	8.57349662404e-11
1969	1.49493715293e-11
1970	-5.58362231819e-11
1971	-1.26621817893e-10
1972	-1.97407412604e-10
1973	-2.68193007315e-10
1974	-3.38978602026e-10
1975	-4.09764196738e-10
1976	-4.80549791449e-10
1977	-5.5133538616e-10
1978	-6.22120980871e-10
1979	-6.92906575582e-10
1980	-7.63692170293e-10
1981	-8.34477765005e-10
1982	-9.05263359716e-10
1983	-9.76048954427e-10
1984	-1.04683454914e-09
1985	-1.11762014385e-09
1986	-1.18840573856e-09
1987	-1.25919133327e-09
1988	-1.33285799699e-09
1989	-1.40940590714e-09
1990	-1.48595381729e-09
1991	-1.56250172744e-09
1992	-1.63904963759e-09
1993	-1.71559754774e-09
1994	-1.79214545789e-09
1995	-1.86869336804e-09
1996	-1.94524127819e-09
1997	-2.02178918834e-09
1998	-2.09833709849e-09
1999	-2.17488500864e-09
2000	-2.25143291879e-09
2001	-2.32798082894e-09
2002	-2.40452873909e-09
2003	-2.48107664924e-09
2004	-2.55762455939e-09
2005	-2.63417246955e-09
2006	-2.7107203797e-09
2007	-2.78726828985e-09
2008	-2.8638162e-09
2009	-2.94036411015e-09
2010	-3.0169120203e-09
2011	-3.09345993045e-09
2012	-3.1700078406e-09
2013	-3.21234612608e-09
2014	-3.22047265358e-09
2015	-3.22859918108e-09
2016	-3.23672570858e-09
2017	-3.24485223608e-09
2018	-3.25297876358e-09
2019	-3.26110529108e-09
2020	-3.26923181858e-09
2021	-3.27735834608e-09
2022	-3.28548487358e-09
2023	-3.29361140108e-09
2024	-3.30173792858e-09
2025	-3.30986445608e-09
2026	-3.31799098358e-09
2027	-3.32611751108e-09
2028	-3.33424403858e-09
2029	-3.34237056608e-09
2030	-3.35049709358e-09
2031	-3.35862362108e-09
2032	-3.36675014858e-09
2033	-3.37487667608e-09
2034	-3.38300320358e-09
2035	-3.39112973108e-09
2036	-3.39925625858e-09
2037	-3.40738278608e-09
2038	-3.4477517604e-09
2039	-3.52036521715e-09
2040	-3.59297867391e-09
2041	-3.66559213067e-09
2042	-3.73820558743e-09
2043	-3.81081904419e-09
2044	-3.88343250095e-09
2045	-3.95604595771e-09
2046	-4.02865941447e-09
2047	-4.10127287122e-09
2048	-4.17388632798e-09
2049	-4.24649978474e-09
2050	-4.3191132415e-09
2051	-4.39172669826e-09
2052	-4.46434015502e-09
2053	-4.53695361178e-09
2054	-4.60956706854e-09
2055	-4.6821805253e-09
2056	-4.75479398205e-09
2057	-4.82740743881e-09
2058	-4.90002089557e-09
2059	-4.97263435233e-09
2060	-5.04524780909e-09
2061	-5.11786126585e-09
2062	-5.19047472261e-09
2063	-5.18962913071e-09
2064	-5.11531979541e-09
2065	-5.04101046011e-09
2066	-4.96670112481e-09
2067	-4.89239178951e-09
2068	-4.81808245421e-09
2069	-4.74377311892e-09
2070	-4.66946378362e-09
2071	-4.59515444832e-09
2072	-4.52084511302e-09
2073	-4.44653577772e-09
2074	-4.37222644243e-09
2075	-4.29791710713e-09
2076	-4.22360777183e-09
2077	-4.14929843653e-09
2078	-4.07498910123e-09
2079	-4.00067976593e-09
2080	-3.92637043064e-09
2081	-3.85206109534e-09
2082	-3.77775176004e-09
2083	-3.70344242474e-09
2084	-3.62913308944e-09
2085	-3.55482375415e-09
2086	-3.48051441885e-09
2087	-3.40620508355e-09
2088	-3.37476052226e-09
2089	-3.38618350765e-09
2090	-3.39760649304e-09
2091	-3.40902947844e-09
2092	-3.42045246383e-09
2093	-3.43187544922e-09
2094	-3.44329843462e-09
2095	-3.45472142001e-09
2096	-3.4661444054e-09
2097	-3.4775673908e-09
2098	-3.48899037619e-09
2099	-3.50041336158e-09
2100	-3.51183634698e-09
2101	-3.52325933237e-09
2102	-3.53468231776e-09
2103	-3.54610530316e-09
2104	-3.55752828855e-09
2105	-3.56895127394e-09
2106	-3.58037425934e-09
2107	-3.59179724473e-09
2108	-3.60322023012e-09
2109	-3.61464321552e-09
2110	-3.62606620091e-09
2111	-3.6374891863e-09
2112	-3.6489121717e-09
2113	-3.72167801406e-09
2114	-3.85579072882e-09
2115	-3.98990344358e-09
2116	-4.12401615834e-09
2117	-4.2581288731e-09
2118	-4.39224158786e-09
2119	-4.52635430262e-09
2120	-4.66046701738e-09
2121	-4.79457973215e-09
2122	-4.92869244691e-09
2123	-5.06280516167e-09
2124	-5.19691787643e-09
2125	-5.33103059119e-09
2126	-5.46514330595e-09
2127	-5.59925602071e-09
2128	-5.73336873547e-09
2129	-5.86748145024e-09
2130	-6.001594165e-09
2131	-6.13570687976e-09
2132	-6.26981959452e-09
2133	-6.40393230928e-09
2134	-6.53804502404e-09
2135	-6.6721577388e-09
2136	-6.80627045357e-09
2137	-6.94038316833e-09
2138	-6.95718907896e-09
2139	-6.85668041582e-09
2140	-6.75617175267e-09
2141	-6.65566308953e-09
2142	-6.55515442638e-09
2143	-6.45464576323e-09
2144	-6.35413710009e-09
2145	-6.25362843694e-09
2146	-6.1531197738e-09
2147	-6.05261111065e-09
2148	-5.95210244751e-09
2149	-5.85159378436e-09
2150	-5.75108512121e-09
2151	-5.65057645807e-09
2152	-5.55006779492e-09
2153	-5.44955913178e-09
2154	-5.34905046863e-09
2155	-5.24854180549e-09
2156	-5.14803314234e-09
2157	-5.04752447919e-09
2158	-4.94701581605e-09
2159	-4.8465071529e-09
2160	-4.74599848976e-09
2161	-4.64548982661e-09
2162	-4.54498116347e-09
2163	-4.55559030243e-09
2164	-4.67732468932e-09
2165	-4.79905907622e-09
2166	-4.92079346311e-09
2167	-5.04252785e-09
2168	-5.16426223689e-09
2169	-5.28599662379e-09
2170	-5.40773101068e-09
2171	-5.52946539757e-09
2172	-5.65119978446e-09
2173	-5.77293417136e-09
2174	-5.89466855825e-09
2175	-6.01640294514e-09
2176	-6.13813733203e-09
2177	-6.25987171893e-09
2178	-6.38160610582e-09
2179	-6.50334049271e-09
2180	-6.62507487961e-09
2181	-6.7468092665e-09
2182	-6.86854365339e-09
2183	-6.99027804028e-09
2184	-7.11201242718e-09
2185	-7.23374681407e-09
2186	-7.35548120096e-09
2187	-7.47721558785e-09
2188	-7.52245777509e-09
2189	-7.49120257779e-09
2190	-7.45994738049e-09
2191	-7.42869218319e-09
2192	-7.3974369859e-09
2193	-7.3661817886e-09
2194	-7.3349265913e-09
2195	-7.30367139401e-09
2196	-7.27241619671e-09
2197	-7.24116099941e-09
2198	-7.20990580211e-09
2199	-7.17865060482e-09
2200	-7.14739540752e-09
2201	-7.11614021022e-09
2202	-7.08488501293e-09
2203	-7.05362981563e-09
2204	-7.02237461833e-09
2205	-6.99111942103e-09
2206	-6.95986422374e-09
2207	-6.92860902644e-09
2208	-6.89735382914e-09
2209	-6.86609863185e-09
2210	-6.83484343455e-09
2211	-6.80358823725e-09
2212	-6.77233303995e-09
2213	-6.76343257177e-09
2214	-6.77688836528e-09
2215	-6.79034415879e-09
2216	-6.8037999523e-09
2217	-6.81725574581e-09
2218	-6.83071153933e-09
2219	-6.84416733284e-09
2220	-6.85762312635e-09
2221	-6.87107891986e-09
2222	-6.88453471337e-09
2223	-6.89799050689e-09
2224	-6.9114463004e-09
2225	-6.92490209391e-09
2226	-6.93835788742e-09
2227	-6.95181368093e-09
2228	-6.96526947445e-09
2229	-6.97872526796e-09
2230	-6.99218106147e-09
2231	-7.00563685498e-09
2232	-7.01909264849e-09
2233	-7.03254844201e-09
2234	-7.04600423552e-09
2235	-7.05946002903e-09
2236	-7.07291582254e-09
2237	-7.08637161605e-09
2238	-7.06371517894e-09
2239	-7.00494400745e-09
2240	-6.94617283596e-09
2241	-6.88740166447e-09
2242	-6.82863049298e-09
2243	-6.76985932149e-09
2244	-6.71108815001e-09
2245	-6.65231697852e-09
2246	-6.59354580703e-09
2247	-6.53477463554e-09
2248	-6.47600346405e-09
2249	-6.41723229256e-09
2250	-6.35846112107e-09
2251	-6.29968994958e-09
2252	-6.2409187781e-09
2253	-6.18214760661e-09
2254	-6.12337643512e-09
2255	-6.06460526363e-09
2256	-6.00583409214e-09
2257	-5.94706292065e-09
2258	-5.88829174916e-09
2259	-5.82952057767e-09
2260	-5.77074940619e-09
2261	-5.7119782347e-09
2262	-5.65320706321e-09
2263	-5.60772605999e-09
2264	-5.57553615677e-09
2265	-5.54334625355e-09
2266	-5.51115635034e-09
2267	-5.47896644712e-09
2268	-5.4467765439e-09
2269	-5.41458664068e-09
2270	-5.38239673746e-09
2271	-5.35020683425e-09
2272	-5.31801693103e-09
2273	-5.28582702781e-09
2274	-5.25363712459e-09
2275	-5.22144722138e-09
2276	-5.18925731816e-09
2277	-5.15706741494e-09
2278	-5.12487751172e-09
2279	-5.09268760851e-09
2280	-5.06049770529e-09
2281	-5.02830780207e-09
2282	-4.99611789885e-09
2283	-4.96392799564e-09
2284	-4.93173809242e-09
2285	-4.8995481892e-09
2286	-4.86735828598e-09
2287	-4.83516838277e-09
2288	-4.73330923131e-09
2289	-4.56177589333e-09
2290	-4.39024255535e-09
2291	-4.21870921737e-09
2292	-4.04717587939e-09
2293	-3.87564254141e-09
2294	-3.70410920344e-09
2295	-3.53257586546e-09
2296	-3.36104252748e-09
2297	-3.1895091895e-09
2298	-3.01797585152e-09
2299	-2.84644251354e-09
2300	-2.67490917557e-09
2301	-2.50337583759e-09
2302	-2.33184249961e-09
2303	-2.16030916163e-09
2304	-1.98877582365e-09
2305	-1.81724248567e-09
2306	-1.64570914769e-09
2307	-1.47417580972e-09
2308	-1.30264247174e-09
2309	-1.13110913376e-09
2310	-9.59575795781e-10
2311	-7.88042457802e-10
2312	-6.16509119824e-10
2313	-5.17463086276e-10
2314	-4.90909551343e-10
2315	-4.64356016409e-10
2316	-4.37802481476e-10
2317	-4.11248946543e-10
2318	-3.8469541161e-10
2319	-3.58141876676e-10
2320	-3.31588341743e-10
2321	-3.0503480681e-10
2322	-2.78481271876e-10
2323	-2.51927736943e-10
2324	-2.2537420201e-10
2325	-1.98820667077e-10
2326	-1.72267132143e-10
2327	-1.4571359721e-10
2328	-1.19160062277e-10
2329	-9.26065273436e-11
2330	-6.60529924103e-11
2331	-3.9499457477e-11
2332	-1.29459225438e-11
2333	1.36076123895e-11
2334	4.01611473228e-11
2335	6.67146822561e-11
2336	9.32682171893e-11
2337	1.19821752123e-10
2338	1.36970751977e-10
2339	1.44714535571e-10
2340	1.52458319165e-10
2341	1.6020210276e-10
2342	1.67945886354e-10
2343	1.75689669948e-10
2344	1.83433453542e-10
2345	1.91177237137e-10
2346	1.98921020731e-10
2347	2.06664804325e-10
2348	2.14408587919e-10
2349	2.22152371514e-10
2350	2.29896155108e-10
2351	2.37639938702e-10
2352	2.45383722296e-10
2353	2.53127505891e-10
2354	2.60871289485e-10
2355	2.68615073079e-10
2356	2.76358856673e-10
2357	2.84102640268e-10
2358	2.91846423862e-10
2359	2.99590207456e-10
2360	3.0733399105e-10
2361	3.15077774645e-10
2362	3.22821558239e-10
2363	3.27223621278e-10
2364	3.28283719129e-10
2365	3.2934381698e-10
2366	3.30403914831e-10
2367	3.31464012682e-10
2368	3.32524110532e-10
2369	3.33584208383e-10
2370	3.34644306234e-10
2371	3.35704404085e-10
2372	3.36764501936e-10
2373	3.37824599787e-10
2374	3.38884697638e-10
2375	3.39944795489e-10
2376	3.41004893339e-10
2377	3.4206499119e-10
2378	3.43125089041e-10
2379	3.44185186892e-10
2380	3.45245284743e-10
2381	3.46305382594e-10
2382	3.47365480445e-10
2383	3.48425578296e-10
2384	3.49485676146e-10
2385	3.50545773997e-10
2386	3.51605871848e-10
2387	3.52665969699e-10
2388	3.53543871407e-10
2389	3.54239563494e-10
2390	3.5493525558e-10
2391	3.55630947667e-10
2392	3.56326639753e-10
2393	3.5702233184e-10
2394	3.57718023927e-10
2395	3.58413716013e-10
2396	3.591094081e-10
2397	3.59805100186e-10
2398	3.60500792273e-10
2399	3.61196484359e-10
2400	3.61892176446e-10
2401	3.62587868532e-10
2402	3.63283560619e-10
2403	3.63979252706e-10
2404	3.64674944792e-10
2405	3.65370636879e-10
2406	3.66066328965e-10
2407	3.66762021052e-10
2408	3.67457713138e-10
2409	3.68153405225e-10
2410	3.68849097311e-10
2411	3.69544789398e-10
2412	3.70240481485e-10
2413	3.68116778916e-10
2414	3.63173470928e-10
2415	3.58230162941e-10
2416	3.53286854953e-10
2417	3.48343546965e-10
2418	3.43400238977e-10
2419	3.38456930989e-10
2420	3.33513623002e-10
2421	3.28570315014e-10
2422	3.23627007026e-10
2423	3.18683699038e-10
2424	3.1374039105e-10
2425	3.08797083062e-10
2426	3.03853775075e-10
2427	2.98910467087e-10
2428	2.93967159099e-10
2429	2.89023851111e-10
2430	2.84080543123e-10
2431	2.79137235136e-10
2432	2.74193927148e-10
2433	2.6925061916e-10
2434	2.64307311172e-10
2435	2.59364003184e-10
2436	2.54420695197e-10
2437	2.49477387209e-10
2438	2.46466602997e-10
2439	2.45388488526e-10
2440	2.44310374054e-10
2441	2.43232259582e-10
2442	2.4215414511e-10
2443	2.41076030638e-10
2444	2.39997916166e-10
2445	2.38919801695e-10
2446	2.37841687223e-10
2447	2.36763572751e-10
2448	2.35685458279e-10
2449	2.34607343807e-10
2450	2.33529229336e-10
2451	2.32451114864e-10
2452	2.31373000392e-10
2453	2.3029488592e-10
2454	2.29216771448e-10
2455	2.28138656977e-10
2456	2.27060542505e-10
2457	2.25982428033e-10
2458	2.24904313561e-10
2459	2.23826199089e-10
2460	2.22748084617e-10
2461	2.21669970146e-10
2462	2.20591855674e-10
2463	2.19867243861e-10
2464	2.1949616168e-10
2465	2.191250795e-10
2466	2.18753997319e-10
2467	2.18382915139e-10
2468	2.18011832958e-10
2469	2.17640750778e-10
2470	2.17269668597e-10
2471	2.16898586417e-10
2472	2.16527504236e-10
2473	2.16156422056e-10
2474	2.15785339875e-10
2475	2.15414257695e-10
2476	2.15043175514e-10
2477	2.14672093334e-10
2478	2.14301011153e-10
2479	2.13929928973e-10
2480	2.13558846792e-10
2481	2.13187764612e-10
2482	2.12816682431e-10
2483	2.12445600251e-10
2484	2.1207451807e-10
2485	2.1170343589e-10
2486	2.11332353709e-10
2487	2.10961271528e-10
2488	2.08058661517e-10
2489	2.02624328547e-10
2490	1.97189995577e-10
2491	1.91755662606e-10
2492	1.86321329636e-10
2493	1.80886996666e-10
2494	1.75452663696e-10
2495	1.70018330725e-10
2496	1.64583997755e-10
2497	1.59149664785e-10
2498	1.53715331814e-10
2499	1.48280998844e-10
2500	1.42846665874e-10
2501	1.37412332904e-10
2502	1.31977999933e-10
2503	1.26543666963e-10
2504	1.21109333993e-10
2505	1.15675001022e-10
2506	1.10240668052e-10
2507	1.04806335082e-10
2508	9.93720021115e-11
2509	9.39376691412e-11
2510	8.85033361709e-11
2511	8.30690032006e-11
2512	7.76346702303e-11
2513	7.56391346829e-11
2514	7.70826642826e-11
2515	7.85261938823e-11
2516	7.9969723482e-11
2517	8.14132530817e-11
2518	8.28567826814e-11
2519	8.43003122811e-11
2520	8.57438418808e-11
2521	8.71873714805e-11
2522	8.86309010802e-11
2523	9.00744306799e-11
2524	9.15179602796e-11
2525	9.29614898793e-11
2526	9.4405019479e-11
2527	9.58485490787e-11
2528	9.72920786784e-11
2529	9.87356082781e-11
2530	1.00179137878e-10
2531	1.01622667478e-10
2532	1.03066197077e-10
2533	1.04509726677e-10
2534	1.05953256277e-10
2535	1.07396785876e-10
2536	1.08840315476e-10
2537	1.10283845076e-10
2538	1.11056357355e-10
2539	1.11157799552e-10
2540	1.1125924175e-10
2541	1.11360683947e-10
2542	1.11462126145e-10
2543	1.11563568343e-10
2544	1.1166501054e-10
2545	1.11766452738e-10
2546	1.11867894935e-10
2547	1.11969337133e-10
2548	1.1207077933e-10
2549	1.12172221528e-10
2550	1.12273663725e-10
2551	1.12375105923e-10
2552	1.1247654812e-10
2553	1.12577990318e-10
2554	1.12679432515e-10
2555	1.12780874713e-10
2556	1.1288231691e-10
2557	1.12983759108e-10
2558	1.13085201305e-10
2559	1.13186643503e-10
2560	1.132880857e-10
2561	1.13389527898e-10
2562	1.13490970095e-10
2563	1.13744407507e-10
2564	1.14149852202e-10
2565	1.14555296897e-10
2566	1.14960741592e-10
2567	1.15366186287e-10
2568	1.15771630982e-10
2569	1.16177075677e-10
2570	1.16582520372e-10
2571	1.16987965067e-10
2572	1.17393409762e-10
2573	1.17798854457e-10
2574	1.18204299152e-10
2575	1.18609743847e-10
2576	1.19015188542e-10
2577	1.19420633237e-10
2578	1.19826077932e-10
2579	1.20231522627e-10
2580	1.20636967322e-10
2581	1.21042412018e-10
2582	1.21447856713e-10
2583	1.21853301408e-10
2584	1.22258746103e-10
2585	1.22664190798e-10
2586	1.23069635493e-10
2587	1.23475080188e-10
2588	1.23533401281e-10
2589	1.23244570942e-10
2590	1.22955740603e-10
2591	1.22666910263e-10
2592	1.22378079924e-10
2593	1.22089249585e-10
2594	1.21800419245e-10
2595	1.21511588906e-10
2596	1.21222758567e-10
2597	1.20933928227e-10
2598	1.20645097888e-10
2599	1.20356267549e-10
2600	1.20067437209e-10
2601	1.1977860687e-10
2602	1.19489776531e-10
2603	1.19200946191e-10
2604	1.18912115852e-10
2605	1.18623285513e-10
2606	1.18334455173e-10
2607	1.18045624834e-10
2608	1.17756794495e-10
2609	1.17467964156e-10
2610	1.17179133816e-10
2611	1.16890303477e-10
2612	1.16601473138e-10
2613	1.15732268443e-10
2614	1.14282642412e-10
2615	1.1283301638e-10
2616	1.11383390348e-10
2617	1.09933764316e-10
2618	1.08484138285e-10
2619	1.07034512253e-10
2620	1.05584886221e-10
2621	1.04135260189e-10
2622	1.02685634157e-10
2623	1.01236008126e-10
2624	9.9786382094e-11
2625	9.83367560622e-11
2626	9.68871300304e-11
2627	9.54375039986e-11
2628	9.39878779669e-11
2629	9.25382519351e-11
2630	9.10886259033e-11
2631	8.96389998715e-11
2632	8.81893738398e-11
2633	8.6739747808e-11
2634	8.52901217762e-11
2635	8.38404957445e-11
2636	8.23908697127e-11
2637	8.09412436809e-11
2638	8.08503648475e-11
2639	8.21183442593e-11
2640	8.33863236712e-11
2641	8.46543030831e-11
2642	8.59222824949e-11
2643	8.71902619068e-11
2644	8.84582413187e-11
2645	8.97262207305e-11
2646	9.09942001424e-11
2647	9.22621795543e-11
2648	9.35301589661e-11
2649	9.4798138378e-11
2650	9.60661177899e-11
2651	9.73340972018e-11
2652	9.86020766136e-11
2653	9.98700560255e-11
2654	1.01138035437e-10
2655	1.02406014849e-10
2656	1.03673994261e-10
2657	1.04941973673e-10
2658	1.06209953085e-10
2659	1.07477932497e-10
2660	1.08745911909e-10
2661	1.1001389132e-10
2662	1.11281870732e-10
2663	1.11666420263e-10
2664	1.11167467028e-10
2665	1.10668513793e-10
2666	1.10169560558e-10
2667	1.09670607323e-10
2668	1.09171654088e-10
2669	1.08672700853e-10
2670	1.08173747618e-10
2671	1.07674794383e-10
2672	1.07175841148e-10
2673	1.06676887913e-10
2674	1.06177934678e-10
2675	1.05678981443e-10
2676	1.05180028208e-10
2677	1.04681074972e-10
2678	1.04182121737e-10
2679	1.03683168502e-10
2680	1.03184215267e-10
2681	1.02685262032e-10
2682	1.02186308797e-10
2683	1.01687355562e-10
2684	1.01188402327e-10
2685	1.00689449092e-10
2686	1.00190495857e-10
2687	9.9691542622e-11
2688	9.88537204751e-11
2689	9.76770011965e-11
2690	9.65002819178e-11
2691	9.53235626391e-11
2692	9.41468433605e-11
2693	9.29701240818e-11
2694	9.17934048031e-11
2695	9.06166855245e-11
2696	8.94399662458e-11
2697	8.82632469671e-11
2698	8.70865276885e-11
2699	8.59098084098e-11
2700	8.47330891311e-11
2701	8.35563698525e-11
2702	8.23796505738e-11
2703	8.12029312951e-11
2704	8.00262120165e-11
2705	7.88494927378e-11
2706	7.76727734592e-11
2707	7.64960541805e-11
2708	7.53193349018e-11
2709	7.41426156232e-11
2710	7.29658963445e-11
2711	7.17891770658e-11
2712	7.06124577872e-11
2713	6.98895778931e-11
2714	6.96205755295e-11
2715	6.93515731659e-11
2716	6.90825708024e-11
2717	6.88135684388e-11
2718	6.85445660752e-11
2719	6.82755637116e-11
2720	6.80065613481e-11
2721	6.77375589845e-11
2722	6.74685566209e-11
2723	6.71995542573e-11
2724	6.69305518938e-11
2725	6.66615495302e-11
2726	6.63925471666e-11
2727	6.6123544803e-11
2728	6.58545424395e-11
2729	6.55855400759e-11
2730	6.53165377123e-11
2731	6.50475353488e-11
2732	6.47785329852e-11
2733	6.45095306216e-11
2734	6.4240528258e-11
2735	6.39715258945e-11
2736	6.37025235309e-11
2737	6.34335211673e-11
2738	6.32053968948e-11
2739	6.3018154181e-11
2740	6.28309114672e-11
2741	6.26436687533e-11
2742	6.24564260395e-11
2743	6.22691833256e-11
2744	6.20819406118e-11
2745	6.1894697898e-11
2746	6.17074551841e-11
2747	6.15202124703e-11
2748	6.13329697565e-11
2749	6.11457270426e-11
2750	6.09584843288e-11
2751	6.07712416149e-11
2752	6.05839989011e-11
2753	6.03967561873e-11
2754	6.02095134734e-11
2755	6.00222707596e-11
2756	5.98350280458e-11
2757	5.96477853319e-11
2758	5.94605426181e-11
2759	5.92732999042e-11
2760	5.90860571904e-11
2761	5.88988144766e-11
2762	5.87115717627e-11
2763	5.87928804275e-11
2764	5.91427634592e-11
2765	5.94926464909e-11
2766	5.98425295226e-11
2767	6.01924125543e-11
2768	6.0542295586e-11
2769	6.08921786177e-11
2770	6.12420616494e-11
2771	6.15919446811e-11
2772	6.19418277128e-11
2773	6.22917107445e-11
2774	6.26415937762e-11
2775	6.29914768079e-11
2776	6.33413598396e-11
2777	6.36912428713e-11
2778	6.4041125903e-11
2779	6.43910089347e-11
2780	6.47408919664e-11
2781	6.50907749981e-11
2782	6.54406580298e-11
2783	6.57905410615e-11
2784	6.61404240932e-11
2785	6.64903071249e-11
2786	6.68401901566e-11
2787	6.71900731883e-11
2788	6.81936926321e-11
2789	6.9851104955e-11
2790	7.15085172779e-11
2791	7.31659296008e-11
2792	7.48233419237e-11
2793	7.64807542466e-11
2794	7.81381665695e-11
2795	7.97955788924e-11
2796	8.14529912153e-11
2797	8.31104035382e-11
2798	8.47678158611e-11
2799	8.64252281839e-11
2800	8.80826405068e-11
2801	8.97400528297e-11
2802	9.13974651526e-11
2803	9.30548774755e-11
2804	9.47122897984e-11
2805	9.63697021213e-11
2806	9.80271144442e-11
2807	9.96845267671e-11
2808	1.0134193909e-10
2809	1.02999351413e-10
2810	1.04656763736e-10
2811	1.06314176059e-10
2812	1.07971588382e-10
2813	1.08815862197e-10
2814	1.08846926641e-10
2815	1.08877991084e-10
2816	1.08909055527e-10
2817	1.08940119971e-10
2818	1.08971184414e-10
2819	1.09002248858e-10
2820	1.09033313301e-10
2821	1.09064377744e-10
2822	1.09095442188e-10
2823	1.09126506631e-10
2824	1.09157571074e-10
2825	1.09188635518e-10
2826	1.09219699961e-10
2827	1.09250764404e-10
2828	1.09281828848e-10
2829	1.09312893291e-10
2830	1.09343957734e-10
2831	1.09375022178e-10
2832	1.09406086621e-10
2833	1.09437151064e-10
2834	1.09468215508e-10
2835	1.09499279951e-10
2836	1.09530344395e-10
2837	1.09561408838e-10
2838	1.08194469274e-10
2839	1.05429402784e-10
2840	1.02664336293e-10
2841	9.98992698031e-11
2842	9.71342033127e-11
2843	9.43691368224e-11
2844	9.1604070332e-11
2845	8.88390038416e-11
2846	8.60739373513e-11
2847	8.33088708609e-11
2848	8.05438043705e-11
2849	7.77787378802e-11
2850	7.50136713898e-11
2851	7.22486048994e-11
2852	6.94835384091e-11
2853	6.67184719187e-11
2854	6.39534054283e-11
2855	6.1188338938e-11
2856	5.84232724476e-11
2857	5.56582059572e-11
2858	5.28931394669e-11
2859	5.01280729765e-11
2860	4.73630064861e-11
2861	4.45979399958e-11
2862	4.18328735054e-11
2863	4.0287642699e-11
2864	3.99623557758e-11
2865	3.96370688526e-11
2866	3.93117819294e-11
2867	3.89864950062e-11
2868	3.8661208083e-11
2869	3.83359211598e-11
2870	3.80106342366e-11
2871	3.76853473134e-11
2872	3.73600603901e-11
2873	3.70347734669e-11
2874	3.67094865437e-11
2875	3.63841996205e-11
2876	3.60589126973e-11
2877	3.57336257741e-11
2878	3.54083388509e-11
2879	3.50830519277e-11
2880	3.47577650045e-11
2881	3.44324780813e-11
2882	3.41071911581e-11
2883	3.37819042349e-11
2884	3.34566173117e-11
2885	3.31313303885e-11
2886	3.28060434652e-11
2887	3.2480756542e-11
2888	3.27126949931e-11
2889	3.35019086758e-11
2890	3.42911223586e-11
2891	3.50803360413e-11
2892	3.58695497241e-11
2893	3.66587634068e-11
2894	3.74479770896e-11
2895	3.82371907723e-11
2896	3.90264044551e-11
2897	3.98156181378e-11
2898	4.06048318206e-11
2899	4.13940455034e-11
2900	4.21832591861e-11
2901	4.29724728689e-11
2902	4.37616865516e-11
2903	4.45509002344e-11
2904	4.53401139171e-11
2905	4.61293275999e-11
2906	4.69185412826e-11
2907	4.77077549654e-11
2908	4.84969686481e-11
2909	4.92861823309e-11
2910	5.00753960136e-11
2911	5.08646096964e-11
2912	5.16538233791e-11
2913	5.16415018752e-11
2914	5.08275728465e-11
2915	5.00136438178e-11
2916	4.91997147891e-11
2917	4.83857857605e-11
2918	4.75718567318e-11
2919	4.67579277031e-11
2920	4.59439986744e-11
2921	4.51300696457e-11
2922	4.43161406171e-11
2923	4.35022115884e-11
2924	4.26882825597e-11
2925	4.1874353531e-11
2926	4.10604245024e-11
2927	4.02464954737e-11
2928	3.9432566445e-11
2929	3.86186374163e-11
2930	3.78047083877e-11
2931	3.6990779359e-11
2932	3.61768503303e-11
2933	3.53629213016e-11
2934	3.45489922729e-11
2935	3.37350632443e-11
2936	3.29211342156e-11
2937	3.21072051869e-11
2938	3.15604381689e-11
2939	3.12808574797e-11
2940	3.10012767904e-11
2941	3.07216961012e-11
2942	3.0442115412e-11
2943	3.01625347227e-11
2944	2.98829540335e-11
2945	2.96033733443e-11
2946	2.9323792655e-11
2947	2.90442119658e-11
2948	2.87646312766e-11
2949	2.84850505874e-11
2950	2.82054698981e-11
2951	2.79258892089e-11
2952	2.76463085197e-11
2953	2.73667278304e-11
2954	2.70871471412e-11
2955	2.6807566452e-11
2956	2.65279857627e-11
2957	2.62484050735e-11
2958	2.59688243843e-11
2959	2.56892436951e-11
2960	2.54096630058e-11
2961	2.51300823166e-11
2962	2.48505016274e-11
2963	2.4476004826e-11
2964	2.40065831994e-11
2965	2.35371615728e-11
2966	2.30677399461e-11
2967	2.25983183195e-11
2968	2.21288966929e-11
2969	2.16594750662e-11
2970	2.11900534396e-11
2971	2.0720631813e-11
2972	2.02512101863e-11
2973	1.97817885597e-11
2974	1.93123669331e-11
2975	1.88429453064e-11
2976	1.83735236798e-11
2977	1.79041020532e-11
2978	1.74346804265e-11
2979	1.69652587999e-11
2980	1.64958371733e-11
2981	1.60264155466e-11
2982	1.555699392e-11
2983	1.50875722934e-11
2984	1.46181506668e-11
2985	1.41487290401e-11
2986	1.36793074135e-11
2987	1.32098857869e-11
2988	1.29958916915e-11
2989	1.30373487732e-11
2990	1.3078805855e-11
2991	1.31202629367e-11
2992	1.31617200184e-11
2993	1.32031771001e-11
2994	1.32446341819e-11
2995	1.32860912636e-11
2996	1.33275483453e-11
2997	1.3369005427e-11
2998	1.34104625088e-11
2999	1.34519195905e-11
3000	1.34933766722e-11
3001	1.3534833754e-11
3002	1.35762908357e-11
3003	1.36177479174e-11
3004	1.36592049991e-11
3005	1.37006620809e-11
3006	1.37421191626e-11
3007	1.37835762443e-11
3008	1.3825033326e-11
3009	1.38664904078e-11
3010	1.39079474895e-11
3011	1.39494045712e-11
3012	1.39908616529e-11
3013	1.38423114152e-11
3014	1.35037361212e-11
3015	1.31651608272e-11
3016	1.28265855331e-11
3017	1.24880102391e-11
3018	1.21494349451e-11
3019	1.18108596511e-11
3020	1.1472284357e-11
3021	1.1133709063e-11
3022	1.0795133769e-11
3023	1.0456558475e-11
3024	1.0117983181e-11
3025	9.77940788694e-12
3026	9.44083259292e-12
3027	9.1022572989e-12
3028	8.76368200488e-12
3029	8.42510671085e-12
3030	8.08653141683e-12
3031	7.74795612281e-12
3032	7.40938082879e-12
3033	7.07080553477e-12
3034	6.73223024075e-12
3035	6.39365494672e-12
3036	6.0550796527e-12
3037	5.71650435868e-12
3038	5.72738193196e-12
3039	6.08774526402e-12
3040	6.44810859608e-12
3041	6.80847192813e-12
3042	7.16883526019e-12
3043	7.52919859225e-12
3044	7.88956192431e-12
3045	8.24992525637e-12
3046	8.61028858842e-12
3047	8.97065192048e-12
3048	9.33101525254e-12
3049	9.6913785846e-12
3050	1.00517419167e-11
3051	1.04121052487e-11
3052	1.07724685808e-11
3053	1.11328319128e-11
3054	1.14931952449e-11
3055	1.18535585769e-11
3056	1.2213921909e-11
3057	1.25742852411e-11
3058	1.29346485731e-11
3059	1.32950119052e-11
3060	1.36553752372e-11
3061	1.40157385693e-11
3062	1.43761019014e-11
3063	1.4391219506e-11
3064	1.40610586204e-11
3065	1.37308977348e-11
3066	1.34007368491e-11
3067	1.30705759635e-11
3068	1.27404150778e-11
3069	1.24102541922e-11
3070	1.20800933066e-11
3071	1.17499324209e-11
3072	1.14197715353e-11
3073	1.10896106497e-11
3074	1.0759449764e-11
3075	1.04292888784e-11
3076	1.00991279927e-11
3077	9.7689671071e-12
3078	9.43880622146e-12
3079	9.10864533583e-12
3080	8.77848445019e-12
3081	8.44832356455e-12
3082	8.11816267891e-12
3083	7.78800179327e-12
3084	7.45784090763e-12
3085	7.127680022e-12
3086	6.79751913636e-12
3087	6.46735825072e-12
3088	6.23817668872e-12
3089	6.10998411127e-12
3090	5.98179153383e-12
3091	5.85359895638e-12
3092	5.72540637893e-12
3093	5.59721380149e-12
3094	5.46902122404e-12
3095	5.3408286466e-12
3096	5.21263606915e-12
3097	5.0844434917e-12
3098	4.95625091426e-12
3099	4.82805833681e-12
3100	4.69986575936e-12
3101	4.57167318192e-12
3102	4.44348060447e-12
3103	4.31528802703e-12
3104	4.18709544958e-12
3105	4.05890287213e-12
3106	3.93071029469e-12
3107	3.80251771724e-12
3108	3.67432513979e-12
3109	3.54613256235e-12
3110	3.4179399849e-12
3111	3.28974740746e-12
3112	3.16155483001e-12
3113	3.13379996771e-12
3114	3.20649250747e-12
3115	3.27918504722e-12
3116	3.35187758698e-12
3117	3.42457012674e-12
3118	3.49726266649e-12
3119	3.56995520625e-12
3120	3.64264774601e-12
3121	3.71534028576e-12
3122	3.78803282552e-12
3123	3.86072536528e-12
3124	3.93341790503e-12
3125	4.00611044479e-12
3126	4.07880298455e-12
3127	4.1514955243e-12
3128	4.22418806406e-12
3129	4.29688060382e-12
3130	4.36957314358e-12
3131	4.44226568333e-12
3132	4.51495822309e-12
3133	4.58765076285e-12
3134	4.6603433026e-12
3135	4.73303584236e-12
3136	4.80572838212e-12
3137	4.87842092187e-12
3138	4.78204564411e-12
3139	4.51658611178e-12
3140	4.25112657945e-12
3141	3.98566704712e-12
3142	3.72020751479e-12
3143	3.45474798246e-12
3144	3.18928845013e-12
3145	2.9238289178e-12
3146	2.65836938547e-12
3147	2.39290985314e-12
3148	2.12745032081e-12
3149	1.86199078848e-12
3150	1.59653125615e-12
3151	1.33107172382e-12
3152	1.06561219149e-12
3153	8.00152659164e-13
3154	5.34693126835e-13
3155	2.69233594505e-13
3156	3.77406217528e-15
3157	-2.61685470154e-13
3158	-5.27145002484e-13
3159	-7.92604534814e-13
3160	-1.05806406714e-12
3161	-1.32352359947e-12
3162	-1.5889831318e-12
3163	-1.60041488154e-12
3164	-1.35779395489e-12
3165	-1.11517302824e-12
3166	-8.72552101584e-13
3167	-6.29931174933e-13
3168	-3.87310248282e-13
3169	-1.4468932163e-13
3170	9.79316050213e-14
3171	3.40552531673e-13
3172	5.83173458324e-13
3173	8.25794384976e-13
3174	1.06841531163e-12
3175	1.31103623828e-12
3176	1.55365716493e-12
3177	1.79627809158e-12
3178	2.03889901823e-12
3179	2.28151994488e-12
3180	2.52414087154e-12
3181	2.76676179819e-12
3182	3.00938272484e-12
3183	3.25200365149e-12
3184	3.49462457814e-12
3185	3.73724550479e-12
3186	3.97986643144e-12
3187	4.2224873581e-12
3188	4.29335179908e-12
3189	4.19244278982e-12
3190	4.09153378056e-12
3191	3.9906247713e-12
3192	3.88971576204e-12
3193	3.78880675278e-12
3194	3.68789774352e-12
3195	3.58698873426e-12
3196	3.486079725e-12
3197	3.38517071574e-12
3198	3.28426170648e-12
3199	3.18335269722e-12
3200	3.08244368796e-12
3201	2.9815346787e-12
3202	2.88062566944e-12
3203	2.77971666018e-12
3204	2.67880765093e-12
3205	2.57789864167e-12
3206	2.47698963241e-12
3207	2.37608062315e-12
3208	2.27517161389e-12
3209	2.17426260463e-12
3210	2.07335359537e-12
3211	1.97244458611e-12
3212	1.87153557685e-12
3213	1.77080405366e-12
3214	1.6702500342e-12
3215	1.56969601474e-12
3216	1.46914199529e-12
3217	1.36858797583e-12
3218	1.26803395637e-12
3219	1.16747993691e-12
3220	1.06692591746e-12
3221	9.66371898e-13
3222	8.65817878542e-13
3223	7.65263859085e-13
3224	6.64709839628e-13
3225	5.64155820171e-13
3226	4.63601800714e-13
3227	3.63047781256e-13
3228	2.62493761799e-13
3229	1.61939742342e-13
3230	6.13857228848e-14
3231	-3.91682965724e-14
3232	-1.3972231603e-13
3233	-2.40276335487e-13
3234	-3.40830354944e-13
3235	-4.41384374401e-13
3236	-5.41938393858e-13
3237	-6.42492413316e-13
3238	-6.83899499921e-13
3239	-6.66153720026e-13
3240	-6.48407940131e-13
3241	-6.30662160236e-13
3242	-6.12916380341e-13
3243	-5.95170600446e-13
3244	-5.77424820551e-13
3245	-5.59679040656e-13
3246	-5.41933260761e-13
3247	-5.24187480866e-13
3248	-5.06441700971e-13
3249	-4.88695921075e-13
3250	-4.7095014118e-13
3251	-4.53204361285e-13
3252	-4.3545858139e-13
3253	-4.17712801495e-13
3254	-3.999670216e-13
3255	-3.82221241705e-13
3256	-3.6447546181e-13
3257	-3.46729681915e-13
3258	-3.2898390202e-13
3259	-3.11238122125e-13
3260	-2.9349234223e-13
3261	-2.75746562335e-13
3262	-2.5800078244e-13
3263	-2.2766406673e-13
3264	-1.84735142324e-13
3265	-1.41806217917e-13
3266	-9.88772935109e-14
3267	-5.59483691043e-14
3268	-1.30194446978e-14
3269	2.99094797087e-14
3270	7.28384041153e-14
3271	1.15767328522e-13
3272	1.58696252928e-13
3273	2.01625177335e-13
3274	2.44554101741e-13
3275	2.87483026148e-13
3276	3.30411950554e-13
3277	3.73340874961e-13
3278	4.16269799367e-13
3279	4.59198723774e-13
3280	5.02127648181e-13
3281	5.45056572587e-13
3282	5.87985496994e-13
3283	6.309144214e-13
3284	6.73843345807e-13
3285	7.16772270213e-13
3286	7.5970119462e-13
3287	8.02630119026e-13
3288	8.00436494415e-13
3289	7.53115724157e-13
3290	7.05794953898e-13
3291	6.58474183639e-13
3292	6.11153413381e-13
3293	5.63832643122e-13
3294	5.16511872863e-13
3295	4.69191102605e-13
3296	4.21870332346e-13
3297	3.74549562087e-13
3298	3.27228791829e-13
3299	2.7990802157e-13
3300	2.32587251311e-13
3301	1.85266481053e-13
3302	1.37945710794e-13
3303	9.06249405352e-14
3304	4.33041702765e-14
3305	-4.01659998216e-15
3306	-5.13373702408e-14
3307	-9.86581404995e-14
3308	-1.45978910758e-13
3309	-1.93299681017e-13
3310	-2.40620451276e-13
3311	-2.87941221534e-13
3312	-3.35261991793e-13
3313	-3.58923591166e-13
3314	-3.58923591166e-13
3315	-3.58923591166e-13
3316	-3.58923591166e-13
3317	-3.58923591166e-13
3318	-3.58923591166e-13
3319	-3.58923591166e-13
3320	-3.58923591166e-13
3321	-3.58923591166e-13
3322	-3.58923591166e-13
3323	-3.58923591166e-13
3324	-3.58923591166e-13
