50	-2.87472609035e-14
51	-2.91660781298e-14
52	-2.9584895356e-14
53	-3.00037125823e-14
54	-3.04225298085e-14
55	-3.08413470348e-14
56	-3.12601642611e-14
57	-3.16789814873e-14
58	-3.20977987136e-14
59	-3.25166159398e-14
60	-3.29354331661e-14
61	-3.33542503923e-14
62	-3.37730676186e-14
63	-3.43372741811e-14
64	-3.50468703614e-14
65	-3.57564665417e-14
66	-3.6466062722e-14
67	-3.71756589023e-14
68	-3.78852550826e-14
69	-3.85948512629e-14
70	-3.93044474432e-14
71	-4.00140436235e-14
72	-4.07236398038e-14
73	-4.14332359841e-14
74	-4.21428321644e-14
75	-4.28524283447e-14
76	-4.35620245251e-14
77	-4.42716207054e-14
78	-4.49812168857e-14
79	-4.5690813066e-14
80	-4.64004092463e-14
81	-4.71100054266e-14
82	-4.78196016069e-14
83	-4.85291977872e-14
84	-4.92387939675e-14
85	-4.99483901478e-14
86	-5.06579863281e-14
87	-5.13675825084e-14
88	-5.21965976315e-14
89	-5.31450320213e-14
90	-5.4093466411e-14
91	-5.50419008007e-14
92	-5.59903351904e-14
93	-5.69387695802e-14
94	-5.78872039699e-14
95	-5.88356383596e-14
96	-5.97840727494e-14
97	-6.07325071391e-14
98	-6.16809415288e-14
99	-6.26293759185e-14
100	-6.35778103083e-14
101	-6.4526244698e-14
102	-6.54746790877e-14
103	-6.64231134775e-14
104	-6.73715478672e-14
105	-6.83199822569e-14
106	-6.92684166466e-14
107	-7.02168510364e-14
108	-7.11652854261e-14
109	-7.21137198158e-14
110	-7.30621542056e-14
111	-7.40105885953e-14
112	-7.4959022985e-14
113	-7.61278701005e-14
114	-7.75171307101e-14
115	-7.89063913197e-14
116	-8.02956519292e-14
117	-8.16849125388e-14
118	-8.30741731484e-14
119	-8.4463433758e-14
120	-8.58526943676e-14
121	-8.72419549771e-14
122	-8.86312155867e-14
123	-9.00204761963e-14
124	-9.14097368059e-14
125	-9.27989974154e-14
126	-9.4188258025e-14
127	-9.55775186346e-14
128	-9.69667792442e-14
129	-9.83560398538e-14
130	-9.97453004633e-14
131	-1.01134561073e-13
132	-1.02523821682e-13
133	-1.03913082292e-13
134	-1.05302342902e-13
135	-1.06691603511e-13
136	-1.08080864121e-13
137	-1.0947012473e-13
138	-1.11253459983e-13
139	-1.13430871557e-13
140	-1.15608283132e-13
141	-1.17785694706e-13
142	-1.1996310628e-13
143	-1.22140517855e-13
144	-1.24317929429e-13
145	-1.26495341003e-13
146	-1.28672752578e-13
147	-1.30850164152e-13
148	-1.33027575727e-13
149	-1.35204987301e-13
150	-1.37382398875e-13
151	-1.3955981045e-13
152	-1.41737222024e-13
153	-1.43914633598e-13
154	-1.46092045173e-13
155	-1.48269456747e-13
156	-1.50446868322e-13
157	-1.52624279896e-13
158	-1.5480169147e-13
159	-1.56979103045e-13
160	-1.59156514619e-13
161	-1.61333926193e-13
162	-1.63511337768e-13
163	-1.66220254544e-13
164	-1.69460679199e-13
165	-1.72701103853e-13
166	-1.75941528508e-13
167	-1.79181953163e-13
168	-1.82422377817e-13
169	-1.85662802472e-13
170	-1.88903227127e-13
171	-1.92143651781e-13
172	-1.95384076436e-13
173	-1.98624501091e-13
174	-2.01864925745e-13
175	-2.051053504e-13
176	-2.08345775055e-13
177	-2.11586199709e-13
178	-2.14826624364e-13
179	-2.18067049019e-13
180	-2.21307473673e-13
181	-2.24547898328e-13
182	-2.27788322983e-13
183	-2.31028747637e-13
184	-2.34269172292e-13
185	-2.37509596947e-13
186	-2.40750021601e-13
187	-2.43990446256e-13
188	-2.480594822e-13
189	-2.52957134246e-13
190	-2.57854786293e-13
191	-2.6275243834e-13
192	-2.67650090386e-13
193	-2.72547742433e-13
194	-2.7744539448e-13
195	-2.82343046527e-13
196	-2.87240698573e-13
197	-2.9213835062e-13
198	-2.97036002667e-13
199	-3.01933654714e-13
200	-3.0683130676e-13
201	-3.11728958807e-13
202	-3.16626610854e-13
203	-3.215242629e-13
204	-3.26421914947e-13
205	-3.31319566994e-13
206	-3.36217219041e-13
207	-3.41114871087e-13
208	-3.46012523134e-13
209	-3.50910175181e-13
210	-3.55807827227e-13
211	-3.60705479274e-13
212	-3.65603131321e-13
213	-3.72197012431e-13
214	-3.80487133774e-13
215	-3.88777255117e-13
216	-3.9706737646e-13
217	-4.05357497803e-13
218	-4.13647619146e-13
219	-4.21937740489e-13
220	-4.30227861832e-13
221	-4.38517983175e-13
222	-4.46808104518e-13
223	-4.55098225861e-13
224	-4.63388347203e-13
225	-4.71678468546e-13
226	-4.79968589889e-13
227	-4.88258711232e-13
228	-4.96548832575e-13
229	-5.04838953918e-13
230	-5.13129075261e-13
231	-5.21419196604e-13
232	-5.29709317947e-13
233	-5.3799943929e-13
234	-5.46289560633e-13
235	-5.54579681976e-13
236	-5.62869803318e-13
237	-5.71159924661e-13
238	-5.8197180159e-13
239	-5.95305452661e-13
240	-6.08639103732e-13
241	-6.21972754804e-13
242	-6.35306405875e-13
243	-6.48640056946e-13
244	-6.61973708017e-13
245	-6.75307359089e-13
246	-6.8864101016e-13
247	-7.01974661231e-13
248	-7.15308312303e-13
249	-7.28641963374e-13
250	-7.41975614445e-13
251	-7.55309265517e-13
252	-7.68642916588e-13
253	-7.81976567659e-13
254	-7.9531021873e-13
255	-8.08643869802e-13
256	-8.21977520873e-13
257	-8.35311171944e-13
258	-8.48644823016e-13
259	-8.61978474087e-13
260	-8.75312125158e-13
261	-8.8864577623e-13
262	-9.01979427301e-13
263	-9.25810016855e-13
264	-9.60137630272e-13
265	-9.94465243689e-13
266	-1.02879285711e-12
267	-1.06312047052e-12
268	-1.09744808394e-12
269	-1.13177569736e-12
270	-1.16610331077e-12
271	-1.20043092419e-12
272	-1.23475853761e-12
273	-1.26908615102e-12
274	-1.30341376444e-12
275	-1.33774137786e-12
276	-1.37206899127e-12
277	-1.40639660469e-12
278	-1.44072421811e-12
279	-1.47505183152e-12
280	-1.50937944494e-12
281	-1.54370705836e-12
282	-1.57803467177e-12
283	-1.61236228519e-12
284	-1.64668989861e-12
285	-1.68101751202e-12
286	-1.71534512544e-12
287	-1.74967273886e-12
288	-1.74297321202e-12
289	-1.69524617946e-12
290	-1.6475191469e-12
291	-1.59979211433e-12
292	-1.55206508177e-12
293	-1.5043380492e-12
294	-1.45661101664e-12
295	-1.40888398407e-12
296	-1.36115695151e-12
297	-1.31342991895e-12
298	-1.26570288638e-12
299	-1.21797585382e-12
300	-1.17024882125e-12
301	-1.12252178869e-12
302	-1.07479475612e-12
303	-1.02706772356e-12
304	-9.79340690995e-13
305	-9.31613658431e-13
306	-8.83886625867e-13
307	-8.36159593302e-13
308	-7.88432560738e-13
309	-7.40705528174e-13
310	-6.92978495609e-13
311	-6.45251463045e-13
312	-5.97524430481e-13
313	-5.05066250007e-13
314	-3.67876488491e-13
315	-2.30686726974e-13
316	-9.34969654585e-14
317	4.36927960576e-14
318	1.80882557574e-13
319	3.1807231909e-13
320	4.55262080606e-13
321	5.92451842122e-13
322	7.29641603638e-13
323	8.66831365154e-13
324	1.00402112667e-12
325	1.14121088819e-12
326	1.2784006497e-12
327	1.41559041122e-12
328	1.55278017273e-12
329	1.68996993425e-12
330	1.82715969577e-12
331	1.96434945728e-12
332	2.1015392188e-12
333	2.23872898031e-12
334	2.37591874183e-12
335	2.51310850335e-12
336	2.65029826486e-12
337	2.78748802638e-12
338	2.9211663516e-12
339	3.05133320381e-12
340	3.18150005602e-12
341	3.31166690823e-12
342	3.44183376044e-12
343	3.57200061265e-12
344	3.70216746486e-12
345	3.83233431707e-12
346	3.96250116928e-12
347	4.0926680215e-12
348	4.22283487371e-12
349	4.35300172592e-12
350	4.48316857813e-12
351	4.61333543034e-12
352	4.74350228255e-12
353	4.87366913476e-12
354	5.00383598697e-12
355	5.13400283918e-12
356	5.26416969139e-12
357	5.3943365436e-12
358	5.52450339581e-12
359	5.65467024802e-12
360	5.78483710023e-12
361	5.91500395244e-12
362	6.04517080465e-12
363	6.31620144457e-12
364	6.72809745443e-12
365	7.13999346428e-12
366	7.55188947414e-12
367	7.96378548399e-12
368	8.37568149384e-12
369	8.7875775037e-12
370	9.19947351355e-12
371	9.61136952341e-12
372	1.00232655333e-11
373	1.04351615431e-11
374	1.0847057553e-11
375	1.12589535628e-11
376	1.16708495727e-11
377	1.20827455825e-11
378	1.24946415924e-11
379	1.29065376022e-11
380	1.33184336121e-11
381	1.3730329622e-11
382	1.41422256318e-11
383	1.45541216417e-11
384	1.49660176515e-11
385	1.53779136614e-11
386	1.57898096712e-11
387	1.62017056811e-11
388	1.69931907002e-11
389	1.81642692864e-11
390	1.93353478726e-11
391	2.05064264588e-11
392	2.1677505045e-11
393	2.28485836311e-11
394	2.40196622173e-11
395	2.51907408035e-11
396	2.63618193897e-11
397	2.75328979758e-11
398	2.8703976562e-11
399	2.98750551482e-11
400	3.10461337344e-11
401	3.22172123205e-11
402	3.33882909067e-11
403	3.45593694929e-11
404	3.57304480791e-11
405	3.69015266653e-11
406	3.80726052514e-11
407	3.92436838376e-11
408	4.04147624238e-11
409	4.158584101e-11
410	4.27569195961e-11
411	4.39279981823e-11
412	4.50990767685e-11
413	4.60033775711e-11
414	4.66408971804e-11
415	4.72784167897e-11
416	4.7915936399e-11
417	4.85534560082e-11
418	4.91909756175e-11
419	4.98284952268e-11
420	5.04660148361e-11
421	5.11035344453e-11
422	5.17410540546e-11
423	5.23785736639e-11
424	5.30160932731e-11
425	5.36536128824e-11
426	5.42911324917e-11
427	5.4928652101e-11
428	5.55661717102e-11
429	5.62036913195e-11
430	5.68412109288e-11
431	5.74787305381e-11
432	5.81162501473e-11
433	5.87537697566e-11
434	5.93912893659e-11
435	6.00288089752e-11
436	6.06663285844e-11
437	6.13038481937e-11
438	6.19370385633e-11
439	6.25658996346e-11
440	6.31947607059e-11
441	6.38236217772e-11
442	6.44524828486e-11
443	6.50813439199e-11
444	6.57102049912e-11
445	6.63390660625e-11
446	6.69679271338e-11
447	6.75967882051e-11
448	6.82256492764e-11
449	6.88545103477e-11
450	6.9483371419e-11
451	7.01122324903e-11
452	7.07410935616e-11
453	7.13699546329e-11
454	7.19988157042e-11
455	7.26276767755e-11
456	7.32565378468e-11
457	7.38853989181e-11
458	7.45142599894e-11
459	7.51431210607e-11
460	7.5771982132e-11
461	7.64008432033e-11
462	7.70297042746e-11
463	7.9557729711e-11
464	8.39849467292e-11
465	8.84121637474e-11
466	9.28393807656e-11
467	9.72665977838e-11
468	1.01693814802e-10
469	1.0612103182e-10
470	1.10548248838e-10
471	1.14975465857e-10
472	1.19402682875e-10
473	1.23829899893e-10
474	1.28257116911e-10
475	1.32684333929e-10
476	1.37111550948e-10
477	1.41538767966e-10
478	1.45965984984e-10
479	1.50393202002e-10
480	1.5482041902e-10
481	1.59247636038e-10
482	1.63674853057e-10
483	1.68102070075e-10
484	1.72529287093e-10
485	1.76956504111e-10
486	1.81383721129e-10
487	1.85810938148e-10
488	1.88794432984e-10
489	1.9033418383e-10
490	1.91873934677e-10
491	1.93413685523e-10
492	1.94953436369e-10
493	1.96493187216e-10
494	1.98032938062e-10
495	1.99572688908e-10
496	2.01112439755e-10
497	2.02652190601e-10
498	2.04191941447e-10
499	2.05731692294e-10
500	2.0727144314e-10
501	2.08811193986e-10
502	2.10350944833e-10
503	2.11890695679e-10
504	2.13430446525e-10
505	2.14970197371e-10
506	2.16509948218e-10
507	2.18049699064e-10
508	2.1958944991e-10
509	2.21129200757e-10
510	2.22668951603e-10
511	2.24208702449e-10
512	2.25748453296e-10
513	2.28822884861e-10
514	2.33432021517e-10
515	2.38041158173e-10
516	2.42650294829e-10
517	2.47259431485e-10
518	2.51868568141e-10
519	2.56477704797e-10
520	2.61086841453e-10
521	2.65695978109e-10
522	2.70305114765e-10
523	2.74914251421e-10
524	2.79523388077e-10
525	2.84132524733e-10
526	2.88741661389e-10
527	2.93350798045e-10
528	2.97959934701e-10
529	3.02569071357e-10
530	3.07178208013e-10
531	3.11787344669e-10
532	3.16396481325e-10
533	3.21005617981e-10
534	3.25614754637e-10
535	3.30223891293e-10
536	3.34833027949e-10
537	3.39442164605e-10
538	3.41195329832e-10
539	3.40092476063e-10
540	3.38989622294e-10
541	3.37886768524e-10
542	3.36783914755e-10
543	3.35681060986e-10
544	3.34578207217e-10
545	3.33475353448e-10
546	3.32372499679e-10
547	3.3126964591e-10
548	3.30166792141e-10
549	3.29063938372e-10
550	3.27961084603e-10
551	3.26858230834e-10
552	3.25755377065e-10
553	3.24652523295e-10
554	3.23549669526e-10
555	3.22446815757e-10
556	3.21343961988e-10
557	3.20241108219e-10
558	3.1913825445e-10
559	3.18035400681e-10
560	3.16932546912e-10
561	3.15829693143e-10
562	3.14726839374e-10
563	3.15272891152e-10
564	3.17467877217e-10
565	3.19662863282e-10
566	3.21857849347e-10
567	3.24052835412e-10
568	3.26247821477e-10
569	3.28442807542e-10
570	3.30637793607e-10
571	3.32832779672e-10
572	3.35027765737e-10
573	3.37222751802e-10
574	3.39417737867e-10
575	3.41612723932e-10
576	3.43807709997e-10
577	3.46002696062e-10
578	3.48197682127e-10
579	3.50392668192e-10
580	3.52587654257e-10
581	3.54782640322e-10
582	3.56977626387e-10
583	3.59172612452e-10
584	3.61367598517e-10
585	3.63562584582e-10
586	3.65757570647e-10
587	3.67952556712e-10
588	3.69905929439e-10
589	3.71617684429e-10
590	3.7332943942e-10
591	3.7504119441e-10
592	3.76752949401e-10
593	3.78464704391e-10
594	3.80176459382e-10
595	3.81888214372e-10
596	3.83599969363e-10
597	3.85311724353e-10
598	3.87023479344e-10
599	3.88735234334e-10
600	3.90446989325e-10
601	3.92158744315e-10
602	3.93870499305e-10
603	3.95582254296e-10
604	3.97294009286e-10
605	3.99005764277e-10
606	4.00717519267e-10
607	4.02429274258e-10
608	4.04141029248e-10
609	4.05852784239e-10
610	4.07564539229e-10
611	4.0927629422e-10
612	4.1098804921e-10
613	4.11935725283e-10
614	4.12119307937e-10
615	4.12302890591e-10
616	4.12486473245e-10
617	4.12670055899e-10
618	4.12853638553e-10
619	4.13037221207e-10
620	4.13220803861e-10
621	4.13404386515e-10
622	4.13587969169e-10
623	4.13771551823e-10
624	4.13955134477e-10
625	4.14138717131e-10
626	4.14322299785e-10
627	4.14505882439e-10
628	4.14689465093e-10
629	4.14873047747e-10
630	4.15056630401e-10
631	4.15240213055e-10
632	4.15423795709e-10
633	4.15607378363e-10
634	4.15790961017e-10
635	4.15974543671e-10
636	4.16158126325e-10
637	4.16341708979e-10
638	4.05341350233e-10
639	3.83156829166e-10
640	3.609723081e-10
641	3.38787787033e-10
642	3.16603265966e-10
643	2.94418744899e-10
644	2.72234223833e-10
645	2.50049702766e-10
646	2.27865181699e-10
647	2.05680660633e-10
648	1.83496139566e-10
649	1.61311618499e-10
650	1.39127097433e-10
651	1.16942576366e-10
652	9.47580552992e-11
653	7.25735342325e-11
654	5.03890131657e-11
655	2.8204492099e-11
656	6.01997103234e-12
657	-1.61645500344e-11
658	-3.83490711011e-11
659	-6.05335921678e-11
660	-8.27181132345e-11
661	-1.04902634301e-10
662	-1.27087155368e-10
663	-1.82079333589e-10
664	-2.69879842444e-10
665	-3.57680351298e-10
666	-4.45480860153e-10
667	-5.33281369007e-10
668	-6.21081877861e-10
669	-7.08882386716e-10
670	-7.9668289557e-10
671	-8.84483404425e-10
672	-9.72283913279e-10
673	-1.06008442213e-09
674	-1.14788493099e-09
675	-1.23568543984e-09
676	-1.3234859487e-09
677	-1.41128645755e-09
678	-1.49908696641e-09
679	-1.58688747526e-09
680	-1.67468798411e-09
681	-1.76248849297e-09
682	-1.85028900182e-09
683	-1.93808951068e-09
684	-2.02589001953e-09
685	-2.11369052839e-09
686	-2.20149103724e-09
687	-2.2892915461e-09
688	-2.69478866675e-09
689	-3.41798916702e-09
690	-4.14118966729e-09
691	-4.86439016756e-09
692	-5.58759066783e-09
693	-6.3107911681e-09
694	-7.03399166837e-09
695	-7.75719216864e-09
696	-8.48039266891e-09
697	-9.20359316918e-09
698	-9.92679366945e-09
699	-1.06499941697e-08
700	-1.137319467e-08
701	-1.20963951703e-08
702	-1.28195956705e-08
703	-1.35427961708e-08
704	-1.42659966711e-08
705	-1.49891971713e-08
706	-1.57123976716e-08
707	-1.64355981719e-08
708	-1.71587986721e-08
709	-1.78819991724e-08
710	-1.86051996727e-08
711	-1.93284001729e-08
712	-2.00516006732e-08
713	-2.06018486797e-08
714	-2.0979140374e-08
715	-2.13564320683e-08
716	-2.17337237626e-08
717	-2.21110154569e-08
718	-2.24883071512e-08
719	-2.28655988455e-08
720	-2.32428905397e-08
721	-2.3620182234e-08
722	-2.39974739283e-08
723	-2.43747656226e-08
724	-2.47520573169e-08
725	-2.51293490112e-08
726	-2.55066407055e-08
727	-2.58839323998e-08
728	-2.62612240941e-08
729	-2.66385157884e-08
730	-2.70158074827e-08
731	-2.7393099177e-08
732	-2.77703908713e-08
733	-2.81476825656e-08
734	-2.85249742599e-08
735	-2.89022659542e-08
736	-2.92795576485e-08
737	-2.96568493428e-08
738	-2.97799897427e-08
739	-2.96489730403e-08
740	-2.95179563379e-08
741	-2.93869396355e-08
742	-2.92559229332e-08
743	-2.91249062308e-08
744	-2.89938895284e-08
745	-2.8862872826e-08
746	-2.87318561236e-08
747	-2.86008394212e-08
748	-2.84698227188e-08
749	-2.83388060165e-08
750	-2.82077893141e-08
751	-2.80767726117e-08
752	-2.79457559093e-08
753	-2.78147392069e-08
754	-2.76837225045e-08
755	-2.75527058021e-08
756	-2.74216890998e-08
757	-2.72906723974e-08
758	-2.7159655695e-08
759	-2.70286389926e-08
760	-2.68976222902e-08
761	-2.67666055878e-08
762	-2.66355888854e-08
763	-2.66623673012e-08
764	-2.68469445632e-08
765	-2.70315218252e-08
766	-2.72160990872e-08
767	-2.74006763493e-08
768	-2.75852536113e-08
769	-2.77698308733e-08
770	-2.79544081353e-08
771	-2.81389853974e-08
772	-2.83235626594e-08
773	-2.85081399214e-08
774	-2.86927171834e-08
775	-2.88772944454e-08
776	-2.90618717075e-08
777	-2.92464489695e-08
778	-2.94310262315e-08
779	-2.96156034935e-08
780	-2.98001807555e-08
781	-2.99847580176e-08
782	-3.01693352796e-08
783	-3.03539125416e-08
784	-3.05384898036e-08
785	-3.07230670657e-08
786	-3.09076443277e-08
787	-3.10922215897e-08
788	-3.10207895409e-08
789	-3.06933419343e-08
790	-3.03658943278e-08
791	-3.00384467212e-08
792	-2.97109991146e-08
793	-2.93835515081e-08
794	-2.90561039015e-08
795	-2.87286562949e-08
796	-2.84012086883e-08
797	-2.80737610818e-08
798	-2.77463134752e-08
799	-2.74188658686e-08
800	-2.70914182621e-08
801	-2.67639706555e-08
802	-2.64365230489e-08
803	-2.61090754423e-08
804	-2.57816278358e-08
805	-2.54541802292e-08
806	-2.51267326226e-08
807	-2.4799285016e-08
808	-2.44718374095e-08
809	-2.41443898029e-08
810	-2.38169421963e-08
811	-2.34894945898e-08
812	-2.31620469832e-08
813	-2.32108379656e-08
814	-2.36358770091e-08
815	-2.40609160527e-08
816	-2.44859550963e-08
817	-2.49109941398e-08
818	-2.53360331834e-08
819	-2.57610722269e-08
820	-2.61861112705e-08
821	-2.6611150314e-08
822	-2.70361893576e-08
823	-2.74612284011e-08
824	-2.78862674447e-08
825	-2.83113064883e-08
826	-2.87363455318e-08
827	-2.91613845754e-08
828	-2.95864236189e-08
829	-3.00114626625e-08
830	-3.0436501706e-08
831	-3.08615407496e-08
832	-3.12865797931e-08
833	-3.17116188367e-08
834	-3.21366578803e-08
835	-3.25616969238e-08
836	-3.29867359674e-08
837	-3.34117750109e-08
838	-3.36109843844e-08
839	-3.35843582275e-08
840	-3.35577320705e-08
841	-3.35311059135e-08
842	-3.35044797565e-08
843	-3.34778535996e-08
844	-3.34512274426e-08
845	-3.34246012856e-08
846	-3.33979751286e-08
847	-3.33713489717e-08
848	-3.33447228147e-08
849	-3.33180966577e-08
850	-3.32914705007e-08
851	-3.32648443438e-08
852	-3.32382181868e-08
853	-3.32115920298e-08
854	-3.31849658728e-08
855	-3.31583397159e-08
856	-3.31317135589e-08
857	-3.31050874019e-08
858	-3.30784612449e-08
859	-3.3051835088e-08
860	-3.3025208931e-08
861	-3.2998582774e-08
862	-3.2971956617e-08
863	-3.27433702398e-08
864	-3.23128182449e-08
865	-3.18822662499e-08
866	-3.1451714255e-08
867	-3.102116226e-08
868	-3.05906102651e-08
869	-3.01600582702e-08
870	-2.97295062752e-08
871	-2.92989542803e-08
872	-2.88684022853e-08
873	-2.84378502904e-08
874	-2.80072982954e-08
875	-2.75767463005e-08
876	-2.71461943056e-08
877	-2.67156423106e-08
878	-2.62850903157e-08
879	-2.58545383207e-08
880	-2.54239863258e-08
881	-2.49934343308e-08
882	-2.45628823359e-08
883	-2.4132330341e-08
884	-2.3701778346e-08
885	-2.32712263511e-08
886	-2.28406743561e-08
887	-2.24101223612e-08
888	-2.23072552872e-08
889	-2.25320821454e-08
890	-2.27569090037e-08
891	-2.29817358619e-08
892	-2.32065627202e-08
893	-2.34313895784e-08
894	-2.36562164367e-08
895	-2.3881043295e-08
896	-2.41058701532e-08
897	-2.43306970115e-08
898	-2.45555238697e-08
899	-2.4780350728e-08
900	-2.50051775862e-08
901	-2.52300044445e-08
902	-2.54548313027e-08
903	-2.5679658161e-08
904	-2.59044850192e-08
905	-2.61293118775e-08
906	-2.63541387357e-08
907	-2.6578965594e-08
908	-2.68037924522e-08
909	-2.70286193105e-08
910	-2.72534461687e-08
911	-2.7478273027e-08
912	-2.77030998853e-08
913	-2.77211321156e-08
914	-2.7532363871e-08
915	-2.73435956264e-08
916	-2.71548273818e-08
917	-2.69660591372e-08
918	-2.67772908926e-08
919	-2.6588522648e-08
920	-2.63997544034e-08
921	-2.62109861588e-08
922	-2.60222179142e-08
923	-2.58334496697e-08
924	-2.56446814251e-08
925	-2.54559131805e-08
926	-2.52671449359e-08
927	-2.50783766913e-08
928	-2.48896084467e-08
929	-2.47008402021e-08
930	-2.45120719575e-08
931	-2.43233037129e-08
932	-2.41345354683e-08
933	-2.39457672237e-08
934	-2.37569989791e-08
935	-2.35682307345e-08
936	-2.33794624899e-08
937	-2.31906942453e-08
938	-2.31227419712e-08
939	-2.31756091772e-08
940	-2.32284763832e-08
941	-2.32813435892e-08
942	-2.33342107952e-08
943	-2.33870780012e-08
944	-2.34399452072e-08
945	-2.34928124132e-08
946	-2.35456796192e-08
947	-2.35985468252e-08
948	-2.36514140312e-08
949	-2.37042812372e-08
950	-2.37571484432e-08
951	-2.38100156492e-08
952	-2.38628828552e-08
953	-2.39157500612e-08
954	-2.39686172672e-08
955	-2.40214844732e-08
956	-2.40743516792e-08
957	-2.41272188852e-08
958	-2.41800860912e-08
959	-2.42329532972e-08
960	-2.42858205032e-08
961	-2.43386877092e-08
962	-2.43915549152e-08
963	-2.42680409846e-08
964	-2.39681406569e-08
965	-2.36682403293e-08
966	-2.33683400017e-08
967	-2.30684396741e-08
968	-2.27685393465e-08
969	-2.24686390188e-08
970	-2.21687386912e-08
971	-2.18688383636e-08
972	-2.1568938036e-08
973	-2.12690377084e-08
974	-2.09691373807e-08
975	-2.06692370531e-08
976	-2.03693367255e-08
977	-2.00694363979e-08
978	-1.97695360703e-08
979	-1.94696357426e-08
980	-1.9169735415e-08
981	-1.88698350874e-08
982	-1.85699347598e-08
983	-1.82700344321e-08
984	-1.79701341045e-08
985	-1.76702337769e-08
986	-1.73703334493e-08
987	-1.70704331217e-08
988	-1.6778404431e-08
989	-1.64942476182e-08
990	-1.62100908054e-08
991	-1.59259339926e-08
992	-1.56417771798e-08
993	-1.53576203671e-08
994	-1.50734635543e-08
995	-1.47893067415e-08
996	-1.45051499287e-08
997	-1.42209931159e-08
998	-1.39368363031e-08
999	-1.36526794903e-08
1000	-1.33685226775e-08
1001	-1.30843658647e-08
1002	-1.28002090519e-08
1003	-1.25160522391e-08
1004	-1.22318954263e-08
1005	-1.19477386135e-08
1006	-1.16635818007e-08
1007	-1.13794249879e-08
1008	-1.10952681751e-08
1009	-1.08111113623e-08
1010	-1.05269545495e-08
1011	-1.02427977368e-08
1012	-9.95864092396e-09
1013	-9.60765443796e-09
1014	-9.1898361821e-09
1015	-8.77201792623e-09
1016	-8.35419967037e-09
1017	-7.93638141451e-09
1018	-7.51856315865e-09
1019	-7.10074490278e-09
1020	-6.68292664692e-09
1021	-6.26510839106e-09
1022	-5.84729013519e-09
1023	-5.42947187933e-09
1024	-5.01165362347e-09
1025	-4.5938353676e-09
1026	-4.17601711174e-09
1027	-3.75819885588e-09
1028	-3.34038060001e-09
1029	-2.92256234415e-09
1030	-2.50474408829e-09
1031	-2.08692583243e-09
1032	-1.66910757656e-09
1033	-1.2512893207e-09
1034	-8.33471064836e-10
1035	-4.15652808973e-10
1036	2.16544688984e-12
1037	4.19983702753e-10
1038	1.61345476159e-09
1039	3.58260355905e-09
1040	5.5517523565e-09
1041	7.52090115396e-09
1042	9.49004995142e-09
1043	1.14591987489e-08
1044	1.34283475463e-08
1045	1.53974963438e-08
1046	1.73666451412e-08
1047	1.93357939387e-08
1048	2.13049427361e-08
1049	2.32740915336e-08
1050	2.52432403311e-08
1051	2.72123891285e-08
1052	2.9181537926e-08
1053	3.11506867234e-08
1054	3.31198355209e-08
1055	3.50889843183e-08
1056	3.70581331158e-08
1057	3.90272819132e-08
1058	4.09964307107e-08
1059	4.29655795082e-08
1060	4.49347283056e-08
1061	4.69038771031e-08
1062	4.88730259005e-08
1063	5.42877934954e-08
1064	6.31482933263e-08
1065	7.20087931572e-08
1066	8.08692929882e-08
1067	8.97297928191e-08
1068	9.859029265e-08
1069	1.07450792481e-07
1070	1.16311292312e-07
1071	1.25171792143e-07
1072	1.34032291974e-07
1073	1.42892791805e-07
1074	1.51753291636e-07
1075	1.60613791467e-07
1076	1.69474291297e-07
1077	1.78334791128e-07
1078	1.87195290959e-07
1079	1.9605579079e-07
1080	2.04916290621e-07
1081	2.13776790452e-07
1082	2.22637290283e-07
1083	2.31497790114e-07
1084	2.40358289945e-07
1085	2.49218789776e-07
1086	2.58079289607e-07
1087	2.66939789438e-07
1088	2.95520349512e-07
1089	3.43821634341e-07
1090	3.9212291917e-07
1091	4.40424203999e-07
1092	4.88725488829e-07
1093	5.37026773658e-07
1094	5.85328058487e-07
1095	6.33629343316e-07
1096	6.81930628146e-07
1097	7.30231912975e-07
1098	7.78533197804e-07
1099	8.26834482633e-07
1100	8.75135767463e-07
1101	9.23437052292e-07
1102	9.71738337121e-07
1103	1.02003962195e-06
1104	1.06834090678e-06
1105	1.11664219161e-06
1106	1.16494347644e-06
1107	1.21324476127e-06
1108	1.2615460461e-06
1109	1.30984733093e-06
1110	1.35814861575e-06
1111	1.40644990058e-06
1112	1.45475118541e-06
1113	1.47673121949e-06
1114	1.47238909548e-06
1115	1.46804697147e-06
1116	1.46370484746e-06
1117	1.45936272345e-06
1118	1.45502059944e-06
1119	1.45067847543e-06
1120	1.44633635142e-06
1121	1.44199422741e-06
1122	1.4376521034e-06
1123	1.43330997939e-06
1124	1.42896785538e-06
1125	1.42462573137e-06
1126	1.42028360736e-06
1127	1.41594148334e-06
1128	1.41159935933e-06
1129	1.40725723532e-06
1130	1.40291511131e-06
1131	1.3985729873e-06
1132	1.39423086329e-06
1133	1.38988873928e-06
1134	1.38554661527e-06
1135	1.38120449126e-06
1136	1.37686236725e-06
1137	1.37252024324e-06
1138	1.37533829426e-06
1139	1.38531677267e-06
1140	1.39529525109e-06
1141	1.40527372951e-06
1142	1.41525220793e-06
1143	1.42523068635e-06
1144	1.43520916476e-06
1145	1.44518764318e-06
1146	1.4551661216e-06
1147	1.46514460002e-06
1148	1.47512307844e-06
1149	1.48510155686e-06
1150	1.49508003527e-06
1151	1.50505851369e-06
1152	1.51503699211e-06
1153	1.52501547053e-06
1154	1.53499394895e-06
1155	1.54497242736e-06
1156	1.55495090578e-06
1157	1.5649293842e-06
1158	1.57490786262e-06
1159	1.58488634104e-06
1160	1.59486481946e-06
1161	1.60484329787e-06
1162	1.61482177629e-06
1163	1.61363011411e-06
1164	1.60126790897e-06
1165	1.58890570383e-06
1166	1.5765434987e-06
1167	1.56418129356e-06
1168	1.55181908842e-06
1169	1.53945688328e-06
1170	1.52709467814e-06
1171	1.514732473e-06
1172	1.50237026786e-06
1173	1.49000806272e-06
1174	1.47764585758e-06
1175	1.46528365244e-06
1176	1.45292144731e-06
1177	1.44055924217e-06
1178	1.42819703703e-06
1179	1.41583483189e-06
1180	1.40347262675e-06
1181	1.39111042161e-06
1182	1.37874821647e-06
1183	1.36638601133e-06
1184	1.35402380619e-06
1185	1.34166160105e-06
1186	1.32929939592e-06
1187	1.31693719078e-06
1188	1.31485667771e-06
1189	1.32305823504e-06
1190	1.33125979238e-06
1191	1.33946134971e-06
1192	1.34766290704e-06
1193	1.35586446437e-06
1194	1.3640660217e-06
1195	1.37226757904e-06
1196	1.38046913637e-06
1197	1.3886706937e-06
1198	1.39687225103e-06
1199	1.40507380837e-06
1200	1.4132753657e-06
1201	1.42147692303e-06
1202	1.42967848036e-06
1203	1.43788003769e-06
1204	1.44608159503e-06
1205	1.45428315236e-06
1206	1.46248470969e-06
1207	1.47068626702e-06
1208	1.47888782436e-06
1209	1.48708938169e-06
1210	1.49529093902e-06
1211	1.50349249635e-06
1212	1.51169405368e-06
1213	1.5076659232e-06
1214	1.49140764542e-06
1215	1.47514936764e-06
1216	1.45889108986e-06
1217	1.44263281207e-06
1218	1.42637453429e-06
1219	1.41011625651e-06
1220	1.39385797873e-06
1221	1.37759970095e-06
1222	1.36134142317e-06
1223	1.34508314539e-06
1224	1.32882486761e-06
1225	1.31256658983e-06
1226	1.29630831205e-06
1227	1.28005003426e-06
1228	1.26379175648e-06
1229	1.2475334787e-06
1230	1.23127520092e-06
1231	1.21501692314e-06
1232	1.19875864536e-06
1233	1.18250036758e-06
1234	1.1662420898e-06
1235	1.14998381202e-06
1236	1.13372553424e-06
1237	1.11746725646e-06
1238	1.12019954967e-06
1239	1.14192314207e-06
1240	1.16364673448e-06
1241	1.18537032688e-06
1242	1.20709391929e-06
1243	1.22881751169e-06
1244	1.2505411041e-06
1245	1.2722646965e-06
1246	1.29398828891e-06
1247	1.31571188131e-06
1248	1.33743547371e-06
1249	1.35915906612e-06
1250	1.38088265852e-06
1251	1.40260625093e-06
1252	1.42432984333e-06
1253	1.44605343574e-06
1254	1.46777702814e-06
1255	1.48950062055e-06
1256	1.51122421295e-06
1257	1.53294780536e-06
1258	1.55467139776e-06
1259	1.57639499017e-06
1260	1.59811858257e-06
1261	1.61984217498e-06
1262	1.64156576738e-06
1263	1.63931134041e-06
1264	1.61307795604e-06
1265	1.58684457167e-06
1266	1.5606111873e-06
1267	1.53437780293e-06
1268	1.50814441856e-06
1269	1.48191103419e-06
1270	1.45567764982e-06
1271	1.42944426545e-06
1272	1.40321088108e-06
1273	1.37697749672e-06
1274	1.35074411235e-06
1275	1.32451072798e-06
1276	1.29827734361e-06
1277	1.27204395924e-06
1278	1.24581057487e-06
1279	1.2195771905e-06
1280	1.19334380613e-06
1281	1.16711042176e-06
1282	1.14087703739e-06
1283	1.11464365302e-06
1284	1.08841026865e-06
1285	1.06217688428e-06
1286	1.03594349992e-06
1287	1.00971011555e-06
1288	1.00164195861e-06
1289	1.01173975379e-06
1290	1.02183754897e-06
1291	1.03193534415e-06
1292	1.04203313934e-06
1293	1.05213093452e-06
1294	1.0622287297e-06
1295	1.07232652488e-06
1296	1.08242432007e-06
1297	1.09252211525e-06
1298	1.10261991043e-06
1299	1.11271770562e-06
1300	1.1228155008e-06
1301	1.13291329598e-06
1302	1.14301109116e-06
1303	1.15310888635e-06
1304	1.16320668153e-06
1305	1.17330447671e-06
1306	1.18340227189e-06
1307	1.19350006708e-06
1308	1.20359786226e-06
1309	1.21369565744e-06
1310	1.22379345263e-06
1311	1.23389124781e-06
1312	1.24398904299e-06
1313	1.24663438499e-06
1314	1.24182697073e-06
1315	1.23701955646e-06
1316	1.23221214219e-06
1317	1.22740472793e-06
1318	1.22259731366e-06
1319	1.21778989939e-06
1320	1.21298248513e-06
1321	1.20817507086e-06
1322	1.20336765659e-06
1323	1.19856024233e-06
1324	1.19375282806e-06
1325	1.1889454138e-06
1326	1.18413799953e-06
1327	1.17933058526e-06
1328	1.174523171e-06
1329	1.16971575673e-06
1330	1.16490834246e-06
1331	1.1601009282e-06
1332	1.15529351393e-06
1333	1.15048609966e-06
1334	1.1456786854e-06
1335	1.14087127113e-06
1336	1.13606385687e-06
1337	1.1312564426e-06
1338	1.12023577453e-06
1339	1.10300159515e-06
1340	1.08576741577e-06
1341	1.06853323639e-06
1342	1.05129905701e-06
1343	1.03406487763e-06
1344	1.01683069825e-06
1345	9.99596518874e-07
1346	9.82362339495e-07
1347	9.65128160116e-07
1348	9.47893980737e-07
1349	9.30659801358e-07
1350	9.13425621978e-07
1351	8.96191442599e-07
1352	8.7895726322e-07
1353	8.61723083841e-07
1354	8.44488904462e-07
1355	8.27254725083e-07
1356	8.10020545704e-07
1357	7.92786366325e-07
1358	7.75552186946e-07
1359	7.58318007567e-07
1360	7.41083828188e-07
1361	7.23849648809e-07
1362	7.06615469429e-07
1363	6.9921971098e-07
1364	7.01662788823e-07
1365	7.04105866666e-07
1366	7.0654894451e-07
1367	7.08992022353e-07
1368	7.11435100197e-07
1369	7.1387817804e-07
1370	7.16321255884e-07
1371	7.18764333727e-07
1372	7.21207411571e-07
1373	7.23650489414e-07
1374	7.26093567257e-07
1375	7.28536645101e-07
1376	7.30979722944e-07
1377	7.33422800788e-07
1378	7.35865878631e-07
1379	7.38308956475e-07
1380	7.40752034318e-07
1381	7.43195112162e-07
1382	7.45638190005e-07
1383	7.48081267849e-07
1384	7.50524345692e-07
1385	7.52967423535e-07
1386	7.55410501379e-07
1387	7.57853579222e-07
1388	7.49940135367e-07
1389	7.31669724552e-07
1390	7.13399313737e-07
1391	6.95128902922e-07
1392	6.76858492107e-07
1393	6.58588081293e-07
1394	6.40317670478e-07
1395	6.22047259663e-07
1396	6.03776848848e-07
1397	5.85506438033e-07
1398	5.67236027218e-07
1399	5.48965616403e-07
1400	5.30695205588e-07
1401	5.12424794774e-07
1402	4.94154383959e-07
1403	4.75883973144e-07
1404	4.57613562329e-07
1405	4.39343151514e-07
1406	4.21072740699e-07
1407	4.02802329884e-07
1408	3.84531919069e-07
1409	3.66261508255e-07
1410	3.4799109744e-07
1411	3.29720686625e-07
1412	3.1145027581e-07
1413	2.8940341138e-07
1414	2.63579928048e-07
1415	2.37756444716e-07
1416	2.11932961385e-07
1417	1.86109478053e-07
1418	1.60285994721e-07
1419	1.34462511389e-07
1420	1.08639028057e-07
1421	8.28155447248e-08
1422	5.69920613929e-08
1423	3.1168578061e-08
1424	5.34509472903e-09
1425	-2.04783886029e-08
1426	-4.63018719348e-08
1427	-7.21253552668e-08
1428	-9.79488385987e-08
1429	-1.23772321931e-07
1430	-1.49595805263e-07
1431	-1.75419288595e-07
1432	-2.01242771926e-07
1433	-2.27066255258e-07
1434	-2.5288973859e-07
1435	-2.78713221922e-07
1436	-3.04536705254e-07
1437	-3.30360188586e-07
1438	-3.97099953136e-07
1439	-5.04757821422e-07
1440	-6.12415689708e-07
1441	-7.20073557994e-07
1442	-8.2773142628e-07
1443	-9.35389294566e-07
1444	-1.04304716285e-06
1445	-1.15070503114e-06
1446	-1.25836289942e-06
1447	-1.36602076771e-06
1448	-1.473678636e-06
1449	-1.58133650428e-06
1450	-1.68899437257e-06
1451	-1.79665224085e-06
1452	-1.90431010914e-06
1453	-2.01196797743e-06
1454	-2.11962584571e-06
1455	-2.227283714e-06
1456	-2.33494158228e-06
1457	-2.44259945057e-06
1458	-2.55025731886e-06
1459	-2.65791518714e-06
1460	-2.76557305543e-06
1461	-2.87323092372e-06
1462	-2.980888792e-06
1463	-3.21028578836e-06
1464	-3.56142742968e-06
1465	-3.912569071e-06
1466	-4.26371071232e-06
1467	-4.61485235364e-06
1468	-4.96599399495e-06
1469	-5.31713563627e-06
1470	-5.66827727759e-06
1471	-6.01941891891e-06
1472	-6.37056056023e-06
1473	-6.72170220155e-06
1474	-7.07284384287e-06
1475	-7.42398548419e-06
1476	-7.7751271255e-06
1477	-8.12626876682e-06
1478	-8.47741040814e-06
1479	-8.82855204946e-06
1480	-9.17969369078e-06
1481	-9.5308353321e-06
1482	-9.88197697342e-06
1483	-1.02331186147e-05
1484	-1.05842602561e-05
1485	-1.09354018974e-05
1486	-1.12865435387e-05
1487	-1.163768518e-05
1488	-1.29731316877e-05
1489	-1.52929284302e-05
1490	-1.76127251728e-05
1491	-1.99325219153e-05
1492	-2.22523186579e-05
1493	-2.45721154004e-05
1494	-2.6891912143e-05
1495	-2.92117088855e-05
1496	-3.15315056281e-05
1497	-3.38513023706e-05
1498	-3.61710991132e-05
1499	-3.84908958558e-05
1500	-4.08106925983e-05
1501	-4.31304893409e-05
1502	-4.54502860834e-05
1503	-4.7770082826e-05
1504	-5.00898795685e-05
1505	-5.24096763111e-05
1506	-5.47294730536e-05
1507	-5.70492697962e-05
1508	-5.93690665387e-05
1509	-6.16888632813e-05
1510	-6.40086600238e-05
1511	-6.63284567664e-05
1512	-6.86482535089e-05
1513	-6.9629311314e-05
1514	-6.92715674395e-05
1515	-6.89138235649e-05
1516	-6.85560796904e-05
1517	-6.81983358159e-05
1518	-6.78405919413e-05
1519	-6.74828480668e-05
1520	-6.71251041923e-05
1521	-6.67673603177e-05
1522	-6.64096164432e-05
1523	-6.60518725687e-05
1524	-6.56941286941e-05
1525	-6.53363848196e-05
1526	-6.49786409451e-05
1527	-6.46208970705e-05
1528	-6.4263153196e-05
1529	-6.39054093215e-05
1530	-6.35476654469e-05
1531	-6.31899215724e-05
1532	-6.28321776979e-05
1533	-6.24744338233e-05
1534	-6.21166899488e-05
1535	-6.17589460743e-05
1536	-6.14012021997e-05
1537	-6.10434583252e-05
1538	-6.13052772621e-05
1539	-6.21866885273e-05
1540	-6.30680997924e-05
1541	-6.39495110575e-05
1542	-6.48309223227e-05
1543	-6.57123335878e-05
1544	-6.6593744853e-05
1545	-6.74751561181e-05
1546	-6.83565673833e-05
1547	-6.92379786484e-05
1548	-7.01193899135e-05
1549	-7.10008011787e-05
1550	-7.18822124438e-05
1551	-7.2763623709e-05
1552	-7.36450349741e-05
1553	-7.45264462392e-05
1554	-7.54078575044e-05
1555	-7.62892687695e-05
1556	-7.71706800347e-05
1557	-7.80520912998e-05
1558	-7.89335025649e-05
1559	-7.98149138301e-05
1560	-8.06963250952e-05
1561	-8.15777363604e-05
1562	-8.24591476255e-05
1563	-8.25924891384e-05
1564	-8.19777246804e-05
1565	-8.13629602225e-05
1566	-8.07481957646e-05
1567	-8.01334313066e-05
1568	-7.95186668487e-05
1569	-7.89039023908e-05
1570	-7.82891379328e-05
1571	-7.76743734749e-05
1572	-7.7059609017e-05
1573	-7.6444844559e-05
1574	-7.58300801011e-05
1575	-7.52153156432e-05
1576	-7.46005511853e-05
1577	-7.39857867273e-05
1578	-7.33710222694e-05
1579	-7.27562578115e-05
1580	-7.21414933535e-05
1581	-7.15267288956e-05
1582	-7.09119644377e-05
1583	-7.02971999797e-05
1584	-6.96824355218e-05
1585	-6.90676710639e-05
1586	-6.84529066059e-05
1587	-6.7838142148e-05
1588	-6.76316243049e-05
1589	-6.78333731586e-05
1590	-6.80351220122e-05
1591	-6.82368708659e-05
1592	-6.84386197195e-05
1593	-6.86403685732e-05
1594	-6.88421174268e-05
1595	-6.90438662805e-05
1596	-6.92456151342e-05
1597	-6.94473639878e-05
1598	-6.96491128415e-05
1599	-6.98508616951e-05
1600	-7.00526105488e-05
1601	-7.02543594024e-05
1602	-7.04561082561e-05
1603	-7.06578571098e-05
1604	-7.08596059634e-05
1605	-7.10613548171e-05
1606	-7.12631036707e-05
1607	-7.14648525244e-05
1608	-7.1666601378e-05
1609	-7.18683502317e-05
1610	-7.20700990854e-05
1611	-7.2271847939e-05
1612	-7.24735967927e-05
1613	-7.28334052836e-05
1614	-7.33512813093e-05
1615	-7.3869157335e-05
1616	-7.43870333607e-05
1617	-7.49049093864e-05
1618	-7.54227854121e-05
1619	-7.59406614379e-05
1620	-7.64585374636e-05
1621	-7.69764134893e-05
1622	-7.7494289515e-05
1623	-7.80121655407e-05
1624	-7.85300415664e-05
1625	-7.90479175921e-05
1626	-7.95657936178e-05
1627	-8.00836696435e-05
1628	-8.06015456692e-05
1629	-8.11194216949e-05
1630	-8.16372977206e-05
1631	-8.21551737463e-05
1632	-8.2673049772e-05
1633	-8.31909257978e-05
1634	-8.37088018235e-05
1635	-8.42266778492e-05
1636	-8.47445538749e-05
1637	-8.52624299006e-05
1638	-8.49049609226e-05
1639	-8.3672102526e-05
1640	-8.24392441293e-05
1641	-8.12063857327e-05
1642	-7.9973527336e-05
1643	-7.87406689394e-05
1644	-7.75078105428e-05
1645	-7.62749521461e-05
1646	-7.50420937495e-05
1647	-7.38092353528e-05
1648	-7.25763769562e-05
1649	-7.13435185596e-05
1650	-7.01106601629e-05
1651	-6.88778017663e-05
1652	-6.76449433696e-05
1653	-6.6412084973e-05
1654	-6.51792265763e-05
1655	-6.39463681797e-05
1656	-6.27135097831e-05
1657	-6.14806513864e-05
1658	-6.02477929898e-05
1659	-5.90149345931e-05
1660	-5.77820761965e-05
1661	-5.65492177999e-05
1662	-5.53163594032e-05
1663	-5.48150487514e-05
1664	-5.50453235299e-05
1665	-5.52755983084e-05
1666	-5.55058730869e-05
1667	-5.57361478653e-05
1668	-5.59664226438e-05
1669	-5.61966974223e-05
1670	-5.64269722008e-05
1671	-5.66572469793e-05
1672	-5.68875217577e-05
1673	-5.71177965362e-05
1674	-5.73480713147e-05
1675	-5.75783460932e-05
1676	-5.78086208717e-05
1677	-5.80388956501e-05
1678	-5.82691704286e-05
1679	-5.84994452071e-05
1680	-5.87297199856e-05
1681	-5.89599947641e-05
1682	-5.91902695425e-05
1683	-5.9420544321e-05
1684	-5.96508190995e-05
1685	-5.9881093878e-05
1686	-6.01113686565e-05
1687	-6.03416434349e-05
1688	-6.00993255946e-05
1689	-5.93843904238e-05
1690	-5.8669455253e-05
1691	-5.79545200823e-05
1692	-5.72395849115e-05
1693	-5.65246497407e-05
1694	-5.58097145699e-05
1695	-5.50947793992e-05
1696	-5.43798442284e-05
1697	-5.36649090576e-05
1698	-5.29499738869e-05
1699	-5.22350387161e-05
1700	-5.15201035453e-05
1701	-5.08051683745e-05
1702	-5.00902332038e-05
1703	-4.9375298033e-05
1704	-4.86603628622e-05
1705	-4.79454276914e-05
1706	-4.72304925207e-05
1707	-4.65155573499e-05
1708	-4.58006221791e-05
1709	-4.50856870084e-05
1710	-4.43707518376e-05
1711	-4.36558166668e-05
1712	-4.2940881496e-05
1713	-4.2643785903e-05
1714	-4.27645520601e-05
1715	-4.28853182171e-05
1716	-4.30060843742e-05
1717	-4.31268505312e-05
1718	-4.32476166883e-05
1719	-4.33683828453e-05
1720	-4.34891490023e-05
1721	-4.36099151594e-05
1722	-4.37306813164e-05
1723	-4.38514474735e-05
1724	-4.39722136305e-05
1725	-4.40929797876e-05
1726	-4.42137459446e-05
1727	-4.43345121016e-05
1728	-4.44552782587e-05
1729	-4.45760444157e-05
1730	-4.46968105728e-05
1731	-4.48175767298e-05
1732	-4.49383428869e-05
1733	-4.50591090439e-05
1734	-4.51798752009e-05
1735	-4.5300641358e-05
1736	-4.5421407515e-05
1737	-4.55421736721e-05
1738	-4.54025169274e-05
1739	-4.50024232602e-05
1740	-4.4602329593e-05
1741	-4.42022359258e-05
1742	-4.38021422587e-05
1743	-4.34020485915e-05
1744	-4.30019549243e-05
1745	-4.26018612571e-05
1746	-4.22017675899e-05
1747	-4.18016739227e-05
1748	-4.14015802555e-05
1749	-4.10014865883e-05
1750	-4.06013929211e-05
1751	-4.0201299254e-05
1752	-3.98012055868e-05
1753	-3.94011119196e-05
1754	-3.90010182524e-05
1755	-3.86009245852e-05
1756	-3.8200830918e-05
1757	-3.78007372508e-05
1758	-3.74006435836e-05
1759	-3.70005499165e-05
1760	-3.66004562493e-05
1761	-3.62003625821e-05
1762	-3.58002689149e-05
1763	-3.52636693037e-05
1764	-3.45905562933e-05
1765	-3.3917443283e-05
1766	-3.32443302727e-05
1767	-3.25712172623e-05
1768	-3.1898104252e-05
1769	-3.12249912417e-05
1770	-3.05518782314e-05
1771	-2.9878765221e-05
1772	-2.92056522107e-05
1773	-2.85325392004e-05
1774	-2.78594261901e-05
1775	-2.71863131797e-05
1776	-2.65132001694e-05
1777	-2.58400871591e-05
1778	-2.51669741487e-05
1779	-2.44938611384e-05
1780	-2.38207481281e-05
1781	-2.31476351178e-05
1782	-2.24745221074e-05
1783	-2.18014090971e-05
1784	-2.11282960868e-05
1785	-2.04551830765e-05
1786	-1.97820700661e-05
1787	-1.91089570558e-05
1788	-1.83835008126e-05
1789	-1.76056984375e-05
1790	-1.68278960623e-05
1791	-1.60500936871e-05
1792	-1.52722913119e-05
1793	-1.44944889368e-05
1794	-1.37166865616e-05
1795	-1.29388841864e-05
1796	-1.21610818112e-05
1797	-1.1383279436e-05
1798	-1.06054770609e-05
1799	-9.82767468569e-06
1800	-9.04987231051e-06
1801	-8.27206993533e-06
1802	-7.49426756015e-06
1803	-6.71646518497e-06
1804	-5.9386628098e-06
1805	-5.16086043462e-06
1806	-4.38305805944e-06
1807	-3.60525568426e-06
1808	-2.82745330908e-06
1809	-2.04965093391e-06
1810	-1.27184855873e-06
1811	-4.9404618355e-07
1812	2.83756191628e-07
1813	1.26752583473e-06
1814	2.45727431345e-06
1815	3.64702279217e-06
1816	4.83677127089e-06
1817	6.02651974961e-06
1818	7.21626822833e-06
1819	8.40601670705e-06
1820	9.59576518577e-06
1821	1.07855136645e-05
1822	1.19752621432e-05
1823	1.31650106219e-05
1824	1.43547591006e-05
1825	1.55445075794e-05
1826	1.67342560581e-05
1827	1.79240045368e-05
1828	1.91137530155e-05
1829	2.03035014942e-05
1830	2.1493249973e-05
1831	2.26829984517e-05
1832	2.38727469304e-05
1833	2.50624954091e-05
1834	2.62522438878e-05
1835	2.74419923666e-05
1836	2.86317408453e-05
1837	2.9821489324e-05
1838	3.28162772349e-05
1839	3.76162073522e-05
1840	4.24161374695e-05
1841	4.72160675869e-05
1842	5.20159977042e-05
1843	5.68159278215e-05
1844	6.16158579388e-05
1845	6.64157880561e-05
1846	7.12157181735e-05
1847	7.60156482908e-05
1848	8.08155784081e-05
1849	8.56155085254e-05
1850	9.04154386428e-05
1851	9.52153687601e-05
1852	0.000100015298877
1853	0.000104815228995
1854	0.000109615159112
1855	0.000114415089229
1856	0.000119215019347
1857	0.000124014949464
1858	0.000128814879581
1859	0.000133614809699
1860	0.000138414739816
1861	0.000143214669933
1862	0.000148014600051
1863	0.000157714347203
1864	0.00017231419417
1865	0.000186914041136
1866	0.000201513888103
1867	0.000216113735069
1868	0.000230713582036
1869	0.000245313429003
1870	0.000259913275969
1871	0.000274513122936
1872	0.000289112969902
1873	0.000303712816869
1874	0.000318312663835
1875	0.000332912510802
1876	0.000347512357769
1877	0.000362112204735
1878	0.000376712051702
1879	0.000391311898668
1880	0.000405911745635
1881	0.000420511592601
1882	0.000435111439568
1883	0.000449711286535
1884	0.000464311133501
1885	0.000478910980468
1886	0.000493510827434
1887	0.000508110674401
1888	0.000549995468624
1889	0.000619166805912
1890	0.0006883381432
1891	0.000757509480488
1892	0.000826680817777
1893	0.000895852155065
1894	0.000965023492353
1895	0.00103419482964
1896	0.00110336616693
1897	0.00117253750422
1898	0.00124170884151
1899	0.00131088017879
1900	0.00138005151608
1901	0.00144922285337
1902	0.00151839419066
1903	0.00158756552795
1904	0.00165673686523
1905	0.00172590820252
1906	0.00179507953981
1907	0.0018642508771
1908	0.00193342221439
1909	0.00200259355168
1910	0.00207176488896
1911	0.00214093622625
1912	0.00221010756354
1913	0.00226586617098
1914	0.00230821125371
1915	0.00235055633644
1916	0.00239290141917
1917	0.0024352465019
1918	0.00247759158463
1919	0.00251993666736
1920	0.0025622817501
1921	0.00260462683283
1922	0.00264697191556
1923	0.00268931699829
1924	0.00273166208102
1925	0.00277400716375
1926	0.00281635224648
1927	0.00285869732921
1928	0.00290104241194
1929	0.00294338749467
1930	0.00298573257741
1931	0.00302807766014
1932	0.00307042274287
1933	0.0031127678256
1934	0.00315511290833
1935	0.00319745799106
1936	0.00323980307379
1937	0.00328214815652
1938	0.00328390462769
1939	0.00324507005051
1940	0.00320623547333
1941	0.00316740089616
1942	0.00312856631898
1943	0.0030897317418
1944	0.00305089716462
1945	0.00301206258744
1946	0.00297322801027
1947	0.00293439343309
1948	0.00289555885591
1949	0.00285672427873
1950	0.00281788970155
1951	0.00277905512437
1952	0.0027402205472
1953	0.00270138597002
1954	0.00266255139284
1955	0.00262371681566
1956	0.00258488223848
1957	0.00254604766131
1958	0.00250721308413
1959	0.00246837850695
1960	0.00242954392977
1961	0.00239070935259
1962	0.00235187477542
1963	0.00233285906524
1964	0.00233366342728
1965	0.00233446778932
1966	0.00233527215136
1967	0.00233607651339
1968	0.00233688087543
1969	0.00233768523747
1970	0.0023384895995
1971	0.00233929396154
1972	0.00234009832358
1973	0.00234090268562
1974	0.00234170704765
1975	0.00234251140969
1976	0.00234331577173
1977	0.00234412013376
1978	0.0023449244958
1979	0.00234572885784
1980	0.00234653321988
1981	0.00234733758191
1982	0.00234814194395
1983	0.00234894630599
1984	0.00234975066802
1985	0.00235055503006
1986	0.0023513593921
1987	0.00235216375414
1988	0.00237044510739
1989	0.00240620452819
1990	0.00244196394898
1991	0.00247772336978
1992	0.00251348279058
1993	0.00254924221138
1994	0.00258500163218
1995	0.00262076105298
1996	0.00265652047377
1997	0.00269227989457
1998	0.00272803931537
1999	0.00276379873617
2000	0.00279955815697
2001	0.00283531757776
2002	0.00287107699856
2003	0.00290683641936
2004	0.00294259584016
2005	0.00297835526096
2006	0.00301411468175
2007	0.00304987410255
2008	0.00308563352335
2009	0.00312139294415
2010	0.00315715236495
2011	0.00319291178574
2012	0.00322867120654
2013	0.00323245024344
2014	0.00320424690213
2015	0.00317604356082
2016	0.00314784021951
2017	0.0031196368782
2018	0.00309143353689
2019	0.00306323019558
2020	0.00303502685428
2021	0.00300682351297
2022	0.00297862017166
2023	0.00295041683035
2024	0.00292221348904
2025	0.00289401014773
2026	0.00286580680642
2027	0.00283760346511
2028	0.0028094001238
2029	0.00278119678249
2030	0.00275299344118
2031	0.00272479009988
2032	0.00269658675857
2033	0.00266838341726
2034	0.00264018007595
2035	0.00261197673464
2036	0.00258377339333
2037	0.00255557005202
2038	0.00254838649977
2039	0.00256222406367
2040	0.00257606162757
2041	0.00258989919147
2042	0.00260373675537
2043	0.00261757431927
2044	0.00263141188316
2045	0.00264524944706
2046	0.00265908701096
2047	0.00267292457486
2048	0.00268676213876
2049	0.00270059970266
2050	0.00271443726655
2051	0.00272827483045
2052	0.00274211239435
2053	0.00275594995825
2054	0.00276978752215
2055	0.00278362508604
2056	0.00279746264994
2057	0.00281130021384
2058	0.00282513777774
2059	0.00283897534164
2060	0.00285281290554
2061	0.00286665046943
2062	0.00288048803333
2063	0.00287161644093
2064	0.00284003424089
2065	0.00280845204085
2066	0.00277686984081
2067	0.00274528764077
2068	0.00271370544073
2069	0.00268212324069
2070	0.00265054104066
2071	0.00261895884062
2072	0.00258737664058
2073	0.00255579444054
2074	0.0025242122405
2075	0.00249263004046
2076	0.00246104784042
2077	0.00242946564038
2078	0.00239788344034
2079	0.00236630124031
2080	0.00233471904027
2081	0.00230313684023
2082	0.00227155464019
2083	0.00223997244015
2084	0.00220839024011
2085	0.00217680804007
2086	0.00214522584003
2087	0.00211364363999
2088	0.00210107391689
2089	0.00210751790054
2090	0.00211396188418
2091	0.00212040586782
2092	0.00212684985146
2093	0.00213329383511
2094	0.00213973781875
2095	0.00214618180239
2096	0.00215262578604
2097	0.00215906976968
2098	0.00216551375332
2099	0.00217195773697
2100	0.00217840172061
2101	0.00218484570425
2102	0.0021912896879
2103	0.00219773367154
2104	0.00220417765518
2105	0.00221062163882
2106	0.00221706562247
2107	0.00222350960611
2108	0.00222995358975
2109	0.0022363975734
2110	0.00224284155704
2111	0.00224928554068
2112	0.00225572952433
2113	0.00227377232627
2114	0.00230341470575
2115	0.00233305708524
2116	0.00236269946472
2117	0.00239234184421
2118	0.00242198422369
2119	0.00245162660317
2120	0.00248126898266
2121	0.00251091136214
2122	0.00254055374163
2123	0.00257019612111
2124	0.0025998385006
2125	0.00262948088008
2126	0.00265912325957
2127	0.00268876563905
2128	0.00271840801854
2129	0.00274805039802
2130	0.00277769277751
2131	0.00280733515699
2132	0.00283697753647
2133	0.00286661991596
2134	0.00289626229544
2135	0.00292590467493
2136	0.00295554705441
2137	0.0029851894339
2138	0.00297988214913
2139	0.00293962288527
2140	0.0028993636214
2141	0.00285910435754
2142	0.00281884509368
2143	0.00277858582981
2144	0.00273832656595
2145	0.00269806730209
2146	0.00265780803823
2147	0.00261754877436
2148	0.0025772895105
2149	0.00253703024664
2150	0.00249677098277
2151	0.00245651171891
2152	0.00241625245505
2153	0.00237599319118
2154	0.00233573392732
2155	0.00229547466346
2156	0.00225521539959
2157	0.00221495613573
2158	0.00217469687187
2159	0.00213443760801
2160	0.00209417834414
2161	0.00205391908028
2162	0.00201365981642
2163	0.00200707019895
2164	0.00203415248402
2165	0.00206123476909
2166	0.00208831705417
2167	0.00211539933924
2168	0.00214248162431
2169	0.00216956390939
2170	0.00219664619446
2171	0.00222372847953
2172	0.0022508107646
2173	0.00227789304968
2174	0.00230497533475
2175	0.00233205761982
2176	0.0023591399049
2177	0.00238622218997
2178	0.00241330447504
2179	0.00244038676011
2180	0.00246746904519
2181	0.00249455133026
2182	0.00252163361533
2183	0.00254871590041
2184	0.00257579818548
2185	0.00260288047055
2186	0.00262996275563
2187	0.0026570450407
2188	0.00266289033541
2189	0.00264749720026
2190	0.0026321040651
2191	0.00261671092995
2192	0.0026013177948
2193	0.00258592465964
2194	0.00257053152449
2195	0.00255513838934
2196	0.00253974525418
2197	0.00252435211903
2198	0.00250895898387
2199	0.00249356584872
2200	0.00247817271357
2201	0.00246277957841
2202	0.00244738644326
2203	0.00243199330811
2204	0.00241660017295
2205	0.0024012070378
2206	0.00238581390264
2207	0.00237042076749
2208	0.00235502763234
2209	0.00233963449718
2210	0.00232424136203
2211	0.00230884822688
2212	0.00229345509172
2213	0.00229448394819
2214	0.00231193592213
2215	0.00232938789607
2216	0.00234683987001
2217	0.00236429184395
2218	0.00238174381789
2219	0.00239919579183
2220	0.00241664776577
2221	0.00243409973971
2222	0.00245155171365
2223	0.00246900368759
2224	0.00248645566153
2225	0.00250390763547
2226	0.00252135960941
2227	0.00253881158335
2228	0.00255626355729
2229	0.00257371553123
2230	0.00259116750517
2231	0.00260861947911
2232	0.00262607145305
2233	0.00264352342699
2234	0.00266097540093
2235	0.00267842737487
2236	0.00269587934881
2237	0.00271333132275
2238	0.00271068121258
2239	0.00268792762459
2240	0.00266517403659
2241	0.0026424204486
2242	0.0026196668606
2243	0.0025969132726
2244	0.00257415968461
2245	0.00255140609661
2246	0.00252865250862
2247	0.00250589892062
2248	0.00248314533263
2249	0.00246039174463
2250	0.00243763815663
2251	0.00241488456864
2252	0.00239213098064
2253	0.00236937739265
2254	0.00234662380465
2255	0.00232387021665
2256	0.00230111662866
2257	0.00227836304066
2258	0.00225560945267
2259	0.00223285586467
2260	0.00221010227667
2261	0.00218734868868
2262	0.00216459510068
2263	0.002148345129
2264	0.00213859922959
2265	0.00212885333017
2266	0.00211910743076
2267	0.00210936153134
2268	0.00209961563193
2269	0.00208986973251
2270	0.0020801238331
2271	0.00207037793368
2272	0.00206063203427
2273	0.00205088613485
2274	0.00204114023544
2275	0.00203139433602
2276	0.00202164843661
2277	0.00201190253719
2278	0.00200215663778
2279	0.00199241073836
2280	0.00198266483894
2281	0.00197291893953
2282	0.00196317304011
2283	0.0019534271407
2284	0.00194368124128
2285	0.00193393534187
2286	0.00192418944245
2287	0.00191444354304
2288	0.00187853239825
2289	0.00181645415346
2290	0.00175437590866
2291	0.00169229766387
2292	0.00163021941907
2293	0.00156814117428
2294	0.00150606292948
2295	0.00144398468468
2296	0.00138190643989
2297	0.00131982819509
2298	0.0012577499503
2299	0.0011956717055
2300	0.00113359346071
2301	0.00107151521591
2302	0.00100943697112
2303	0.00094735872632
2304	0.000885280481525
2305	0.000823202236729
2306	0.000761123991934
2307	0.000699045747138
2308	0.000636967502343
2309	0.000574889257547
2310	0.000512811012752
2311	0.000450732767956
2312	0.000388654523161
2313	0.000352595619947
2314	0.00034255792277
2315	0.000332520225593
2316	0.000322482528416
2317	0.000312444831239
2318	0.000302407134062
2319	0.000292369436885
2320	0.000282331739708
2321	0.000272294042531
2322	0.000262256345353
2323	0.000252218648176
2324	0.000242180950999
2325	0.000232143253822
2326	0.000222105556645
2327	0.000212067859468
2328	0.000202030162291
2329	0.000191992465114
2330	0.000181954767936
2331	0.000171917070759
2332	0.000161879373582
2333	0.000151841676405
2334	0.000141803979228
2335	0.000131766282051
2336	0.000121728584874
2337	0.000111690887697
2338	0.000105548162479
2339	0.000103300691338
2340	0.000101053220198
2341	9.8805749057e-05
2342	9.65582779163e-05
2343	9.43108067756e-05
2344	9.20633356349e-05
2345	8.98158644943e-05
2346	8.75683933536e-05
2347	8.53209222129e-05
2348	8.30734510722e-05
2349	8.08259799315e-05
2350	7.85785087908e-05
2351	7.63310376501e-05
2352	7.40835665094e-05
2353	7.18360953687e-05
2354	6.9588624228e-05
2355	6.73411530873e-05
2356	6.50936819466e-05
2357	6.28462108059e-05
2358	6.05987396652e-05
2359	5.83512685245e-05
2360	5.61037973838e-05
2361	5.38563262431e-05
2362	5.16088551024e-05
2363	5.00204203975e-05
2364	4.90910703736e-05
2365	4.81617203498e-05
2366	4.72323703259e-05
2367	4.63030203021e-05
2368	4.53736702782e-05
2369	4.44443202543e-05
2370	4.35149702305e-05
2371	4.25856202066e-05
2372	4.16562701827e-05
2373	4.07269201589e-05
2374	3.9797570135e-05
2375	3.88682201111e-05
2376	3.79388700873e-05
2377	3.70095200634e-05
2378	3.60801700395e-05
2379	3.51508200157e-05
2380	3.42214699918e-05
2381	3.3292119968e-05
2382	3.23627699441e-05
2383	3.14334199202e-05
2384	3.05040698964e-05
2385	2.95747198725e-05
2386	2.86453698486e-05
2387	2.77160198248e-05
2388	2.70626943432e-05
2389	2.66854138243e-05
2390	2.63081333054e-05
2391	2.59308527865e-05
2392	2.55535722676e-05
2393	2.51762917487e-05
2394	2.47990112298e-05
2395	2.44217307109e-05
2396	2.4044450192e-05
2397	2.36671696731e-05
2398	2.32898891542e-05
2399	2.29126086353e-05
2400	2.25353281165e-05
2401	2.21580475976e-05
2402	2.17807670787e-05
2403	2.14034865598e-05
2404	2.10262060409e-05
2405	2.0648925522e-05
2406	2.02716450031e-05
2407	1.98943644842e-05
2408	1.95170839653e-05
2409	1.91398034464e-05
2410	1.87625229275e-05
2411	1.83852424086e-05
2412	1.80079618897e-05
2413	1.76648964218e-05
2414	1.73560485626e-05
2415	1.70472007035e-05
2416	1.67383528443e-05
2417	1.64295049851e-05
2418	1.61206571259e-05
2419	1.58118092667e-05
2420	1.55029614075e-05
2421	1.51941135484e-05
2422	1.48852656892e-05
2423	1.457641783e-05
2424	1.42675699708e-05
2425	1.39587221116e-05
2426	1.36498742525e-05
2427	1.33410263933e-05
2428	1.30321785341e-05
2429	1.27233306749e-05
2430	1.24144828157e-05
2431	1.21056349565e-05
2432	1.17967870974e-05
2433	1.14879392382e-05
2434	1.1179091379e-05
2435	1.08702435198e-05
2436	1.05613956606e-05
2437	1.02525478015e-05
2438	1.0018194499e-05
2439	9.85834137996e-06
2440	9.69848826088e-06
2441	9.5386351418e-06
2442	9.37878202272e-06
2443	9.21892890364e-06
2444	9.05907578456e-06
2445	8.89922266548e-06
2446	8.73936954641e-06
2447	8.57951642733e-06
2448	8.41966330825e-06
2449	8.25981018917e-06
2450	8.09995707009e-06
2451	7.94010395101e-06
2452	7.78025083193e-06
2453	7.62039771285e-06
2454	7.46054459377e-06
2455	7.30069147469e-06
2456	7.14083835561e-06
2457	6.98098523653e-06
2458	6.82113211745e-06
2459	6.66127899837e-06
2460	6.5014258793e-06
2461	6.34157276022e-06
2462	6.18171964114e-06
2463	6.06924431257e-06
2464	6.00415038966e-06
2465	5.93905646675e-06
2466	5.87396254384e-06
2467	5.80886862093e-06
2468	5.74377469802e-06
2469	5.67868077511e-06
2470	5.6135868522e-06
2471	5.54849292929e-06
2472	5.48339900638e-06
2473	5.41830508348e-06
2474	5.35321116057e-06
2475	5.28811723766e-06
2476	5.22302331475e-06
2477	5.15792939184e-06
2478	5.09283546893e-06
2479	5.02774154602e-06
2480	4.96264762311e-06
2481	4.8975537002e-06
2482	4.83245977729e-06
2483	4.76736585438e-06
2484	4.70227193147e-06
2485	4.63717800856e-06
2486	4.57208408565e-06
2487	4.50699016274e-06
2488	4.41214202595e-06
2489	4.28753738185e-06
2490	4.16293273775e-06
2491	4.03832809365e-06
2492	3.91372344955e-06
2493	3.78911880545e-06
2494	3.66451416135e-06
2495	3.53990951725e-06
2496	3.41530487315e-06
2497	3.29070022905e-06
2498	3.16609558494e-06
2499	3.04149094084e-06
2500	2.91688629674e-06
2501	2.79228165264e-06
2502	2.66767700854e-06
2503	2.54307236444e-06
2504	2.41846772034e-06
2505	2.29386307624e-06
2506	2.16925843214e-06
2507	2.04465378804e-06
2508	1.92004914393e-06
2509	1.79544449983e-06
2510	1.67083985573e-06
2511	1.54623521163e-06
2512	1.42163056753e-06
2513	1.36232691414e-06
2514	1.36832933539e-06
2515	1.37433175665e-06
2516	1.38033417791e-06
2517	1.38633659917e-06
2518	1.39233902042e-06
2519	1.39834144168e-06
2520	1.40434386294e-06
2521	1.4103462842e-06
2522	1.41634870545e-06
2523	1.42235112671e-06
2524	1.42835354797e-06
2525	1.43435596923e-06
2526	1.44035839049e-06
2527	1.44636081174e-06
2528	1.452363233e-06
2529	1.45836565426e-06
2530	1.46436807552e-06
2531	1.47037049677e-06
2532	1.47637291803e-06
2533	1.48237533929e-06
2534	1.48837776055e-06
2535	1.4943801818e-06
2536	1.50038260306e-06
2537	1.50638502432e-06
2538	1.49771635134e-06
2539	1.47437543055e-06
2540	1.45103450976e-06
2541	1.42769358898e-06
2542	1.40435266819e-06
2543	1.3810117474e-06
2544	1.35767082661e-06
2545	1.33432990583e-06
2546	1.31098898504e-06
2547	1.28764806425e-06
2548	1.26430714346e-06
2549	1.24096622268e-06
2550	1.21762530189e-06
2551	1.1942843811e-06
2552	1.17094346031e-06
2553	1.14760253953e-06
2554	1.12426161874e-06
2555	1.10092069795e-06
2556	1.07757977717e-06
2557	1.05423885638e-06
2558	1.03089793559e-06
2559	1.0075570148e-06
2560	9.84216094015e-07
2561	9.60875173228e-07
2562	9.37534252441e-07
2563	9.19109831367e-07
2564	9.05602300395e-07
2565	8.92094769423e-07
2566	8.7858723845e-07
2567	8.65079707478e-07
2568	8.51572176506e-07
2569	8.38064645534e-07
2570	8.24557114561e-07
2571	8.11049583589e-07
2572	7.97542052617e-07
2573	7.84034521644e-07
2574	7.70526990672e-07
2575	7.570194597e-07
2576	7.43511928728e-07
2577	7.30004397755e-07
2578	7.16496866783e-07
2579	7.02989335811e-07
2580	6.89481804838e-07
2581	6.75974273866e-07
2582	6.62466742894e-07
2583	6.48959211922e-07
2584	6.35451680949e-07
2585	6.21944149977e-07
2586	6.08436619005e-07
2587	5.94929088032e-07
2588	5.84868448751e-07
2589	5.78254977525e-07
2590	5.716415063e-07
2591	5.65028035075e-07
2592	5.58414563849e-07
2593	5.51801092624e-07
2594	5.45187621398e-07
2595	5.38574150173e-07
2596	5.31960678947e-07
2597	5.25347207722e-07
2598	5.18733736496e-07
2599	5.12120265271e-07
2600	5.05506794045e-07
2601	4.9889332282e-07
2602	4.92279851594e-07
2603	4.85666380369e-07
2604	4.79052909143e-07
2605	4.72439437918e-07
2606	4.65825966692e-07
2607	4.59212495467e-07
2608	4.52599024241e-07
2609	4.45985553016e-07
2610	4.3937208179e-07
2611	4.32758610565e-07
2612	4.26145139339e-07
2613	4.18641836194e-07
2614	4.10248629096e-07
2615	4.01855421997e-07
2616	3.93462214898e-07
2617	3.850690078e-07
2618	3.76675800701e-07
2619	3.68282593602e-07
2620	3.59889386504e-07
2621	3.51496179405e-07
2622	3.43102972307e-07
2623	3.34709765208e-07
2624	3.26316558109e-07
2625	3.17923351011e-07
2626	3.09530143912e-07
2627	3.01136936813e-07
2628	2.92743729715e-07
2629	2.84350522616e-07
2630	2.75957315517e-07
2631	2.67564108419e-07
2632	2.5917090132e-07
2633	2.50777694221e-07
2634	2.42384487123e-07
2635	2.33991280024e-07
2636	2.25598072925e-07
2637	2.17204865827e-07
2638	2.13548920198e-07
2639	2.14630623205e-07
2640	2.15712326211e-07
2641	2.16794029218e-07
2642	2.17875732224e-07
2643	2.18957435231e-07
2644	2.20039138237e-07
2645	2.21120841244e-07
2646	2.2220254425e-07
2647	2.23284247256e-07
2648	2.24365950263e-07
2649	2.25447653269e-07
2650	2.26529356276e-07
2651	2.27611059282e-07
2652	2.28692762289e-07
2653	2.29774465295e-07
2654	2.30856168302e-07
2655	2.31937871308e-07
2656	2.33019574314e-07
2657	2.34101277321e-07
2658	2.35182980327e-07
2659	2.36264683334e-07
2660	2.3734638634e-07
2661	2.38428089347e-07
2662	2.39509792353e-07
2663	2.38287678281e-07
2664	2.34761557062e-07
2665	2.31235435842e-07
2666	2.27709314622e-07
2667	2.24183193402e-07
2668	2.20657072183e-07
2669	2.17130950963e-07
2670	2.13604829743e-07
2671	2.10078708523e-07
2672	2.06552587304e-07
2673	2.03026466084e-07
2674	1.99500344864e-07
2675	1.95974223644e-07
2676	1.92448102425e-07
2677	1.88921981205e-07
2678	1.85395859985e-07
2679	1.81869738765e-07
2680	1.78343617546e-07
2681	1.74817496326e-07
2682	1.71291375106e-07
2683	1.67765253886e-07
2684	1.64239132667e-07
2685	1.60713011447e-07
2686	1.57186890227e-07
2687	1.53660769007e-07
2688	1.50709790628e-07
2689	1.48334002984e-07
2690	1.45958215341e-07
2691	1.43582427698e-07
2692	1.41206640054e-07
2693	1.38830852411e-07
2694	1.36455064768e-07
2695	1.34079277124e-07
2696	1.31703489481e-07
2697	1.29327701837e-07
2698	1.26951914194e-07
2699	1.24576126551e-07
2700	1.22200338907e-07
2701	1.19824551264e-07
2702	1.1744876362e-07
2703	1.15072975977e-07
2704	1.12697188334e-07
2705	1.1032140069e-07
2706	1.07945613047e-07
2707	1.05569825403e-07
2708	1.0319403776e-07
2709	1.00818250117e-07
2710	9.84424624733e-08
2711	9.60666748299e-08
2712	9.36908871865e-08
2713	9.16453447993e-08
2714	8.99300754258e-08
2715	8.82148060524e-08
2716	8.64995366789e-08
2717	8.47842673055e-08
2718	8.3068997932e-08
2719	8.13537285586e-08
2720	7.96384591851e-08
2721	7.79231898117e-08
2722	7.62079204382e-08
2723	7.44926510647e-08
2724	7.27773816913e-08
2725	7.10621123178e-08
2726	6.93468429444e-08
2727	6.76315735709e-08
2728	6.59163041975e-08
2729	6.4201034824e-08
2730	6.24857654506e-08
2731	6.07704960771e-08
2732	5.90552267037e-08
2733	5.73399573302e-08
2734	5.56246879568e-08
2735	5.39094185833e-08
2736	5.21941492099e-08
2737	5.04788798364e-08
2738	4.9576498575e-08
2739	4.94870743798e-08
2740	4.93976501847e-08
2741	4.93082259895e-08
2742	4.92188017944e-08
2743	4.91293775992e-08
2744	4.90399534041e-08
2745	4.8950529209e-08
2746	4.88611050138e-08
2747	4.87716808187e-08
2748	4.86822566235e-08
2749	4.85928324284e-08
2750	4.85034082332e-08
2751	4.84139840381e-08
2752	4.8324559843e-08
2753	4.82351356478e-08
2754	4.81457114527e-08
2755	4.80562872575e-08
2756	4.79668630624e-08
2757	4.78774388672e-08
2758	4.77880146721e-08
2759	4.7698590477e-08
2760	4.76091662818e-08
2761	4.75197420867e-08
2762	4.74303178915e-08
2763	4.7259921815e-08
2764	4.70085469259e-08
2765	4.67571720367e-08
2766	4.65057971475e-08
2767	4.62544222584e-08
2768	4.60030473692e-08
2769	4.57516724801e-08
2770	4.55002975909e-08
2771	4.52489227017e-08
2772	4.49975478126e-08
2773	4.47461729234e-08
2774	4.44947980343e-08
2775	4.42434231451e-08
2776	4.39920482559e-08
2777	4.37406733668e-08
2778	4.34892984776e-08
2779	4.32379235885e-08
2780	4.29865486993e-08
2781	4.27351738101e-08
2782	4.2483798921e-08
2783	4.22324240318e-08
2784	4.19810491426e-08
2785	4.17296742535e-08
2786	4.14782993643e-08
2787	4.12269244752e-08
2788	4.08553212204e-08
2789	4.03634792152e-08
2790	3.987163721e-08
2791	3.93797952048e-08
2792	3.88879531996e-08
2793	3.83961111944e-08
2794	3.79042691892e-08
2795	3.7412427184e-08
2796	3.69205851788e-08
2797	3.64287431736e-08
2798	3.59369011684e-08
2799	3.54450591632e-08
2800	3.4953217158e-08
2801	3.44613751528e-08
2802	3.39695331476e-08
2803	3.34776911424e-08
2804	3.29858491372e-08
2805	3.2494007132e-08
2806	3.20021651268e-08
2807	3.15103231216e-08
2808	3.10184811164e-08
2809	3.05266391112e-08
2810	3.0034797106e-08
2811	2.95429551008e-08
2812	2.90511130956e-08
2813	2.86571586148e-08
2814	2.83611001894e-08
2815	2.8065041764e-08
2816	2.77689833386e-08
2817	2.74729249132e-08
2818	2.71768664878e-08
2819	2.68808080624e-08
2820	2.6584749637e-08
2821	2.62886912116e-08
2822	2.59926327862e-08
2823	2.56965743608e-08
2824	2.54005159354e-08
2825	2.510445751e-08
2826	2.48083990847e-08
2827	2.45123406593e-08
2828	2.42162822339e-08
2829	2.39202238085e-08
2830	2.36241653831e-08
2831	2.33281069577e-08
2832	2.30320485323e-08
2833	2.27359901069e-08
2834	2.24399316815e-08
2835	2.21438732561e-08
2836	2.18478148307e-08
2837	2.15517564053e-08
2838	2.11107381313e-08
2839	2.05247472631e-08
2840	1.99387563949e-08
2841	1.93527655267e-08
2842	1.87667746585e-08
2843	1.81807837903e-08
2844	1.75947929221e-08
2845	1.70088020539e-08
2846	1.64228111857e-08
2847	1.58368203176e-08
2848	1.52508294494e-08
2849	1.46648385812e-08
2850	1.4078847713e-08
2851	1.34928568448e-08
2852	1.29068659766e-08
2853	1.23208751084e-08
2854	1.17348842402e-08
2855	1.1148893372e-08
2856	1.05629025038e-08
2857	9.97691163561e-09
2858	9.39092076742e-09
2859	8.80492989922e-09
2860	8.21893903103e-09
2861	7.63294816284e-09
2862	7.04695729464e-09
2863	6.68266276612e-09
2864	6.54008424169e-09
2865	6.39750571726e-09
2866	6.25492719283e-09
2867	6.1123486684e-09
2868	5.96977014397e-09
2869	5.82719161954e-09
2870	5.68461309511e-09
2871	5.54203457069e-09
2872	5.39945604626e-09
2873	5.25687752183e-09
2874	5.1142989974e-09
2875	4.97172047297e-09
2876	4.82914194854e-09
2877	4.68656342411e-09
2878	4.54398489968e-09
2879	4.40140637526e-09
2880	4.25882785083e-09
2881	4.1162493264e-09
2882	3.97367080197e-09
2883	3.83109227754e-09
2884	3.68851375311e-09
2885	3.54593522868e-09
2886	3.40335670425e-09
2887	3.26077817982e-09
2888	3.20103715737e-09
2889	3.22414104873e-09
2890	3.24724494009e-09
2891	3.27034883146e-09
2892	3.29345272282e-09
2893	3.31655661418e-09
2894	3.33966050554e-09
2895	3.36276439691e-09
2896	3.38586828827e-09
2897	3.40897217963e-09
2898	3.432076071e-09
2899	3.45517996236e-09
2900	3.47828385372e-09
2901	3.50138774508e-09
2902	3.52449163645e-09
2903	3.54759552781e-09
2904	3.57069941917e-09
2905	3.59380331053e-09
2906	3.6169072019e-09
2907	3.64001109326e-09
2908	3.66311498462e-09
2909	3.68621887599e-09
2910	3.70932276735e-09
2911	3.73242665871e-09
2912	3.75553055007e-09
2913	3.73057648908e-09
2914	3.65756013852e-09
2915	3.58454378797e-09
2916	3.51152743742e-09
2917	3.43851108687e-09
2918	3.36549473632e-09
2919	3.29247838576e-09
2920	3.21946203521e-09
2921	3.14644568466e-09
2922	3.07342933411e-09
2923	3.00041298355e-09
2924	2.927396633e-09
2925	2.85438028245e-09
2926	2.7813639319e-09
2927	2.70834758135e-09
2928	2.63533123079e-09
2929	2.56231488024e-09
2930	2.48929852969e-09
2931	2.41628217914e-09
2932	2.34326582858e-09
2933	2.27024947803e-09
2934	2.19723312748e-09
2935	2.12421677693e-09
2936	2.05120042638e-09
2937	1.97818407582e-09
2938	1.91951998388e-09
2939	1.87520945694e-09
2940	1.83089893001e-09
2941	1.78658840307e-09
2942	1.74227787613e-09
2943	1.6979673492e-09
2944	1.65365682226e-09
2945	1.60934629533e-09
2946	1.56503576839e-09
2947	1.52072524145e-09
2948	1.47641471452e-09
2949	1.43210418758e-09
2950	1.38779366064e-09
2951	1.34348313371e-09
2952	1.29917260677e-09
2953	1.25486207983e-09
2954	1.2105515529e-09
2955	1.16624102596e-09
2956	1.12193049903e-09
2957	1.07761997209e-09
2958	1.03330944515e-09
2959	9.88998918217e-10
2960	9.44688391281e-10
2961	9.00377864345e-10
2962	8.56067337408e-10
2963	8.21937951197e-10
2964	7.97990640326e-10
2965	7.74043329455e-10
2966	7.50096018584e-10
2967	7.26148707713e-10
2968	7.02201396842e-10
2969	6.78254085971e-10
2970	6.543067751e-10
2971	6.30359464229e-10
2972	6.06412153358e-10
2973	5.82464842487e-10
2974	5.58517531616e-10
2975	5.34570220745e-10
2976	5.10622909874e-10
2977	4.86675599003e-10
2978	4.62728288132e-10
2979	4.38780977261e-10
2980	4.14833666389e-10
2981	3.90886355518e-10
2982	3.66939044647e-10
2983	3.42991733776e-10
2984	3.19044422905e-10
2985	2.95097112034e-10
2986	2.71149801163e-10
2987	2.47202490292e-10
2988	2.36322887158e-10
2989	2.38512201481e-10
2990	2.40701515805e-10
2991	2.42890830129e-10
2992	2.45080144452e-10
2993	2.47269458776e-10
2994	2.494587731e-10
2995	2.51648087424e-10
2996	2.53837401747e-10
2997	2.56026716071e-10
2998	2.58216030395e-10
2999	2.60405344718e-10
3000	2.62594659042e-10
3001	2.64783973366e-10
3002	2.66973287689e-10
3003	2.69162602013e-10
3004	2.71351916337e-10
3005	2.7354123066e-10
3006	2.75730544984e-10
3007	2.77919859308e-10
3008	2.80109173632e-10
3009	2.82298487955e-10
3010	2.84487802279e-10
3011	2.86677116603e-10
3012	2.88866430926e-10
3013	2.86380887598e-10
3014	2.79220050229e-10
3015	2.7205921286e-10
3016	2.64898375491e-10
3017	2.57737538122e-10
3018	2.50576700753e-10
3019	2.43415863384e-10
3020	2.36255026015e-10
3021	2.29094188646e-10
3022	2.21933351277e-10
3023	2.14772513908e-10
3024	2.07611676539e-10
3025	2.0045083917e-10
3026	1.93290001801e-10
3027	1.86129164432e-10
3028	1.78968327063e-10
3029	1.71807489694e-10
3030	1.64646652325e-10
3031	1.57485814956e-10
3032	1.50324977587e-10
3033	1.43164140218e-10
3034	1.36003302848e-10
3035	1.28842465479e-10
3036	1.2168162811e-10
3037	1.14520790741e-10
3038	1.11381326695e-10
3039	1.12263614474e-10
3040	1.13145902253e-10
3041	1.14028190033e-10
3042	1.14910477812e-10
3043	1.15792765591e-10
3044	1.1667505337e-10
3045	1.17557341149e-10
3046	1.18439628929e-10
3047	1.19321916708e-10
3048	1.20204204487e-10
3049	1.21086492266e-10
3050	1.21968780045e-10
3051	1.22851067825e-10
3052	1.23733355604e-10
3053	1.24615643383e-10
3054	1.25497931162e-10
3055	1.26380218941e-10
3056	1.2726250672e-10
3057	1.281447945e-10
3058	1.29027082279e-10
3059	1.29909370058e-10
3060	1.30791657837e-10
3061	1.31673945616e-10
3062	1.32556233396e-10
3063	1.33155174469e-10
3064	1.33470741949e-10
3065	1.33786309428e-10
3066	1.34101876907e-10
3067	1.34417444387e-10
3068	1.34733011866e-10
3069	1.35048579345e-10
3070	1.35364146825e-10
3071	1.35679714304e-10
3072	1.35995281783e-10
3073	1.36310849263e-10
3074	1.36626416742e-10
3075	1.36941984221e-10
3076	1.37257551701e-10
3077	1.3757311918e-10
3078	1.3788868666e-10
3079	1.38204254139e-10
3080	1.38519821618e-10
3081	1.38835389098e-10
3082	1.39150956577e-10
3083	1.39466524056e-10
3084	1.39782091536e-10
3085	1.40097659015e-10
3086	1.40413226494e-10
3087	1.40728793974e-10
3088	1.38502063573e-10
3089	1.33732792066e-10
3090	1.28963520559e-10
3091	1.24194249052e-10
3092	1.19424977545e-10
3093	1.14655706038e-10
3094	1.09886434531e-10
3095	1.05117163024e-10
3096	1.00347891517e-10
3097	9.55786200098e-11
3098	9.08093485027e-11
3099	8.60400769957e-11
3100	8.12708054886e-11
3101	7.65015339815e-11
3102	7.17322624745e-11
3103	6.69629909674e-11
3104	6.21937194603e-11
3105	5.74244479533e-11
3106	5.26551764462e-11
3107	4.78859049391e-11
3108	4.3116633432e-11
3109	3.8347361925e-11
3110	3.35780904179e-11
3111	2.88088189108e-11
3112	2.40395474038e-11
3113	2.31294300081e-11
3114	2.60788389273e-11
3115	2.90282478465e-11
3116	3.19776567657e-11
3117	3.49270656849e-11
3118	3.78764746041e-11
3119	4.08258835233e-11
3120	4.37752924425e-11
3121	4.67247013617e-11
3122	4.96741102809e-11
3123	5.26235192001e-11
3124	5.55729281193e-11
3125	5.85223370385e-11
3126	6.14717459577e-11
3127	6.44211548769e-11
3128	6.73705637961e-11
3129	7.03199727153e-11
3130	7.32693816345e-11
3131	7.62187905537e-11
3132	7.91681994729e-11
3133	8.21176083921e-11
3134	8.50670173113e-11
3135	8.80164262305e-11
3136	9.09658351497e-11
3137	9.39152440689e-11
3138	9.35314858917e-11
3139	8.98142365624e-11
3140	8.6096987233e-11
3141	8.23797379036e-11
3142	7.86624885742e-11
3143	7.49452392448e-11
3144	7.12279899154e-11
3145	6.7510740586e-11
3146	6.37934912566e-11
3147	6.00762419272e-11
3148	5.63589925978e-11
3149	5.26417432684e-11
3150	4.89244939391e-11
3151	4.52072446097e-11
3152	4.14899952803e-11
3153	3.77727459509e-11
3154	3.40554966215e-11
3155	3.03382472921e-11
3156	2.66209979627e-11
3157	2.29037486333e-11
3158	1.91864993039e-11
3159	1.54692499745e-11
3160	1.17520006451e-11
3161	8.03475131575e-12
3162	4.31750198636e-12
3163	3.02852677831e-12
3164	4.16806365359e-12
3165	5.30760052886e-12
3166	6.44713740414e-12
3167	7.58667427941e-12
3168	8.72621115469e-12
3169	9.86574802996e-12
3170	1.10052849052e-11
3171	1.21448217805e-11
3172	1.32843586558e-11
3173	1.44238955311e-11
3174	1.55634324063e-11
3175	1.67029692816e-11
3176	1.78425061569e-11
3177	1.89820430322e-11
3178	2.01215799074e-11
3179	2.12611167827e-11
3180	2.2400653658e-11
3181	2.35401905333e-11
3182	2.46797274085e-11
3183	2.58192642838e-11
3184	2.69588011591e-11
3185	2.80983380344e-11
3186	2.92378749096e-11
3187	3.03774117849e-11
3188	3.08237639404e-11
3189	3.05768629095e-11
3190	3.03299618787e-11
3191	3.00830608478e-11
3192	2.98361598169e-11
3193	2.95892587861e-11
3194	2.93423577552e-11
3195	2.90954567243e-11
3196	2.88485556935e-11
3197	2.86016546626e-11
3198	2.83547536317e-11
3199	2.81078526009e-11
3200	2.786095157e-11
3201	2.76140505391e-11
3202	2.73671495083e-11
3203	2.71202484774e-11
3204	2.68733474465e-11
3205	2.66264464157e-11
3206	2.63795453848e-11
3207	2.61326443539e-11
3208	2.58857433231e-11
3209	2.56388422922e-11
3210	2.53919412613e-11
3211	2.51450402305e-11
3212	2.48981391996e-11
3213	2.43250311468e-11
3214	2.34256835994e-11
3215	2.25263360521e-11
3216	2.16269885047e-11
3217	2.07276409574e-11
3218	1.982829341e-11
3219	1.89289458627e-11
3220	1.80295983154e-11
3221	1.7130250768e-11
3222	1.62309032207e-11
3223	1.53315556733e-11
3224	1.4432208126e-11
3225	1.35328605786e-11
3226	1.26335130313e-11
3227	1.17341654839e-11
3228	1.08348179366e-11
3229	9.93547038926e-12
3230	9.03612284191e-12
3231	8.13677529457e-12
3232	7.23742774722e-12
3233	6.33808019988e-12
3234	5.43873265253e-12
3235	4.53938510519e-12
3236	3.64003755784e-12
3237	2.7406900105e-12
3238	2.32849528412e-12
3239	2.4035022501e-12
3240	2.47850921609e-12
3241	2.55351618208e-12
3242	2.62852314806e-12
3243	2.70353011405e-12
3244	2.77853708004e-12
3245	2.85354404602e-12
3246	2.92855101201e-12
3247	3.003557978e-12
3248	3.07856494398e-12
3249	3.15357190997e-12
3250	3.22857887596e-12
3251	3.30358584194e-12
3252	3.37859280793e-12
3253	3.45359977392e-12
3254	3.5286067399e-12
3255	3.60361370589e-12
3256	3.67862067188e-12
3257	3.75362763786e-12
3258	3.82863460385e-12
3259	3.90364156984e-12
3260	3.97864853582e-12
3261	4.05365550181e-12
3262	4.1286624678e-12
3263	4.23928230981e-12
3264	4.38551862815e-12
3265	4.53175494649e-12
3266	4.67799126483e-12
3267	4.82422758317e-12
3268	4.97046390151e-12
3269	5.11670021985e-12
3270	5.26293653819e-12
3271	5.40917285653e-12
3272	5.55540917487e-12
3273	5.70164549321e-12
3274	5.84788181155e-12
3275	5.99411812989e-12
3276	6.14035444823e-12
3277	6.28659076657e-12
3278	6.43282708491e-12
3279	6.57906340325e-12
3280	6.72529972159e-12
3281	6.87153603993e-12
3282	7.01777235827e-12
3283	7.16400867661e-12
3284	7.31024499495e-12
3285	7.45648131329e-12
3286	7.60271763163e-12
3287	7.74895394997e-12
3288	7.61098066963e-12
3289	7.18876883821e-12
3290	6.7665570068e-12
3291	6.34434517538e-12
3292	5.92213334396e-12
3293	5.49992151254e-12
3294	5.07770968112e-12
3295	4.65549784971e-12
3296	4.23328601829e-12
3297	3.81107418687e-12
3298	3.38886235545e-12
3299	2.96665052403e-12
3300	2.54443869261e-12
3301	2.1222268612e-12
3302	1.70001502978e-12
3303	1.27780319836e-12
3304	8.55591366942e-13
3305	4.33379535524e-13
3306	1.11677041059e-14
3307	-4.11044127312e-13
3308	-8.3325595873e-13
3309	-1.25546779015e-12
3310	-1.67767962157e-12
3311	-2.09989145298e-12
3312	-2.5221032844e-12
3313	-2.733220034e-12
3314	-2.733220034e-12
3315	-2.733220034e-12
3316	-2.733220034e-12
3317	-2.733220034e-12
3318	-2.733220034e-12
3319	-2.733220034e-12
3320	-2.733220034e-12
3321	-2.733220034e-12
3322	-2.733220034e-12
3323	-2.733220034e-12
3324	-2.733220034e-12
