50	-1.87871501241e-14
51	-1.90558624389e-14
52	-1.93245747537e-14
53	-1.95932870686e-14
54	-1.98619993834e-14
55	-2.01307116983e-14
56	-2.03994240131e-14
57	-2.06681363279e-14
58	-2.09368486428e-14
59	-2.12055609576e-14
60	-2.14742732725e-14
61	-2.17429855873e-14
62	-2.20116979021e-14
63	-2.23624625672e-14
64	-2.27952797414e-14
65	-2.32280969157e-14
66	-2.36609140899e-14
67	-2.40937312641e-14
68	-2.45265484384e-14
69	-2.49593656126e-14
70	-2.53921827868e-14
71	-2.5824999961e-14
72	-2.62578171353e-14
73	-2.66906343095e-14
74	-2.71234514837e-14
75	-2.75562686579e-14
76	-2.79890858322e-14
77	-2.84219030064e-14
78	-2.88547201806e-14
79	-2.92875373548e-14
80	-2.97203545291e-14
81	-3.01531717033e-14
82	-3.05859888775e-14
83	-3.10188060517e-14
84	-3.1451623226e-14
85	-3.18844404002e-14
86	-3.23172575744e-14
87	-3.27500747486e-14
88	-3.32329108794e-14
89	-3.37657661023e-14
90	-3.42986213253e-14
91	-3.48314765482e-14
92	-3.53643317712e-14
93	-3.58971869941e-14
94	-3.6430042217e-14
95	-3.696289744e-14
96	-3.74957526629e-14
97	-3.80286078858e-14
98	-3.85614631088e-14
99	-3.90943183317e-14
100	-3.96271735546e-14
101	-4.01600287776e-14
102	-4.06928840005e-14
103	-4.12257392235e-14
104	-4.17585944464e-14
105	-4.22914496693e-14
106	-4.28243048923e-14
107	-4.33571601152e-14
108	-4.38900153381e-14
109	-4.44228705611e-14
110	-4.4955725784e-14
111	-4.5488581007e-14
112	-4.60214362299e-14
113	-4.66357842142e-14
114	-4.7331625244e-14
115	-4.80274662739e-14
116	-4.87233073037e-14
117	-4.94191483335e-14
118	-5.01149893633e-14
119	-5.08108303931e-14
120	-5.15066714229e-14
121	-5.22025124527e-14
122	-5.28983534825e-14
123	-5.35941945124e-14
124	-5.42900355422e-14
125	-5.4985876572e-14
126	-5.56817176018e-14
127	-5.63775586316e-14
128	-5.70733996614e-14
129	-5.77692406912e-14
130	-5.84650817211e-14
131	-5.91609227509e-14
132	-5.98567637807e-14
133	-6.05526048105e-14
134	-6.12484458403e-14
135	-6.19442868701e-14
136	-6.26401278999e-14
137	-6.33359689298e-14
138	-6.40857380045e-14
139	-6.48894353539e-14
140	-6.56931327034e-14
141	-6.64968300528e-14
142	-6.73005274023e-14
143	-6.81042247517e-14
144	-6.89079221012e-14
145	-6.97116194506e-14
146	-7.05153168001e-14
147	-7.13190141495e-14
148	-7.2122711499e-14
149	-7.29264088484e-14
150	-7.37301061978e-14
151	-7.45338035473e-14
152	-7.53375008967e-14
153	-7.61411982462e-14
154	-7.69448955956e-14
155	-7.77485929451e-14
156	-7.85522902945e-14
157	-7.9355987644e-14
158	-8.01596849934e-14
159	-8.09633823428e-14
160	-8.17670796923e-14
161	-8.25707770417e-14
162	-8.33744743912e-14
163	-8.40741949275e-14
164	-8.46699381272e-14
165	-8.52656813269e-14
166	-8.58614245266e-14
167	-8.64571677263e-14
168	-8.7052910926e-14
169	-8.76486541257e-14
170	-8.82443973253e-14
171	-8.8840140525e-14
172	-8.94358837247e-14
173	-9.00316269244e-14
174	-9.06273701241e-14
175	-9.12231133238e-14
176	-9.18188565235e-14
177	-9.24145997232e-14
178	-9.30103429229e-14
179	-9.36060861226e-14
180	-9.42018293223e-14
181	-9.47975725219e-14
182	-9.53933157216e-14
183	-9.59890589213e-14
184	-9.6584802121e-14
185	-9.71805453207e-14
186	-9.77762885204e-14
187	-9.83720317201e-14
188	-9.83973646076e-14
189	-9.78522838691e-14
190	-9.73072031305e-14
191	-9.6762122392e-14
192	-9.62170416534e-14
193	-9.56719609149e-14
194	-9.51268801764e-14
195	-9.45817994378e-14
196	-9.40367186993e-14
197	-9.34916379607e-14
198	-9.29465572222e-14
199	-9.24014764836e-14
200	-9.18563957451e-14
201	-9.13113150065e-14
202	-9.0766234268e-14
203	-9.02211535294e-14
204	-8.96760727909e-14
205	-8.91309920523e-14
206	-8.85859113138e-14
207	-8.80408305752e-14
208	-8.74957498367e-14
209	-8.69506690981e-14
210	-8.64055883596e-14
211	-8.5860507621e-14
212	-8.53154268825e-14
213	-8.18950221583e-14
214	-7.5599274516e-14
215	-6.93035268736e-14
216	-6.30077792313e-14
217	-5.6712031589e-14
218	-5.04162839467e-14
219	-4.41205363044e-14
220	-3.78247886621e-14
221	-3.15290410198e-14
222	-2.52332933775e-14
223	-1.89375457352e-14
224	-1.26417980929e-14
225	-6.34605045055e-15
226	-5.0302808239e-17
227	6.24544483407e-15
228	1.25411924764e-14
229	1.88369401187e-14
230	2.5132687761e-14
231	3.14284354033e-14
232	3.77241830456e-14
233	4.40199306879e-14
234	5.03156783302e-14
235	5.66114259725e-14
236	6.29071736149e-14
237	6.92029212572e-14
238	9.87329380566e-14
239	1.51497394996e-13
240	2.04261851935e-13
241	2.57026308875e-13
242	3.09790765814e-13
243	3.62555222753e-13
244	4.15319679692e-13
245	4.68084136632e-13
246	5.20848593571e-13
247	5.7361305051e-13
248	6.2637750745e-13
249	6.79141964389e-13
250	7.31906421328e-13
251	7.84670878268e-13
252	8.37435335207e-13
253	8.90199792146e-13
254	9.42964249085e-13
255	9.95728706025e-13
256	1.04849316296e-12
257	1.1012576199e-12
258	1.15402207684e-12
259	1.20678653378e-12
260	1.25955099072e-12
261	1.31231544766e-12
262	1.3650799046e-12
263	1.62320654178e-12
264	2.08669702957e-12
265	2.55018751736e-12
266	3.01367800514e-12
267	3.47716849293e-12
268	3.94065898071e-12
269	4.4041494685e-12
270	4.86763995629e-12
271	5.33113044407e-12
272	5.79462093186e-12
273	6.25811141964e-12
274	6.72160190743e-12
275	7.18509239522e-12
276	7.648582883e-12
277	8.11207337079e-12
278	8.57556385857e-12
279	9.03905434636e-12
280	9.50254483415e-12
281	9.96603532193e-12
282	1.04295258097e-11
283	1.08930162975e-11
284	1.13565067853e-11
285	1.18199972731e-11
286	1.22834877609e-11
287	1.27469782486e-11
288	1.51471337306e-11
289	1.94839714591e-11
290	2.38208091877e-11
291	2.81576469163e-11
292	3.24944846448e-11
293	3.68313223734e-11
294	4.1168160102e-11
295	4.55049978305e-11
296	4.98418355591e-11
297	5.41786732877e-11
298	5.85155110162e-11
299	6.28523487448e-11
300	6.71891864734e-11
301	7.15260242019e-11
302	7.58628619305e-11
303	8.01996996591e-11
304	8.45365373876e-11
305	8.88733751162e-11
306	9.32102128448e-11
307	9.75470505733e-11
308	1.01883888302e-10
309	1.0622072603e-10
310	1.10557563759e-10
311	1.14894401488e-10
312	1.19231239216e-10
313	1.03510762204e-10
314	6.77327762351e-11
315	3.19547902664e-11
316	-3.8231957022e-12
317	-3.96011816708e-11
318	-7.53791676395e-11
319	-1.11157153608e-10
320	-1.46935139577e-10
321	-1.82713125545e-10
322	-2.18491111514e-10
323	-2.54269097483e-10
324	-2.90047083451e-10
325	-3.2582506942e-10
326	-3.61603055388e-10
327	-3.97381041357e-10
328	-4.33159027326e-10
329	-4.68937013294e-10
330	-5.04714999263e-10
331	-5.40492985232e-10
332	-5.762709712e-10
333	-6.12048957169e-10
334	-6.47826943137e-10
335	-6.83604929106e-10
336	-7.19382915075e-10
337	-7.55160901043e-10
338	-7.80588152598e-10
339	-7.95664561494e-10
340	-8.10740970391e-10
341	-8.25817379287e-10
342	-8.40893788183e-10
343	-8.55970197079e-10
344	-8.71046605976e-10
345	-8.86123014872e-10
346	-9.01199423768e-10
347	-9.16275832664e-10
348	-9.31352241561e-10
349	-9.46428650457e-10
350	-9.61505059353e-10
351	-9.76581468249e-10
352	-9.91657877146e-10
353	-1.00673428604e-09
354	-1.02181069494e-09
355	-1.03688710383e-09
356	-1.05196351273e-09
357	-1.06703992163e-09
358	-1.08211633052e-09
359	-1.09719273942e-09
360	-1.11226914832e-09
361	-1.12734555721e-09
362	-1.14242196611e-09
363	-1.15304681608e-09
364	-1.15922005712e-09
365	-1.16539329816e-09
366	-1.17156653921e-09
367	-1.17773978025e-09
368	-1.18391302129e-09
369	-1.19008626234e-09
370	-1.19625950338e-09
371	-1.20243274442e-09
372	-1.20860598547e-09
373	-1.21477922651e-09
374	-1.22095246755e-09
375	-1.2271257086e-09
376	-1.23329894964e-09
377	-1.23947219068e-09
378	-1.24564543173e-09
379	-1.25181867277e-09
380	-1.25799191381e-09
381	-1.26416515485e-09
382	-1.2703383959e-09
383	-1.27651163694e-09
384	-1.28268487798e-09
385	-1.28885811903e-09
386	-1.29503136007e-09
387	-1.30120460111e-09
388	-1.38097311952e-09
389	-1.53433779894e-09
390	-1.68770247836e-09
391	-1.84106715778e-09
392	-1.9944318372e-09
393	-2.14779651663e-09
394	-2.30116119605e-09
395	-2.45452587547e-09
396	-2.60789055489e-09
397	-2.76125523431e-09
398	-2.91461991373e-09
399	-3.06798459315e-09
400	-3.22134927258e-09
401	-3.374713952e-09
402	-3.52807863142e-09
403	-3.68144331084e-09
404	-3.83480799026e-09
405	-3.98817266968e-09
406	-4.1415373491e-09
407	-4.29490202852e-09
408	-4.44826670795e-09
409	-4.60163138737e-09
410	-4.75499606679e-09
411	-4.90836074621e-09
412	-5.06172542563e-09
413	-5.14400948908e-09
414	-5.15521202804e-09
415	-5.166414567e-09
416	-5.17761710596e-09
417	-5.18881964492e-09
418	-5.20002218388e-09
419	-5.21122472283e-09
420	-5.22242726179e-09
421	-5.23362980075e-09
422	-5.24483233971e-09
423	-5.25603487867e-09
424	-5.26723741763e-09
425	-5.27843995659e-09
426	-5.28964249554e-09
427	-5.3008450345e-09
428	-5.31204757346e-09
429	-5.32325011242e-09
430	-5.33445265138e-09
431	-5.34565519034e-09
432	-5.3568577293e-09
433	-5.36806026826e-09
434	-5.37926280721e-09
435	-5.39046534617e-09
436	-5.40166788513e-09
437	-5.41287042409e-09
438	-5.3994046719e-09
439	-5.36127029415e-09
440	-5.3231359164e-09
441	-5.28500153865e-09
442	-5.2468671609e-09
443	-5.20873278315e-09
444	-5.17059840541e-09
445	-5.13246402766e-09
446	-5.09432964991e-09
447	-5.05619527216e-09
448	-5.01806089441e-09
449	-4.97992651666e-09
450	-4.94179213891e-09
451	-4.90365776116e-09
452	-4.86552338342e-09
453	-4.82738900567e-09
454	-4.78925462792e-09
455	-4.75112025017e-09
456	-4.71298587242e-09
457	-4.67485149467e-09
458	-4.63671711692e-09
459	-4.59858273917e-09
460	-4.56044836142e-09
461	-4.52231398368e-09
462	-4.48417960593e-09
463	-4.66741469869e-09
464	-5.07202243437e-09
465	-5.47663017006e-09
466	-5.88123790575e-09
467	-6.28584564144e-09
468	-6.69045337713e-09
469	-7.09506111282e-09
470	-7.4996688485e-09
471	-7.90427658419e-09
472	-8.30888431988e-09
473	-8.71349205557e-09
474	-9.11809979126e-09
475	-9.52270752694e-09
476	-9.92731526263e-09
477	-1.03319229983e-08
478	-1.0736530734e-08
479	-1.11411384697e-08
480	-1.15457462054e-08
481	-1.19503539411e-08
482	-1.23549616768e-08
483	-1.27595694125e-08
484	-1.31641771481e-08
485	-1.35687848838e-08
486	-1.39733926195e-08
487	-1.43780003552e-08
488	-1.46042649172e-08
489	-1.46521836114e-08
490	-1.47001023057e-08
491	-1.47480209999e-08
492	-1.47959396942e-08
493	-1.48438583884e-08
494	-1.48917770827e-08
495	-1.4939695777e-08
496	-1.49876144712e-08
497	-1.50355331655e-08
498	-1.50834518597e-08
499	-1.5131370554e-08
500	-1.51792892482e-08
501	-1.52272079425e-08
502	-1.52751266368e-08
503	-1.5323045331e-08
504	-1.53709640253e-08
505	-1.54188827195e-08
506	-1.54668014138e-08
507	-1.5514720108e-08
508	-1.55626388023e-08
509	-1.56105574965e-08
510	-1.56584761908e-08
511	-1.57063948851e-08
512	-1.57543135793e-08
513	-1.58276102662e-08
514	-1.59262853486e-08
515	-1.6024960431e-08
516	-1.61236355135e-08
517	-1.62223105959e-08
518	-1.63209856784e-08
519	-1.64196607608e-08
520	-1.65183358433e-08
521	-1.66170109257e-08
522	-1.67156860082e-08
523	-1.68143610906e-08
524	-1.6913036173e-08
525	-1.70117112555e-08
526	-1.71103863379e-08
527	-1.72090614204e-08
528	-1.73077365028e-08
529	-1.74064115853e-08
530	-1.75050866677e-08
531	-1.76037617501e-08
532	-1.77024368326e-08
533	-1.7801111915e-08
534	-1.78997869975e-08
535	-1.79984620799e-08
536	-1.80971371624e-08
537	-1.81958122448e-08
538	-1.823011084e-08
539	-1.82000318756e-08
540	-1.81699529113e-08
541	-1.8139873947e-08
542	-1.81097949827e-08
543	-1.80797160184e-08
544	-1.80496370541e-08
545	-1.80195580898e-08
546	-1.79894791255e-08
547	-1.79594001612e-08
548	-1.79293211969e-08
549	-1.78992422326e-08
550	-1.78691632683e-08
551	-1.7839084304e-08
552	-1.78090053397e-08
553	-1.77789263754e-08
554	-1.77488474111e-08
555	-1.77187684468e-08
556	-1.76886894824e-08
557	-1.76586105181e-08
558	-1.76285315538e-08
559	-1.75984525895e-08
560	-1.75683736252e-08
561	-1.75382946609e-08
562	-1.75082156966e-08
563	-1.74713281135e-08
564	-1.74276317929e-08
565	-1.73839354722e-08
566	-1.73402391516e-08
567	-1.7296542831e-08
568	-1.72528465104e-08
569	-1.72091501897e-08
570	-1.71654538691e-08
571	-1.71217575485e-08
572	-1.70780612279e-08
573	-1.70343649072e-08
574	-1.69906685866e-08
575	-1.6946972266e-08
576	-1.69032759454e-08
577	-1.68595796247e-08
578	-1.68158833041e-08
579	-1.67721869835e-08
580	-1.67284906629e-08
581	-1.66847943422e-08
582	-1.66410980216e-08
583	-1.6597401701e-08
584	-1.65537053804e-08
585	-1.65100090598e-08
586	-1.64663127391e-08
587	-1.64226164185e-08
588	-1.64093799949e-08
589	-1.64266040229e-08
590	-1.64438280509e-08
591	-1.64610520789e-08
592	-1.64782761069e-08
593	-1.64955001349e-08
594	-1.65127241628e-08
595	-1.65299481908e-08
596	-1.65471722188e-08
597	-1.65643962468e-08
598	-1.65816202748e-08
599	-1.65988443028e-08
600	-1.66160683307e-08
601	-1.66332923587e-08
602	-1.66505163867e-08
603	-1.66677404147e-08
604	-1.66849644427e-08
605	-1.67021884707e-08
606	-1.67194124986e-08
607	-1.67366365266e-08
608	-1.67538605546e-08
609	-1.67710845826e-08
610	-1.67883086106e-08
611	-1.68055326386e-08
612	-1.68227566665e-08
613	-1.67266759131e-08
614	-1.65172882278e-08
615	-1.63079005425e-08
616	-1.60985128572e-08
617	-1.58891251719e-08
618	-1.56797374866e-08
619	-1.54703498014e-08
620	-1.52609621161e-08
621	-1.50515744308e-08
622	-1.48421867455e-08
623	-1.46327990602e-08
624	-1.44234113749e-08
625	-1.42140236896e-08
626	-1.40046360043e-08
627	-1.37952483191e-08
628	-1.35858606338e-08
629	-1.33764729485e-08
630	-1.31670852632e-08
631	-1.29576975779e-08
632	-1.27483098926e-08
633	-1.25389222073e-08
634	-1.2329534522e-08
635	-1.21201468368e-08
636	-1.19107591515e-08
637	-1.17013714662e-08
638	-1.10476164202e-08
639	-9.94948523577e-09
640	-8.85135405133e-09
641	-7.75322286689e-09
642	-6.65509168246e-09
643	-5.55696049802e-09
644	-4.45882931358e-09
645	-3.36069812914e-09
646	-2.2625669447e-09
647	-1.16443576026e-09
648	-6.63045758235e-11
649	1.03182660862e-09
650	2.12995779305e-09
651	3.22808897749e-09
652	4.32622016193e-09
653	5.42435134637e-09
654	6.52248253081e-09
655	7.62061371525e-09
656	8.71874489969e-09
657	9.81687608412e-09
658	1.09150072686e-08
659	1.2013138453e-08
660	1.31112696374e-08
661	1.42094008219e-08
662	1.53075320063e-08
663	1.78030071803e-08
664	2.16958550288e-08
665	2.55887028772e-08
666	2.94815507256e-08
667	3.3374398574e-08
668	3.72672464224e-08
669	4.11600942708e-08
670	4.50529421192e-08
671	4.89457899676e-08
672	5.2838637816e-08
673	5.67314856644e-08
674	6.06243335128e-08
675	6.45171813612e-08
676	6.84100292097e-08
677	7.23028770581e-08
678	7.61957249065e-08
679	8.00885727549e-08
680	8.39814206033e-08
681	8.78742684517e-08
682	9.17671163001e-08
683	9.56599641485e-08
684	9.95528119969e-08
685	1.03445659845e-07
686	1.07338507694e-07
687	1.11231355542e-07
688	1.28475011074e-07
689	1.59069758697e-07
690	1.8966450632e-07
691	2.20259253943e-07
692	2.50854001566e-07
693	2.81448749189e-07
694	3.12043496812e-07
695	3.42638244435e-07
696	3.73232992058e-07
697	4.03827739681e-07
698	4.34422487304e-07
699	4.65017234927e-07
700	4.9561198255e-07
701	5.26206730173e-07
702	5.56801477796e-07
703	5.87396225419e-07
704	6.17990973042e-07
705	6.48585720665e-07
706	6.79180468288e-07
707	7.09775215911e-07
708	7.40369963535e-07
709	7.70964711158e-07
710	8.01559458781e-07
711	8.32154206404e-07
712	8.62748954027e-07
713	8.87942508322e-07
714	9.07734750046e-07
715	9.27526991769e-07
716	9.47319233493e-07
717	9.67111475216e-07
718	9.8690371694e-07
719	1.00669595866e-06
720	1.02648820039e-06
721	1.04628044211e-06
722	1.06607268383e-06
723	1.08586492556e-06
724	1.10565716728e-06
725	1.125449409e-06
726	1.14524165073e-06
727	1.16503389245e-06
728	1.18482613418e-06
729	1.2046183759e-06
730	1.22441061762e-06
731	1.24420285935e-06
732	1.26399510107e-06
733	1.28378734279e-06
734	1.30357958452e-06
735	1.32337182624e-06
736	1.34316406796e-06
737	1.36295630969e-06
738	1.36911659182e-06
739	1.36164460284e-06
740	1.35417261386e-06
741	1.34670062489e-06
742	1.33922863591e-06
743	1.33175664693e-06
744	1.32428465795e-06
745	1.31681266897e-06
746	1.30934068e-06
747	1.30186869102e-06
748	1.29439670204e-06
749	1.28692471306e-06
750	1.27945272408e-06
751	1.27198073511e-06
752	1.26450874613e-06
753	1.25703675715e-06
754	1.24956476817e-06
755	1.24209277919e-06
756	1.23462079022e-06
757	1.22714880124e-06
758	1.21967681226e-06
759	1.21220482328e-06
760	1.20473283431e-06
761	1.19726084533e-06
762	1.18978885635e-06
763	1.19104132203e-06
764	1.20101844849e-06
765	1.21099557495e-06
766	1.22097270142e-06
767	1.23094982788e-06
768	1.24092695434e-06
769	1.25090408081e-06
770	1.26088120727e-06
771	1.27085833373e-06
772	1.2808354602e-06
773	1.29081258666e-06
774	1.30078971312e-06
775	1.31076683959e-06
776	1.32074396605e-06
777	1.33072109251e-06
778	1.34069821898e-06
779	1.35067534544e-06
780	1.3606524719e-06
781	1.37062959837e-06
782	1.38060672483e-06
783	1.39058385129e-06
784	1.40056097776e-06
785	1.41053810422e-06
786	1.42051523068e-06
787	1.43049235714e-06
788	1.42354879168e-06
789	1.39968412139e-06
790	1.3758194511e-06
791	1.35195478081e-06
792	1.32809011053e-06
793	1.30422544024e-06
794	1.28036076995e-06
795	1.25649609966e-06
796	1.23263142938e-06
797	1.20876675909e-06
798	1.1849020888e-06
799	1.16103741851e-06
800	1.13717274823e-06
801	1.11330807794e-06
802	1.08944340765e-06
803	1.06557873736e-06
804	1.04171406708e-06
805	1.01784939679e-06
806	9.939847265e-07
807	9.70120056212e-07
808	9.46255385925e-07
809	9.22390715637e-07
810	8.98526045349e-07
811	8.74661375062e-07
812	8.50796704774e-07
813	8.54965355027e-07
814	8.87168031588e-07
815	9.19370708149e-07
816	9.5157338471e-07
817	9.83776061271e-07
818	1.01597873783e-06
819	1.04818141439e-06
820	1.08038409095e-06
821	1.11258676752e-06
822	1.14478944408e-06
823	1.17699212064e-06
824	1.2091947972e-06
825	1.24139747376e-06
826	1.27360015032e-06
827	1.30580282688e-06
828	1.33800550344e-06
829	1.37020818e-06
830	1.40241085656e-06
831	1.43461353313e-06
832	1.46681620969e-06
833	1.49901888625e-06
834	1.53122156281e-06
835	1.56342423937e-06
836	1.59562691593e-06
837	1.62782959249e-06
838	1.64241271312e-06
839	1.63937582056e-06
840	1.63633892801e-06
841	1.63330203546e-06
842	1.63026514291e-06
843	1.62722825036e-06
844	1.62419135781e-06
845	1.62115446525e-06
846	1.6181175727e-06
847	1.61508068015e-06
848	1.6120437876e-06
849	1.60900689505e-06
850	1.6059700025e-06
851	1.60293310995e-06
852	1.59989621739e-06
853	1.59685932484e-06
854	1.59382243229e-06
855	1.59078553974e-06
856	1.58774864719e-06
857	1.58471175464e-06
858	1.58167486208e-06
859	1.57863796953e-06
860	1.57560107698e-06
861	1.57256418443e-06
862	1.56952729188e-06
863	1.55952387526e-06
864	1.54255374839e-06
865	1.52558362151e-06
866	1.50861349464e-06
867	1.49164336777e-06
868	1.4746732409e-06
869	1.45770311403e-06
870	1.44073298716e-06
871	1.42376286028e-06
872	1.40679273341e-06
873	1.38982260654e-06
874	1.37285247967e-06
875	1.3558823528e-06
876	1.33891222593e-06
877	1.32194209906e-06
878	1.30497197218e-06
879	1.28800184531e-06
880	1.27103171844e-06
881	1.25406159157e-06
882	1.2370914647e-06
883	1.22012133783e-06
884	1.20315121095e-06
885	1.18618108408e-06
886	1.16921095721e-06
887	1.15224083034e-06
888	1.14725040379e-06
889	1.15424000702e-06
890	1.16122961024e-06
891	1.16821921346e-06
892	1.17520881669e-06
893	1.18219841991e-06
894	1.18918802313e-06
895	1.19617762636e-06
896	1.20316722958e-06
897	1.2101568328e-06
898	1.21714643602e-06
899	1.22413603925e-06
900	1.23112564247e-06
901	1.23811524569e-06
902	1.24510484892e-06
903	1.25209445214e-06
904	1.25908405536e-06
905	1.26607365859e-06
906	1.27306326181e-06
907	1.28005286503e-06
908	1.28704246825e-06
909	1.29403207148e-06
910	1.3010216747e-06
911	1.30801127792e-06
912	1.31500088115e-06
913	1.31661187437e-06
914	1.3128441055e-06
915	1.30907633664e-06
916	1.30530856778e-06
917	1.30154079891e-06
918	1.29777303005e-06
919	1.29400526119e-06
920	1.29023749233e-06
921	1.28646972346e-06
922	1.2827019546e-06
923	1.27893418574e-06
924	1.27516641688e-06
925	1.27139864801e-06
926	1.26763087915e-06
927	1.26386311029e-06
928	1.26009534142e-06
929	1.25632757256e-06
930	1.2525598037e-06
931	1.24879203484e-06
932	1.24502426597e-06
933	1.24125649711e-06
934	1.23748872825e-06
935	1.23372095938e-06
936	1.22995319052e-06
937	1.22618542166e-06
938	1.22183022835e-06
939	1.21688759352e-06
940	1.21194495869e-06
941	1.20700232386e-06
942	1.20205968904e-06
943	1.19711705421e-06
944	1.19217441938e-06
945	1.18723178456e-06
946	1.18228914973e-06
947	1.1773465149e-06
948	1.17240388007e-06
949	1.16746124525e-06
950	1.16251861042e-06
951	1.15757597559e-06
952	1.15263334077e-06
953	1.14769070594e-06
954	1.14274807111e-06
955	1.13780543628e-06
956	1.13286280146e-06
957	1.12792016663e-06
958	1.1229775318e-06
959	1.11803489698e-06
960	1.11309226215e-06
961	1.10814962732e-06
962	1.10320699249e-06
963	1.09578594532e-06
964	1.08588641189e-06
965	1.07598687846e-06
966	1.06608734503e-06
967	1.0561878116e-06
968	1.04628827817e-06
969	1.03638874474e-06
970	1.02648921131e-06
971	1.01658967788e-06
972	1.00669014445e-06
973	9.96790611016e-07
974	9.86891077585e-07
975	9.76991544155e-07
976	9.67092010724e-07
977	9.57192477293e-07
978	9.47292943862e-07
979	9.37393410431e-07
980	9.27493877001e-07
981	9.1759434357e-07
982	9.07694810139e-07
983	8.97795276708e-07
984	8.87895743278e-07
985	8.77996209847e-07
986	8.68096676416e-07
987	8.58197142985e-07
988	8.47671612164e-07
989	8.36520064797e-07
990	8.25368517431e-07
991	8.14216970064e-07
992	8.03065422697e-07
993	7.9191387533e-07
994	7.80762327964e-07
995	7.69610780597e-07
996	7.5845923323e-07
997	7.47307685863e-07
998	7.36156138497e-07
999	7.2500459113e-07
1000	7.13853043763e-07
1001	7.02701496397e-07
1002	6.9154994903e-07
1003	6.80398401663e-07
1004	6.69246854296e-07
1005	6.5809530693e-07
1006	6.46943759563e-07
1007	6.35792212196e-07
1008	6.24640664829e-07
1009	6.13489117463e-07
1010	6.02337570096e-07
1011	5.91186022729e-07
1012	5.80034475362e-07
1013	5.66068028865e-07
1014	5.49286594925e-07
1015	5.32505160984e-07
1016	5.15723727044e-07
1017	4.98942293104e-07
1018	4.82160859163e-07
1019	4.65379425223e-07
1020	4.48597991282e-07
1021	4.31816557342e-07
1022	4.15035123402e-07
1023	3.98253689461e-07
1024	3.81472255521e-07
1025	3.6469082158e-07
1026	3.4790938764e-07
1027	3.31127953699e-07
1028	3.14346519759e-07
1029	2.97565085819e-07
1030	2.80783651878e-07
1031	2.64002217938e-07
1032	2.47220783997e-07
1033	2.30439350057e-07
1034	2.13657916117e-07
1035	1.96876482176e-07
1036	1.80095048236e-07
1037	1.63313614295e-07
1038	1.11940470961e-07
1039	2.59745061807e-08
1040	-5.99914585996e-08
1041	-1.4595742338e-07
1042	-2.3192338816e-07
1043	-3.1788935294e-07
1044	-4.03855317721e-07
1045	-4.89821282501e-07
1046	-5.75787247281e-07
1047	-6.61753212062e-07
1048	-7.47719176842e-07
1049	-8.33685141622e-07
1050	-9.19651106403e-07
1051	-1.00561707118e-06
1052	-1.09158303596e-06
1053	-1.17754900074e-06
1054	-1.26351496552e-06
1055	-1.3494809303e-06
1056	-1.43544689508e-06
1057	-1.52141285986e-06
1058	-1.60737882465e-06
1059	-1.69334478943e-06
1060	-1.77931075421e-06
1061	-1.86527671899e-06
1062	-1.95124268377e-06
1063	-2.22031670828e-06
1064	-2.67250482094e-06
1065	-3.12469293359e-06
1066	-3.57688104624e-06
1067	-4.02906915889e-06
1068	-4.48125727154e-06
1069	-4.93344538419e-06
1070	-5.38563349684e-06
1071	-5.83782160949e-06
1072	-6.29000972214e-06
1073	-6.74219783479e-06
1074	-7.19438594744e-06
1075	-7.64657406009e-06
1076	-8.09876217274e-06
1077	-8.55095028539e-06
1078	-9.00313839804e-06
1079	-9.45532651069e-06
1080	-9.90751462334e-06
1081	-1.0359702736e-05
1082	-1.08118908486e-05
1083	-1.12640789613e-05
1084	-1.17162670739e-05
1085	-1.21684551866e-05
1086	-1.26206432992e-05
1087	-1.30728314119e-05
1088	-1.44692615866e-05
1089	-1.68099656417e-05
1090	-1.91506696967e-05
1091	-2.14913737518e-05
1092	-2.38320778069e-05
1093	-2.6172781862e-05
1094	-2.85134859171e-05
1095	-3.08541899722e-05
1096	-3.31948940272e-05
1097	-3.55355980823e-05
1098	-3.78763021374e-05
1099	-4.02170061925e-05
1100	-4.25577102476e-05
1101	-4.48984143026e-05
1102	-4.72391183577e-05
1103	-4.95798224128e-05
1104	-5.19205264679e-05
1105	-5.4261230523e-05
1106	-5.66019345781e-05
1107	-5.89426386331e-05
1108	-6.12833426882e-05
1109	-6.36240467433e-05
1110	-6.59647507984e-05
1111	-6.83054548535e-05
1112	-7.06461589085e-05
1113	-7.1537999223e-05
1114	-7.09809258517e-05
1115	-7.04238524804e-05
1116	-6.98667791091e-05
1117	-6.93097057378e-05
1118	-6.87526323665e-05
1119	-6.81955589952e-05
1120	-6.76384856239e-05
1121	-6.70814122527e-05
1122	-6.65243388814e-05
1123	-6.59672655101e-05
1124	-6.54101921388e-05
1125	-6.48531187675e-05
1126	-6.42960453962e-05
1127	-6.37389720249e-05
1128	-6.31818986536e-05
1129	-6.26248252823e-05
1130	-6.2067751911e-05
1131	-6.15106785397e-05
1132	-6.09536051684e-05
1133	-6.03965317971e-05
1134	-5.98394584258e-05
1135	-5.92823850545e-05
1136	-5.87253116833e-05
1137	-5.8168238312e-05
1138	-5.81238423352e-05
1139	-5.85921418231e-05
1140	-5.9060441311e-05
1141	-5.95287407989e-05
1142	-5.99970402869e-05
1143	-6.04653397748e-05
1144	-6.09336392627e-05
1145	-6.14019387506e-05
1146	-6.18702382385e-05
1147	-6.23385377264e-05
1148	-6.28068372143e-05
1149	-6.32751367022e-05
1150	-6.37434361902e-05
1151	-6.42117356781e-05
1152	-6.4680035166e-05
1153	-6.51483346539e-05
1154	-6.56166341418e-05
1155	-6.60849336297e-05
1156	-6.65532331176e-05
1157	-6.70215326056e-05
1158	-6.74898320935e-05
1159	-6.79581315814e-05
1160	-6.84264310693e-05
1161	-6.88947305572e-05
1162	-6.93630300451e-05
1163	-6.93706449929e-05
1164	-6.89175588063e-05
1165	-6.84644726196e-05
1166	-6.80113864329e-05
1167	-6.75583002462e-05
1168	-6.71052140595e-05
1169	-6.66521278728e-05
1170	-6.61990416861e-05
1171	-6.57459554994e-05
1172	-6.52928693127e-05
1173	-6.4839783126e-05
1174	-6.43866969393e-05
1175	-6.39336107526e-05
1176	-6.34805245659e-05
1177	-6.30274383792e-05
1178	-6.25743521926e-05
1179	-6.21212660059e-05
1180	-6.16681798192e-05
1181	-6.12150936325e-05
1182	-6.07620074458e-05
1183	-6.03089212591e-05
1184	-5.98558350724e-05
1185	-5.94027488857e-05
1186	-5.8949662699e-05
1187	-5.84965765123e-05
1188	-5.84328186681e-05
1189	-5.87584034921e-05
1190	-5.9083988316e-05
1191	-5.940957314e-05
1192	-5.97351579639e-05
1193	-6.00607427879e-05
1194	-6.03863276118e-05
1195	-6.07119124358e-05
1196	-6.10374972597e-05
1197	-6.13630820837e-05
1198	-6.16886669076e-05
1199	-6.20142517316e-05
1200	-6.23398365556e-05
1201	-6.26654213795e-05
1202	-6.29910062035e-05
1203	-6.33165910274e-05
1204	-6.36421758514e-05
1205	-6.39677606753e-05
1206	-6.42933454993e-05
1207	-6.46189303232e-05
1208	-6.49445151472e-05
1209	-6.52700999711e-05
1210	-6.55956847951e-05
1211	-6.59212696191e-05
1212	-6.6246854443e-05
1213	-6.59595811991e-05
1214	-6.5059426862e-05
1215	-6.41592725248e-05
1216	-6.32591181877e-05
1217	-6.23589638505e-05
1218	-6.14588095134e-05
1219	-6.05586551762e-05
1220	-5.96585008391e-05
1221	-5.87583465019e-05
1222	-5.78581921647e-05
1223	-5.69580378276e-05
1224	-5.60578834904e-05
1225	-5.51577291533e-05
1226	-5.42575748161e-05
1227	-5.3357420479e-05
1228	-5.24572661418e-05
1229	-5.15571118047e-05
1230	-5.06569574675e-05
1231	-4.97568031304e-05
1232	-4.88566487932e-05
1233	-4.79564944561e-05
1234	-4.70563401189e-05
1235	-4.61561857818e-05
1236	-4.52560314446e-05
1237	-4.43558771075e-05
1238	-4.46918467134e-05
1239	-4.62639876618e-05
1240	-4.78361286103e-05
1241	-4.94082695588e-05
1242	-5.09804105072e-05
1243	-5.25525514557e-05
1244	-5.41246924042e-05
1245	-5.56968333526e-05
1246	-5.72689743011e-05
1247	-5.88411152496e-05
1248	-6.0413256198e-05
1249	-6.19853971465e-05
1250	-6.3557538095e-05
1251	-6.51296790435e-05
1252	-6.67018199919e-05
1253	-6.82739609404e-05
1254	-6.98461018889e-05
1255	-7.14182428373e-05
1256	-7.29903837858e-05
1257	-7.45625247343e-05
1258	-7.61346656827e-05
1259	-7.77068066312e-05
1260	-7.92789475797e-05
1261	-8.08510885281e-05
1262	-8.24232294766e-05
1263	-8.24347075035e-05
1264	-8.08854615559e-05
1265	-7.93362156083e-05
1266	-7.77869696607e-05
1267	-7.62377237131e-05
1268	-7.46884777655e-05
1269	-7.31392318179e-05
1270	-7.15899858703e-05
1271	-7.00407399227e-05
1272	-6.84914939751e-05
1273	-6.69422480275e-05
1274	-6.53930020799e-05
1275	-6.38437561323e-05
1276	-6.22945101846e-05
1277	-6.0745264237e-05
1278	-5.91960182894e-05
1279	-5.76467723418e-05
1280	-5.60975263942e-05
1281	-5.45482804466e-05
1282	-5.2999034499e-05
1283	-5.14497885514e-05
1284	-4.99005426038e-05
1285	-4.83512966562e-05
1286	-4.68020507086e-05
1287	-4.5252804761e-05
1288	-4.49146069921e-05
1289	-4.57875057162e-05
1290	-4.66604044402e-05
1291	-4.75333031643e-05
1292	-4.84062018884e-05
1293	-4.92791006125e-05
1294	-5.01519993366e-05
1295	-5.10248980607e-05
1296	-5.18977967848e-05
1297	-5.27706955088e-05
1298	-5.36435942329e-05
1299	-5.4516492957e-05
1300	-5.53893916811e-05
1301	-5.62622904052e-05
1302	-5.71351891293e-05
1303	-5.80080878533e-05
1304	-5.88809865774e-05
1305	-5.97538853015e-05
1306	-6.06267840256e-05
1307	-6.14996827497e-05
1308	-6.23725814738e-05
1309	-6.32454801978e-05
1310	-6.41183789219e-05
1311	-6.4991277646e-05
1312	-6.58641763701e-05
1313	-6.5966303687e-05
1314	-6.52976282501e-05
1315	-6.46289528132e-05
1316	-6.39602773763e-05
1317	-6.32916019393e-05
1318	-6.26229265024e-05
1319	-6.19542510655e-05
1320	-6.12855756286e-05
1321	-6.06169001916e-05
1322	-5.99482247547e-05
1323	-5.92795493178e-05
1324	-5.86108738809e-05
1325	-5.7942198444e-05
1326	-5.7273523007e-05
1327	-5.66048475701e-05
1328	-5.59361721332e-05
1329	-5.52674966963e-05
1330	-5.45988212593e-05
1331	-5.39301458224e-05
1332	-5.32614703855e-05
1333	-5.25927949486e-05
1334	-5.19241195117e-05
1335	-5.12554440747e-05
1336	-5.05867686378e-05
1337	-4.99180932009e-05
1338	-4.91494042207e-05
1339	-4.82806975522e-05
1340	-4.74119908837e-05
1341	-4.65432842152e-05
1342	-4.56745775467e-05
1343	-4.48058708782e-05
1344	-4.39371642097e-05
1345	-4.30684575412e-05
1346	-4.21997508727e-05
1347	-4.13310442042e-05
1348	-4.04623375357e-05
1349	-3.95936308673e-05
1350	-3.87249241988e-05
1351	-3.78562175303e-05
1352	-3.69875108618e-05
1353	-3.61188041933e-05
1354	-3.52500975248e-05
1355	-3.43813908563e-05
1356	-3.35126841878e-05
1357	-3.26439775193e-05
1358	-3.17752708508e-05
1359	-3.09065641823e-05
1360	-3.00378575138e-05
1361	-2.91691508454e-05
1362	-2.83004441769e-05
1363	-2.7909579003e-05
1364	-2.79965754976e-05
1365	-2.80835719922e-05
1366	-2.81705684867e-05
1367	-2.82575649813e-05
1368	-2.83445614759e-05
1369	-2.84315579705e-05
1370	-2.8518554465e-05
1371	-2.86055509596e-05
1372	-2.86925474542e-05
1373	-2.87795439488e-05
1374	-2.88665404433e-05
1375	-2.89535369379e-05
1376	-2.90405334325e-05
1377	-2.91275299271e-05
1378	-2.92145264217e-05
1379	-2.93015229162e-05
1380	-2.93885194108e-05
1381	-2.94755159054e-05
1382	-2.95625124e-05
1383	-2.96495088945e-05
1384	-2.97365053891e-05
1385	-2.98235018837e-05
1386	-2.99104983783e-05
1387	-2.99974948728e-05
1388	-2.95925112703e-05
1389	-2.86955264189e-05
1390	-2.77985415675e-05
1391	-2.69015567161e-05
1392	-2.60045718646e-05
1393	-2.51075870132e-05
1394	-2.42106021618e-05
1395	-2.33136173104e-05
1396	-2.24166324589e-05
1397	-2.15196476075e-05
1398	-2.06226627561e-05
1399	-1.97256779047e-05
1400	-1.88286930532e-05
1401	-1.79317082018e-05
1402	-1.70347233504e-05
1403	-1.6137738499e-05
1404	-1.52407536475e-05
1405	-1.43437687961e-05
1406	-1.34467839447e-05
1407	-1.25497990933e-05
1408	-1.16528142418e-05
1409	-1.07558293904e-05
1410	-9.85884453898e-06
1411	-8.96185968755e-06
1412	-8.06487483613e-06
1413	-7.04112216354e-06
1414	-5.89059612142e-06
1415	-4.7400700793e-06
1416	-3.58954403718e-06
1417	-2.43901799506e-06
1418	-1.28849195294e-06
1419	-1.3796591082e-07
1420	1.0125601313e-06
1421	2.16308617342e-06
1422	3.31361221554e-06
1423	4.46413825766e-06
1424	5.61466429978e-06
1425	6.7651903419e-06
1426	7.91571638402e-06
1427	9.06624242614e-06
1428	1.02167684683e-05
1429	1.13672945104e-05
1430	1.25178205525e-05
1431	1.36683465946e-05
1432	1.48188726367e-05
1433	1.59693986789e-05
1434	1.7119924721e-05
1435	1.82704507631e-05
1436	1.94209768052e-05
1437	2.05715028473e-05
1438	2.34943177698e-05
1439	2.81895005149e-05
1440	3.28846832601e-05
1441	3.75798660052e-05
1442	4.22750487503e-05
1443	4.69702314955e-05
1444	5.16654142406e-05
1445	5.63605969857e-05
1446	6.10557797309e-05
1447	6.5750962476e-05
1448	7.04461452212e-05
1449	7.51413279663e-05
1450	7.98365107114e-05
1451	8.45316934566e-05
1452	8.92268762017e-05
1453	9.39220589468e-05
1454	9.8617241692e-05
1455	0.000103312424437
1456	0.000108007607182
1457	0.000112702789927
1458	0.000117397972673
1459	0.000122093155418
1460	0.000126788338163
1461	0.000131483520908
1462	0.000136178703653
1463	0.000146101870914
1464	0.000161253259609
1465	0.000176404648304
1466	0.000191556036999
1467	0.000206707425694
1468	0.000221858814389
1469	0.000237010203084
1470	0.000252161591779
1471	0.000267312980474
1472	0.000282464369169
1473	0.000297615757864
1474	0.000312767146559
1475	0.000327918535254
1476	0.000343069923949
1477	0.000358221312644
1478	0.000373372701339
1479	0.000388524090034
1480	0.000403675478729
1481	0.000418826867424
1482	0.000433978256119
1483	0.000449129644814
1484	0.000464281033509
1485	0.000479432422204
1486	0.000494583810899
1487	0.000509735199594
1488	0.000559206548081
1489	0.000642999438236
1490	0.00072679232839
1491	0.000810585218544
1492	0.000894378108698
1493	0.000978170998852
1494	0.00106196388901
1495	0.00114575677916
1496	0.00122954966931
1497	0.00131334255947
1498	0.00139713544962
1499	0.00148092833978
1500	0.00156472122993
1501	0.00164851412008
1502	0.00173230701024
1503	0.00181609990039
1504	0.00189989279055
1505	0.0019836856807
1506	0.00206747857086
1507	0.00215127146101
1508	0.00223506435116
1509	0.00231885724132
1510	0.00240265013147
1511	0.00248644302163
1512	0.00257023591178
1513	0.0026023039992
1514	0.00258264485972
1515	0.00256298572025
1516	0.00254332658077
1517	0.00252366744129
1518	0.00250400830182
1519	0.00248434916234
1520	0.00246469002286
1521	0.00244503088338
1522	0.00242537174391
1523	0.00240571260443
1524	0.00238605346495
1525	0.00236639432548
1526	0.002346735186
1527	0.00232707604652
1528	0.00230741690704
1529	0.00228775776757
1530	0.00226809862809
1531	0.00224843948861
1532	0.00222878034913
1533	0.00220912120966
1534	0.00218946207018
1535	0.0021698029307
1536	0.00215014379123
1537	0.00213048465175
1538	0.00214361655181
1539	0.00218954105362
1540	0.00223546555542
1541	0.00228139005723
1542	0.00232731455904
1543	0.00237323906085
1544	0.00241916356265
1545	0.00246508806446
1546	0.00251101256627
1547	0.00255693706807
1548	0.00260286156988
1549	0.00264878607169
1550	0.0026947105735
1551	0.0027406350753
1552	0.00278655957711
1553	0.00283248407892
1554	0.00287840858072
1555	0.00292433308253
1556	0.00297025758434
1557	0.00301618208615
1558	0.00306210658795
1559	0.00310803108976
1560	0.00315395559157
1561	0.00319988009337
1562	0.00324580459518
1563	0.00325047442836
1564	0.00321388759553
1565	0.00317730076269
1566	0.00314071392986
1567	0.00310412709702
1568	0.00306754026419
1569	0.00303095343135
1570	0.00299436659852
1571	0.00295777976568
1572	0.00292119293285
1573	0.00288460610001
1574	0.00284801926718
1575	0.00281143243435
1576	0.00277484560151
1577	0.00273825876868
1578	0.00270167193584
1579	0.00266508510301
1580	0.00262849827017
1581	0.00259191143734
1582	0.0025553246045
1583	0.00251873777167
1584	0.00248215093883
1585	0.002445564106
1586	0.00240897727316
1587	0.00237239044033
1588	0.00236527961187
1589	0.00238764623772
1590	0.00241001286358
1591	0.00243237948944
1592	0.00245474611529
1593	0.00247711274115
1594	0.002499479367
1595	0.00252184599286
1596	0.00254421261871
1597	0.00256657924457
1598	0.00258894587042
1599	0.00261131249628
1600	0.00263367912214
1601	0.00265604574799
1602	0.00267841237385
1603	0.0027007789997
1604	0.00272314562556
1605	0.00274551225141
1606	0.00276787887727
1607	0.00279024550313
1608	0.00281261212898
1609	0.00283497875484
1610	0.00285734538069
1611	0.00287971200655
1612	0.0029020786324
1613	0.00294452073041
1614	0.00300703930365
1615	0.00306955787688
1616	0.00313207645012
1617	0.00319459502336
1618	0.00325711359659
1619	0.00331963216983
1620	0.00338215074307
1621	0.0034446693163
1622	0.00350718788954
1623	0.00356970646277
1624	0.00363222503601
1625	0.00369474360925
1626	0.00375726218248
1627	0.00381978075572
1628	0.00388229932896
1629	0.00394481790219
1630	0.00400733647543
1631	0.00406985504867
1632	0.0041323736219
1633	0.00419489219514
1634	0.00425741076837
1635	0.00431992934161
1636	0.00438244791485
1637	0.00444496648808
1638	0.00444097843918
1639	0.00437048039358
1640	0.00429998234798
1641	0.00422948430238
1642	0.00415898625678
1643	0.00408848821118
1644	0.00401799016558
1645	0.00394749211998
1646	0.00387699407438
1647	0.00380649602878
1648	0.00373599798318
1649	0.00366549993758
1650	0.00359500189198
1651	0.00352450384638
1652	0.00345400580078
1653	0.00338350775518
1654	0.00331300970958
1655	0.00324251166398
1656	0.00317201361838
1657	0.00310151557278
1658	0.00303101752718
1659	0.00296051948158
1660	0.00289002143598
1661	0.00281952339038
1662	0.00274902534478
1663	0.00271713888757
1664	0.00272386600781
1665	0.00273059312805
1666	0.0027373202483
1667	0.00274404736854
1668	0.00275077448878
1669	0.00275750160902
1670	0.00276422872926
1671	0.0027709558495
1672	0.00277768296974
1673	0.00278441008998
1674	0.00279113721022
1675	0.00279786433046
1676	0.0028045914507
1677	0.00281131857094
1678	0.00281804569118
1679	0.00282477281142
1680	0.00283149993166
1681	0.00283822705191
1682	0.00284495417215
1683	0.00285168129239
1684	0.00285840841263
1685	0.00286513553287
1686	0.00287186265311
1687	0.00287858977335
1688	0.0028616610238
1689	0.00282107516752
1690	0.00278048931124
1691	0.00273990345495
1692	0.00269931759867
1693	0.00265873174238
1694	0.0026181458861
1695	0.00257756002982
1696	0.00253697417353
1697	0.00249638831725
1698	0.00245580246096
1699	0.00241521660468
1700	0.0023746307484
1701	0.00233404489211
1702	0.00229345903583
1703	0.00225287317954
1704	0.00221228732326
1705	0.00217170146698
1706	0.00213111561069
1707	0.00209052975441
1708	0.00204994389812
1709	0.00200935804184
1710	0.00196877218556
1711	0.00192818632927
1712	0.00188760047299
1713	0.00188382036797
1714	0.00191684796727
1715	0.00194987556657
1716	0.00198290316587
1717	0.00201593076517
1718	0.00204895836447
1719	0.00208198596377
1720	0.00211501356307
1721	0.00214804116238
1722	0.00218106876168
1723	0.00221409636098
1724	0.00224712396028
1725	0.00228015155958
1726	0.00231317915888
1727	0.00234620675818
1728	0.00237923435748
1729	0.00241226195679
1730	0.00244528955609
1731	0.00247831715539
1732	0.00251134475469
1733	0.00254437235399
1734	0.00257739995329
1735	0.00261042755259
1736	0.00264345515189
1737	0.0026764827512
1738	0.00269077393499
1739	0.00268632769453
1740	0.00268188145406
1741	0.0026774352136
1742	0.00267298897314
1743	0.00266854273268
1744	0.00266409649222
1745	0.00265965025176
1746	0.0026552040113
1747	0.00265075777084
1748	0.00264631153038
1749	0.00264186528991
1750	0.00263741904945
1751	0.00263297280899
1752	0.00262852656853
1753	0.00262408032807
1754	0.00261963408761
1755	0.00261518784715
1756	0.00261074160669
1757	0.00260629536623
1758	0.00260184912576
1759	0.0025974028853
1760	0.00259295664484
1761	0.00258851040438
1762	0.00258406416392
1763	0.0025742359706
1764	0.00255902553048
1765	0.00254381509037
1766	0.00252860465026
1767	0.00251339421014
1768	0.00249818377003
1769	0.00248297332991
1770	0.0024677628898
1771	0.00245255244969
1772	0.00243734200957
1773	0.00242213156946
1774	0.00240692112935
1775	0.00239171068923
1776	0.00237650024912
1777	0.00236128980901
1778	0.00234607936889
1779	0.00233086892878
1780	0.00231565848866
1781	0.00230044804855
1782	0.00228523760844
1783	0.00227002716832
1784	0.00225481672821
1785	0.0022396062881
1786	0.00222439584798
1787	0.00220918540787
1788	0.00219649889168
1789	0.00218633643921
1790	0.00217617398674
1791	0.00216601153426
1792	0.00215584908179
1793	0.00214568662932
1794	0.00213552417685
1795	0.00212536172438
1796	0.00211519927191
1797	0.00210503681943
1798	0.00209487436696
1799	0.00208471191449
1800	0.00207454946202
1801	0.00206438700955
1802	0.00205422455708
1803	0.0020440621046
1804	0.00203389965213
1805	0.00202373719966
1806	0.00201357474719
1807	0.00200341229472
1808	0.00199324984225
1809	0.00198308738978
1810	0.0019729249373
1811	0.00196276248483
1812	0.00195260003236
1813	0.00194495886011
1814	0.00193983910968
1815	0.00193471935926
1816	0.00192959960883
1817	0.0019244798584
1818	0.00191936010798
1819	0.00191424035755
1820	0.00190912060713
1821	0.0019040008567
1822	0.00189888110627
1823	0.00189376135585
1824	0.00188864160542
1825	0.00188352185499
1826	0.00187840210457
1827	0.00187328235414
1828	0.00186816260371
1829	0.00186304285329
1830	0.00185792310286
1831	0.00185280335243
1832	0.00184768360201
1833	0.00184256385158
1834	0.00183744410116
1835	0.00183232435073
1836	0.0018272046003
1837	0.00182208484988
1838	0.00182395982612
1839	0.00183282992731
1840	0.00184170002849
1841	0.00185057012968
1842	0.00185944023086
1843	0.00186831033205
1844	0.00187718043323
1845	0.00188605053441
1846	0.0018949206356
1847	0.00190379073678
1848	0.00191266083797
1849	0.00192153093915
1850	0.00193040104034
1851	0.00193927114152
1852	0.0019481412427
1853	0.00195701134389
1854	0.00196588144507
1855	0.00197475154626
1856	0.00198362164744
1857	0.00199249174863
1858	0.00200136184981
1859	0.002010231951
1860	0.00201910205218
1861	0.00202797215336
1862	0.00203684225455
1863	0.00203059387781
1864	0.00200922615062
1865	0.00198785842343
1866	0.00196649069624
1867	0.00194512296906
1868	0.00192375524187
1869	0.00190238751468
1870	0.00188101978749
1871	0.00185965206031
1872	0.00183828433312
1873	0.00181691660593
1874	0.00179554887875
1875	0.00177418115156
1876	0.00175281342437
1877	0.00173144569718
1878	0.00171007797
1879	0.00168871024281
1880	0.00166734251562
1881	0.00164597478843
1882	0.00162460706125
1883	0.00160323933406
1884	0.00158187160687
1885	0.00156050387969
1886	0.0015391361525
1887	0.00151776842531
1888	0.00148132337789
1889	0.00142980012842
1890	0.00137827687895
1891	0.00132675362948
1892	0.00127523038001
1893	0.00122370713054
1894	0.00117218388107
1895	0.0011206606316
1896	0.00106913738213
1897	0.00101761413266
1898	0.000966090883192
1899	0.000914567633722
1900	0.000863044384252
1901	0.000811521134782
1902	0.000759997885311
1903	0.000708474635841
1904	0.000656951386371
1905	0.000605428136901
1906	0.000553904887431
1907	0.000502381637961
1908	0.00045085838849
1909	0.00039933513902
1910	0.00034781188955
1911	0.00029628864008
1912	0.00024476539061
1913	0.000215888238301
1914	0.000209658525195
1915	0.000203428812089
1916	0.000197199098983
1917	0.000190969385877
1918	0.000184739672771
1919	0.000178509959665
1920	0.000172280246559
1921	0.000166050533453
1922	0.000159820820347
1923	0.000153591107241
1924	0.000147361394134
1925	0.000141131681028
1926	0.000134901967922
1927	0.000128672254816
1928	0.00012244254171
1929	0.000116212828604
1930	0.000109983115498
1931	0.000103753402392
1932	9.75236892859e-05
1933	9.12939761798e-05
1934	8.50642630737e-05
1935	7.88345499677e-05
1936	7.26048368616e-05
1937	6.63751237555e-05
1938	6.20780931676e-05
1939	5.97138611287e-05
1940	5.73496290899e-05
1941	5.4985397051e-05
1942	5.26211650121e-05
1943	5.02569329732e-05
1944	4.78927009343e-05
1945	4.55284688954e-05
1946	4.31642368566e-05
1947	4.08000048177e-05
1948	3.84357727788e-05
1949	3.60715407399e-05
1950	3.3707308701e-05
1951	3.13430766621e-05
1952	2.89788446233e-05
1953	2.66146125844e-05
1954	2.42503805455e-05
1955	2.18861485066e-05
1956	1.95219164677e-05
1957	1.71576844288e-05
1958	1.47934523899e-05
1959	1.24292203511e-05
1960	1.00649883122e-05
1961	7.70075627329e-06
1962	5.33652423441e-06
1963	3.98493945062e-06
1964	3.64606350186e-06
1965	3.30718755309e-06
1966	2.96831160432e-06
1967	2.62943565556e-06
1968	2.29055970679e-06
1969	1.95168375803e-06
1970	1.61280780926e-06
1971	1.27393186049e-06
1972	9.35055911727e-07
1973	5.96179962961e-07
1974	2.57304014195e-07
1975	-8.15719345711e-08
1976	-4.20447883337e-07
1977	-7.59323832103e-07
1978	-1.09819978087e-06
1979	-1.43707572964e-06
1980	-1.7759516784e-06
1981	-2.11482762717e-06
1982	-2.45370357593e-06
1983	-2.7925795247e-06
1984	-3.13145547347e-06
1985	-3.47033142223e-06
1986	-3.809207371e-06
1987	-4.14808331976e-06
1988	-4.49048880297e-06
1989	-4.83642403799e-06
1990	-5.182359273e-06
1991	-5.52829450802e-06
1992	-5.87422974303e-06
1993	-6.22016497805e-06
1994	-6.56610021306e-06
1995	-6.91203544808e-06
1996	-7.25797068309e-06
1997	-7.60390591811e-06
1998	-7.94984115312e-06
1999	-8.29577638814e-06
2000	-8.64171162315e-06
2001	-8.98764685817e-06
2002	-9.33358209318e-06
2003	-9.6795173282e-06
2004	-1.00254525632e-05
2005	-1.03713877982e-05
2006	-1.07173230332e-05
2007	-1.10632582683e-05
2008	-1.14091935033e-05
2009	-1.17551287383e-05
2010	-1.21010639733e-05
2011	-1.24469992083e-05
2012	-1.27929344433e-05
2013	-1.30001972132e-05
2014	-1.30687788702e-05
2015	-1.31373605273e-05
2016	-1.32059421843e-05
2017	-1.32745238414e-05
2018	-1.33431054984e-05
2019	-1.34116871555e-05
2020	-1.34802688125e-05
2021	-1.35488504695e-05
2022	-1.36174321266e-05
2023	-1.36860137836e-05
2024	-1.37545954407e-05
2025	-1.38231770977e-05
2026	-1.38917587548e-05
2027	-1.39603404118e-05
2028	-1.40289220688e-05
2029	-1.40975037259e-05
2030	-1.41660853829e-05
2031	-1.423466704e-05
2032	-1.4303248697e-05
2033	-1.43718303541e-05
2034	-1.44404120111e-05
2035	-1.45089936682e-05
2036	-1.45775753252e-05
2037	-1.46461569822e-05
2038	-1.48516985119e-05
2039	-1.5194208561e-05
2040	-1.55367186102e-05
2041	-1.58792286594e-05
2042	-1.62217387085e-05
2043	-1.65642487577e-05
2044	-1.69067588068e-05
2045	-1.7249268856e-05
2046	-1.75917789052e-05
2047	-1.79342889543e-05
2048	-1.82767990035e-05
2049	-1.86193090526e-05
2050	-1.89618191018e-05
2051	-1.9304329151e-05
2052	-1.96468392001e-05
2053	-1.99893492493e-05
2054	-2.03318592984e-05
2055	-2.06743693476e-05
2056	-2.10168793968e-05
2057	-2.13593894459e-05
2058	-2.17018994951e-05
2059	-2.20444095442e-05
2060	-2.23869195934e-05
2061	-2.27294296426e-05
2062	-2.30719396917e-05
2063	-2.30824486711e-05
2064	-2.27609353627e-05
2065	-2.24394220543e-05
2066	-2.21179087458e-05
2067	-2.17963954374e-05
2068	-2.1474882129e-05
2069	-2.11533688206e-05
2070	-2.08318555122e-05
2071	-2.05103422037e-05
2072	-2.01888288953e-05
2073	-1.98673155869e-05
2074	-1.95458022785e-05
2075	-1.922428897e-05
2076	-1.89027756616e-05
2077	-1.85812623532e-05
2078	-1.82597490448e-05
2079	-1.79382357364e-05
2080	-1.76167224279e-05
2081	-1.72952091195e-05
2082	-1.69736958111e-05
2083	-1.66521825027e-05
2084	-1.63306691942e-05
2085	-1.60091558858e-05
2086	-1.56876425774e-05
2087	-1.5366129269e-05
2088	-1.52335910573e-05
2089	-1.52900401661e-05
2090	-1.53464892749e-05
2091	-1.54029383837e-05
2092	-1.54593874925e-05
2093	-1.55158366013e-05
2094	-1.55722857101e-05
2095	-1.56287348189e-05
2096	-1.56851839277e-05
2097	-1.57416330364e-05
2098	-1.57980821452e-05
2099	-1.5854531254e-05
2100	-1.59109803628e-05
2101	-1.59674294716e-05
2102	-1.60238785804e-05
2103	-1.60803276892e-05
2104	-1.6136776798e-05
2105	-1.61932259068e-05
2106	-1.62496750156e-05
2107	-1.63061241244e-05
2108	-1.63625732332e-05
2109	-1.6419022342e-05
2110	-1.64754714507e-05
2111	-1.65319205595e-05
2112	-1.65883696683e-05
2113	-1.69251817379e-05
2114	-1.75423751206e-05
2115	-1.81595685034e-05
2116	-1.87767618861e-05
2117	-1.93939552688e-05
2118	-2.00111486515e-05
2119	-2.06283420342e-05
2120	-2.12455354169e-05
2121	-2.18627287996e-05
2122	-2.24799221823e-05
2123	-2.3097115565e-05
2124	-2.37143089477e-05
2125	-2.43315023304e-05
2126	-2.49486957131e-05
2127	-2.55658890958e-05
2128	-2.61830824785e-05
2129	-2.68002758612e-05
2130	-2.74174692439e-05
2131	-2.80346626266e-05
2132	-2.86518560093e-05
2133	-2.9269049392e-05
2134	-2.98862427747e-05
2135	-3.05034361574e-05
2136	-3.11206295401e-05
2137	-3.17378229228e-05
2138	-3.18181565483e-05
2139	-3.13615948585e-05
2140	-3.09050331687e-05
2141	-3.04484714789e-05
2142	-2.9991909789e-05
2143	-2.95353480992e-05
2144	-2.90787864094e-05
2145	-2.86222247195e-05
2146	-2.81656630297e-05
2147	-2.77091013399e-05
2148	-2.72525396501e-05
2149	-2.67959779602e-05
2150	-2.63394162704e-05
2151	-2.58828545806e-05
2152	-2.54262928907e-05
2153	-2.49697312009e-05
2154	-2.45131695111e-05
2155	-2.40566078212e-05
2156	-2.36000461314e-05
2157	-2.31434844416e-05
2158	-2.26869227518e-05
2159	-2.22303610619e-05
2160	-2.17737993721e-05
2161	-2.13172376823e-05
2162	-2.08606759924e-05
2163	-2.09126419571e-05
2164	-2.14731696519e-05
2165	-2.20336973466e-05
2166	-2.25942250413e-05
2167	-2.31547527361e-05
2168	-2.37152804308e-05
2169	-2.42758081256e-05
2170	-2.48363358203e-05
2171	-2.5396863515e-05
2172	-2.59573912098e-05
2173	-2.65179189045e-05
2174	-2.70784465993e-05
2175	-2.7638974294e-05
2176	-2.81995019887e-05
2177	-2.87600296835e-05
2178	-2.93205573782e-05
2179	-2.9881085073e-05
2180	-3.04416127677e-05
2181	-3.10021404625e-05
2182	-3.15626681572e-05
2183	-3.21231958519e-05
2184	-3.26837235467e-05
2185	-3.32442512414e-05
2186	-3.38047789362e-05
2187	-3.43653066309e-05
2188	-3.45739872739e-05
2189	-3.44307970159e-05
2190	-3.4287606758e-05
2191	-3.41444165e-05
2192	-3.4001226242e-05
2193	-3.3858035984e-05
2194	-3.37148457261e-05
2195	-3.35716554681e-05
2196	-3.34284652101e-05
2197	-3.32852749521e-05
2198	-3.31420846942e-05
2199	-3.29988944362e-05
2200	-3.28557041782e-05
2201	-3.27125139202e-05
2202	-3.25693236623e-05
2203	-3.24261334043e-05
2204	-3.22829431463e-05
2205	-3.21397528883e-05
2206	-3.19965626304e-05
2207	-3.18533723724e-05
2208	-3.17101821144e-05
2209	-3.15669918564e-05
2210	-3.14238015985e-05
2211	-3.12806113405e-05
2212	-3.11374210825e-05
2213	-3.10971621675e-05
2214	-3.11598416523e-05
2215	-3.1222521137e-05
2216	-3.12852006218e-05
2217	-3.13478801065e-05
2218	-3.14105595913e-05
2219	-3.1473239076e-05
2220	-3.15359185608e-05
2221	-3.15985980455e-05
2222	-3.16612775303e-05
2223	-3.1723957015e-05
2224	-3.17866364998e-05
2225	-3.18493159845e-05
2226	-3.19119954693e-05
2227	-3.1974674954e-05
2228	-3.20373544387e-05
2229	-3.21000339235e-05
2230	-3.21627134082e-05
2231	-3.2225392893e-05
2232	-3.22880723777e-05
2233	-3.23507518625e-05
2234	-3.24134313472e-05
2235	-3.2476110832e-05
2236	-3.25387903167e-05
2237	-3.26014698015e-05
2238	-3.24986783724e-05
2239	-3.2230404557e-05
2240	-3.19621307416e-05
2241	-3.16938569262e-05
2242	-3.14255831108e-05
2243	-3.11573092954e-05
2244	-3.088903548e-05
2245	-3.06207616646e-05
2246	-3.03524878492e-05
2247	-3.00842140338e-05
2248	-2.98159402184e-05
2249	-2.9547666403e-05
2250	-2.92793925876e-05
2251	-2.90111187722e-05
2252	-2.87428449568e-05
2253	-2.84745711414e-05
2254	-2.8206297326e-05
2255	-2.79380235106e-05
2256	-2.76697496952e-05
2257	-2.74014758798e-05
2258	-2.71332020644e-05
2259	-2.6864928249e-05
2260	-2.65966544336e-05
2261	-2.63283806182e-05
2262	-2.60601068028e-05
2263	-2.58562384602e-05
2264	-2.57167801056e-05
2265	-2.55773217509e-05
2266	-2.54378633963e-05
2267	-2.52984050417e-05
2268	-2.51589466871e-05
2269	-2.50194883324e-05
2270	-2.48800299778e-05
2271	-2.47405716232e-05
2272	-2.46011132686e-05
2273	-2.44616549139e-05
2274	-2.43221965593e-05
2275	-2.41827382047e-05
2276	-2.40432798501e-05
2277	-2.39038214954e-05
2278	-2.37643631408e-05
2279	-2.36249047862e-05
2280	-2.34854464316e-05
2281	-2.33459880769e-05
2282	-2.32065297223e-05
2283	-2.30670713677e-05
2284	-2.29276130131e-05
2285	-2.27881546584e-05
2286	-2.26486963038e-05
2287	-2.25092379492e-05
2288	-2.20755638718e-05
2289	-2.13476532173e-05
2290	-2.06197425627e-05
2291	-1.98918319081e-05
2292	-1.91639212535e-05
2293	-1.84360105989e-05
2294	-1.77080999443e-05
2295	-1.69801892898e-05
2296	-1.62522786352e-05
2297	-1.55243679806e-05
2298	-1.4796457326e-05
2299	-1.40685466714e-05
2300	-1.33406360168e-05
2301	-1.26127253622e-05
2302	-1.18848147077e-05
2303	-1.11569040531e-05
2304	-1.04289933985e-05
2305	-9.70108274391e-06
2306	-8.97317208932e-06
2307	-8.24526143474e-06
2308	-7.51735078015e-06
2309	-6.78944012557e-06
2310	-6.06152947098e-06
2311	-5.3336188164e-06
2312	-4.60570816181e-06
2313	-4.1780074719e-06
2314	-4.05053825865e-06
2315	-3.9230690454e-06
2316	-3.79559983215e-06
2317	-3.6681306189e-06
2318	-3.54066140565e-06
2319	-3.4131921924e-06
2320	-3.28572297915e-06
2321	-3.1582537659e-06
2322	-3.03078455265e-06
2323	-2.9033153394e-06
2324	-2.77584612615e-06
2325	-2.6483769129e-06
2326	-2.52090769965e-06
2327	-2.3934384864e-06
2328	-2.26596927315e-06
2329	-2.13850005989e-06
2330	-2.01103084664e-06
2331	-1.88356163339e-06
2332	-1.75609242014e-06
2333	-1.62862320689e-06
2334	-1.50115399364e-06
2335	-1.37368478039e-06
2336	-1.24621556714e-06
2337	-1.11874635389e-06
2338	-1.04401307669e-06
2339	-1.02201955526e-06
2340	-1.00002603382e-06
2341	-9.78032512393e-07
2342	-9.56038990962e-07
2343	-9.3404546953e-07
2344	-9.12051948098e-07
2345	-8.90058426667e-07
2346	-8.68064905235e-07
2347	-8.46071383804e-07
2348	-8.24077862372e-07
2349	-8.0208434094e-07
2350	-7.80090819509e-07
2351	-7.58097298077e-07
2352	-7.36103776645e-07
2353	-7.14110255214e-07
2354	-6.92116733782e-07
2355	-6.70123212351e-07
2356	-6.48129690919e-07
2357	-6.26136169487e-07
2358	-6.04142648056e-07
2359	-5.82149126624e-07
2360	-5.60155605193e-07
2361	-5.38162083761e-07
2362	-5.16168562329e-07
2363	-5.00787049084e-07
2364	-4.92018028061e-07
2365	-4.83249007038e-07
2366	-4.74479986016e-07
2367	-4.65710964993e-07
2368	-4.5694194397e-07
2369	-4.48172922948e-07
2370	-4.39403901925e-07
2371	-4.30634880903e-07
2372	-4.2186585988e-07
2373	-4.13096838857e-07
2374	-4.04327817835e-07
2375	-3.95558796812e-07
2376	-3.86789775789e-07
2377	-3.78020754767e-07
2378	-3.69251733744e-07
2379	-3.60482712722e-07
2380	-3.51713691699e-07
2381	-3.42944670676e-07
2382	-3.34175649654e-07
2383	-3.25406628631e-07
2384	-3.16637607608e-07
2385	-3.07868586586e-07
2386	-2.99099565563e-07
2387	-2.90330544541e-07
2388	-2.8402136799e-07
2389	-2.80172217891e-07
2390	-2.76323067792e-07
2391	-2.72473917693e-07
2392	-2.68624767594e-07
2393	-2.64775617496e-07
2394	-2.60926467397e-07
2395	-2.57077317298e-07
2396	-2.53228167199e-07
2397	-2.493790171e-07
2398	-2.45529867002e-07
2399	-2.41680716903e-07
2400	-2.37831566804e-07
2401	-2.33982416705e-07
2402	-2.30133266606e-07
2403	-2.26284116508e-07
2404	-2.22434966409e-07
2405	-2.1858581631e-07
2406	-2.14736666211e-07
2407	-2.10887516112e-07
2408	-2.07038366014e-07
2409	-2.03189215915e-07
2410	-1.99340065816e-07
2411	-1.95490915717e-07
2412	-1.91641765618e-07
2413	-1.87626205095e-07
2414	-1.83444221707e-07
2415	-1.79262238319e-07
2416	-1.75080254931e-07
2417	-1.70898271543e-07
2418	-1.66716288155e-07
2419	-1.62534304767e-07
2420	-1.58352321379e-07
2421	-1.54170337991e-07
2422	-1.49988354602e-07
2423	-1.45806371214e-07
2424	-1.41624387826e-07
2425	-1.37442404438e-07
2426	-1.3326042105e-07
2427	-1.29078437662e-07
2428	-1.24896454274e-07
2429	-1.20714470886e-07
2430	-1.16532487498e-07
2431	-1.1235050411e-07
2432	-1.08168520722e-07
2433	-1.03986537334e-07
2434	-9.98045539457e-08
2435	-9.56225705576e-08
2436	-9.14405871695e-08
2437	-8.72586037815e-08
2438	-8.44962372972e-08
2439	-8.31535949403e-08
2440	-8.18109525834e-08
2441	-8.04683102265e-08
2442	-7.91256678695e-08
2443	-7.77830255126e-08
2444	-7.64403831557e-08
2445	-7.50977407988e-08
2446	-7.37550984419e-08
2447	-7.2412456085e-08
2448	-7.10698137281e-08
2449	-6.97271713712e-08
2450	-6.83845290142e-08
2451	-6.70418866573e-08
2452	-6.56992443004e-08
2453	-6.43566019435e-08
2454	-6.30139595866e-08
2455	-6.16713172297e-08
2456	-6.03286748728e-08
2457	-5.89860325159e-08
2458	-5.76433901589e-08
2459	-5.6300747802e-08
2460	-5.49581054451e-08
2461	-5.36154630882e-08
2462	-5.22728207313e-08
2463	-5.12779033486e-08
2464	-5.06307374731e-08
2465	-4.99835715976e-08
2466	-4.93364057222e-08
2467	-4.86892398467e-08
2468	-4.80420739712e-08
2469	-4.73949080957e-08
2470	-4.67477422202e-08
2471	-4.61005763448e-08
2472	-4.54534104693e-08
2473	-4.48062445938e-08
2474	-4.41590787183e-08
2475	-4.35119128429e-08
2476	-4.28647469674e-08
2477	-4.22175810919e-08
2478	-4.15704152164e-08
2479	-4.09232493409e-08
2480	-4.02760834655e-08
2481	-3.962891759e-08
2482	-3.89817517145e-08
2483	-3.8334585839e-08
2484	-3.76874199636e-08
2485	-3.70402540881e-08
2486	-3.63930882126e-08
2487	-3.57459223371e-08
2488	-3.49062440756e-08
2489	-3.38740385894e-08
2490	-3.28418331031e-08
2491	-3.18096276169e-08
2492	-3.07774221306e-08
2493	-2.97452166443e-08
2494	-2.87130111581e-08
2495	-2.76808056718e-08
2496	-2.66486001856e-08
2497	-2.56163946993e-08
2498	-2.45841892131e-08
2499	-2.35519837268e-08
2500	-2.25197782406e-08
2501	-2.14875727543e-08
2502	-2.0455367268e-08
2503	-1.94231617818e-08
2504	-1.83909562955e-08
2505	-1.73587508093e-08
2506	-1.6326545323e-08
2507	-1.52943398368e-08
2508	-1.42621343505e-08
2509	-1.32299288643e-08
2510	-1.2197723378e-08
2511	-1.11655178917e-08
2512	-1.01333124055e-08
2513	-9.64075486642e-09
2514	-9.6878872883e-09
2515	-9.73501971019e-09
2516	-9.78215213207e-09
2517	-9.82928455396e-09
2518	-9.87641697584e-09
2519	-9.92354939773e-09
2520	-9.97068181961e-09
2521	-1.00178142415e-08
2522	-1.00649466634e-08
2523	-1.01120790853e-08
2524	-1.01592115072e-08
2525	-1.0206343929e-08
2526	-1.02534763509e-08
2527	-1.03006087728e-08
2528	-1.03477411947e-08
2529	-1.03948736166e-08
2530	-1.04420060385e-08
2531	-1.04891384603e-08
2532	-1.05362708822e-08
2533	-1.05834033041e-08
2534	-1.0630535726e-08
2535	-1.06776681479e-08
2536	-1.07248005698e-08
2537	-1.07719329917e-08
2538	-1.07427405874e-08
2539	-1.06372173558e-08
2540	-1.05316941241e-08
2541	-1.04261708925e-08
2542	-1.03206476609e-08
2543	-1.02151244292e-08
2544	-1.01096011976e-08
2545	-1.00040779659e-08
2546	-9.89855473428e-09
2547	-9.79303150263e-09
2548	-9.68750827099e-09
2549	-9.58198503934e-09
2550	-9.4764618077e-09
2551	-9.37093857605e-09
2552	-9.26541534441e-09
2553	-9.15989211276e-09
2554	-9.05436888112e-09
2555	-8.94884564947e-09
2556	-8.84332241783e-09
2557	-8.73779918618e-09
2558	-8.63227595454e-09
2559	-8.52675272289e-09
2560	-8.42122949125e-09
2561	-8.3157062596e-09
2562	-8.21018302796e-09
2563	-8.12624675531e-09
2564	-8.06389915574e-09
2565	-8.00155155618e-09
2566	-7.93920395661e-09
2567	-7.87685635704e-09
2568	-7.81450875747e-09
2569	-7.7521611579e-09
2570	-7.68981355834e-09
2571	-7.62746595877e-09
2572	-7.5651183592e-09
2573	-7.50277075963e-09
2574	-7.44042316006e-09
2575	-7.3780755605e-09
2576	-7.31572796093e-09
2577	-7.25338036136e-09
2578	-7.19103276179e-09
2579	-7.12868516222e-09
2580	-7.06633756266e-09
2581	-7.00398996309e-09
2582	-6.94164236352e-09
2583	-6.87929476395e-09
2584	-6.81694716438e-09
2585	-6.75459956481e-09
2586	-6.69225196525e-09
2587	-6.62990436568e-09
2588	-6.56213805668e-09
2589	-6.4889526038e-09
2590	-6.41576715091e-09
2591	-6.34258169803e-09
2592	-6.26939624514e-09
2593	-6.19621079226e-09
2594	-6.12302533937e-09
2595	-6.04983988649e-09
2596	-5.9766544336e-09
2597	-5.90346898072e-09
2598	-5.83028352783e-09
2599	-5.75709807495e-09
2600	-5.68391262206e-09
2601	-5.61072716918e-09
2602	-5.53754171629e-09
2603	-5.46435626341e-09
2604	-5.39117081052e-09
2605	-5.31798535764e-09
2606	-5.24479990475e-09
2607	-5.17161445187e-09
2608	-5.09842899898e-09
2609	-5.0252435461e-09
2610	-4.95205809321e-09
2611	-4.87887264033e-09
2612	-4.80568718744e-09
2613	-4.72264223652e-09
2614	-4.62973698942e-09
2615	-4.53683174231e-09
2616	-4.4439264952e-09
2617	-4.35102124809e-09
2618	-4.25811600098e-09
2619	-4.16521075388e-09
2620	-4.07230550677e-09
2621	-3.97940025966e-09
2622	-3.88649501255e-09
2623	-3.79358976544e-09
2624	-3.70068451834e-09
2625	-3.60777927123e-09
2626	-3.51487402412e-09
2627	-3.42196877701e-09
2628	-3.3290635299e-09
2629	-3.2361582828e-09
2630	-3.14325303569e-09
2631	-3.05034778858e-09
2632	-2.95744254147e-09
2633	-2.86453729436e-09
2634	-2.77163204726e-09
2635	-2.67872680015e-09
2636	-2.58582155304e-09
2637	-2.49291630593e-09
2638	-2.44572759696e-09
2639	-2.44425916242e-09
2640	-2.44279072788e-09
2641	-2.44132229334e-09
2642	-2.43985385881e-09
2643	-2.43838542427e-09
2644	-2.43691698973e-09
2645	-2.43544855519e-09
2646	-2.43398012065e-09
2647	-2.43251168611e-09
2648	-2.43104325157e-09
2649	-2.42957481703e-09
2650	-2.4281063825e-09
2651	-2.42663794796e-09
2652	-2.42516951342e-09
2653	-2.42370107888e-09
2654	-2.42223264434e-09
2655	-2.4207642098e-09
2656	-2.41929577526e-09
2657	-2.41782734073e-09
2658	-2.41635890619e-09
2659	-2.41489047165e-09
2660	-2.41342203711e-09
2661	-2.41195360257e-09
2662	-2.41048516803e-09
2663	-2.39153731918e-09
2664	-2.35510861391e-09
2665	-2.31867990865e-09
2666	-2.28225120338e-09
2667	-2.24582249812e-09
2668	-2.20939379285e-09
2669	-2.17296508759e-09
2670	-2.13653638232e-09
2671	-2.10010767706e-09
2672	-2.0636789718e-09
2673	-2.02725026653e-09
2674	-1.99082156127e-09
2675	-1.954392856e-09
2676	-1.91796415074e-09
2677	-1.88153544547e-09
2678	-1.84510674021e-09
2679	-1.80867803494e-09
2680	-1.77224932968e-09
2681	-1.73582062441e-09
2682	-1.69939191915e-09
2683	-1.66296321389e-09
2684	-1.62653450862e-09
2685	-1.59010580336e-09
2686	-1.55367709809e-09
2687	-1.51724839283e-09
2688	-1.48398996892e-09
2689	-1.45390209038e-09
2690	-1.42381421184e-09
2691	-1.3937263333e-09
2692	-1.36363845476e-09
2693	-1.33355057622e-09
2694	-1.30346269768e-09
2695	-1.27337481913e-09
2696	-1.24328694059e-09
2697	-1.21319906205e-09
2698	-1.18311118351e-09
2699	-1.15302330497e-09
2700	-1.12293542643e-09
2701	-1.09284754789e-09
2702	-1.06275966935e-09
2703	-1.03267179081e-09
2704	-1.00258391227e-09
2705	-9.72496033729e-10
2706	-9.42408155188e-10
2707	-9.12320276648e-10
2708	-8.82232398107e-10
2709	-8.52144519566e-10
2710	-8.22056641026e-10
2711	-7.91968762485e-10
2712	-7.61880883944e-10
2713	-7.40736104216e-10
2714	-7.28535174983e-10
2715	-7.16334245749e-10
2716	-7.04133316515e-10
2717	-6.91932387282e-10
2718	-6.79731458048e-10
2719	-6.67530528814e-10
2720	-6.55329599581e-10
2721	-6.43128670347e-10
2722	-6.30927741113e-10
2723	-6.1872681188e-10
2724	-6.06525882646e-10
2725	-5.94324953413e-10
2726	-5.82124024179e-10
2727	-5.69923094945e-10
2728	-5.57722165712e-10
2729	-5.45521236478e-10
2730	-5.33320307244e-10
2731	-5.21119378011e-10
2732	-5.08918448777e-10
2733	-4.96717519543e-10
2734	-4.8451659031e-10
2735	-4.72315661076e-10
2736	-4.60114731842e-10
2737	-4.47913802609e-10
2738	-4.3748695635e-10
2739	-4.28834343555e-10
2740	-4.2018173076e-10
2741	-4.11529117965e-10
2742	-4.0287650517e-10
2743	-3.94223892375e-10
2744	-3.8557127958e-10
2745	-3.76918666785e-10
2746	-3.68266053991e-10
2747	-3.59613441196e-10
2748	-3.50960828401e-10
2749	-3.42308215606e-10
2750	-3.33655602811e-10
2751	-3.25002990016e-10
2752	-3.16350377221e-10
2753	-3.07697764426e-10
2754	-2.99045151631e-10
2755	-2.90392538836e-10
2756	-2.81739926041e-10
2757	-2.73087313246e-10
2758	-2.64434700451e-10
2759	-2.55782087656e-10
2760	-2.47129474861e-10
2761	-2.38476862067e-10
2762	-2.29824249272e-10
2763	-2.23373633522e-10
2764	-2.19125203312e-10
2765	-2.14876773102e-10
2766	-2.10628342892e-10
2767	-2.06379912682e-10
2768	-2.02131482471e-10
2769	-1.97883052261e-10
2770	-1.93634622051e-10
2771	-1.89386191841e-10
2772	-1.8513776163e-10
2773	-1.8088933142e-10
2774	-1.7664090121e-10
2775	-1.72392471e-10
2776	-1.6814404079e-10
2777	-1.63895610579e-10
2778	-1.59647180369e-10
2779	-1.55398750159e-10
2780	-1.51150319949e-10
2781	-1.46901889738e-10
2782	-1.42653459528e-10
2783	-1.38405029318e-10
2784	-1.34156599108e-10
2785	-1.29908168898e-10
2786	-1.25659738687e-10
2787	-1.21411308477e-10
2788	-1.17782845141e-10
2789	-1.14774402228e-10
2790	-1.11765959315e-10
2791	-1.08757516402e-10
2792	-1.0574907349e-10
2793	-1.02740630577e-10
2794	-9.97321876642e-11
2795	-9.67237447514e-11
2796	-9.37153018387e-11
2797	-9.0706858926e-11
2798	-8.76984160132e-11
2799	-8.46899731005e-11
2800	-8.16815301878e-11
2801	-7.8673087275e-11
2802	-7.56646443623e-11
2803	-7.26562014496e-11
2804	-6.96477585368e-11
2805	-6.66393156241e-11
2806	-6.36308727114e-11
2807	-6.06224297986e-11
2808	-5.76139868859e-11
2809	-5.46055439732e-11
2810	-5.15971010604e-11
2811	-4.85886581477e-11
2812	-4.5580215235e-11
2813	-4.15633780668e-11
2814	-3.65380587613e-11
2815	-3.15127394557e-11
2816	-2.64874201502e-11
2817	-2.14621008446e-11
2818	-1.64367815391e-11
2819	-1.14114622335e-11
2820	-6.38614292796e-12
2821	-1.36082362241e-12
2822	3.66449568315e-12
2823	8.6898149887e-12
2824	1.37151342943e-11
2825	1.87404535998e-11
2826	2.37657729054e-11
2827	2.87910922109e-11
2828	3.38164115165e-11
2829	3.8841730822e-11
2830	4.38670501276e-11
2831	4.88923694331e-11
2832	5.39176887387e-11
2833	5.89430080442e-11
2834	6.39683273498e-11
2835	6.89936466553e-11
2836	7.40189659609e-11
2837	7.90442852664e-11
2838	8.12758916135e-11
2839	8.07135393645e-11
2840	8.01511871155e-11
2841	7.95888348666e-11
2842	7.90264826176e-11
2843	7.84641303686e-11
2844	7.79017781196e-11
2845	7.73394258706e-11
2846	7.67770736216e-11
2847	7.62147213726e-11
2848	7.56523691236e-11
2849	7.50900168747e-11
2850	7.45276646257e-11
2851	7.39653123767e-11
2852	7.34029601277e-11
2853	7.28406078787e-11
2854	7.22782556297e-11
2855	7.17159033807e-11
2856	7.11535511318e-11
2857	7.05911988828e-11
2858	7.00288466338e-11
2859	6.94664943848e-11
2860	6.89041421358e-11
2861	6.83417898868e-11
2862	6.77794376378e-11
2863	6.75910493877e-11
2864	6.77766583069e-11
2865	6.79622672261e-11
2866	6.81478761454e-11
2867	6.83334850646e-11
2868	6.85190939838e-11
2869	6.87047029031e-11
2870	6.88903118223e-11
2871	6.90759207415e-11
2872	6.92615296608e-11
2873	6.944713858e-11
2874	6.96327474992e-11
2875	6.98183564185e-11
2876	7.00039653377e-11
2877	7.01895742569e-11
2878	7.03751831761e-11
2879	7.05607920954e-11
2880	7.07464010146e-11
2881	7.09320099338e-11
2882	7.11176188531e-11
2883	7.13032277723e-11
2884	7.14888366915e-11
2885	7.16744456108e-11
2886	7.186005453e-11
2887	7.20456634492e-11
2888	7.33846447445e-11
2889	7.58771016132e-11
2890	7.8369558482e-11
2891	8.08620153507e-11
2892	8.33544722194e-11
2893	8.58469290882e-11
2894	8.83393859569e-11
2895	9.08318428256e-11
2896	9.33242996944e-11
2897	9.58167565631e-11
2898	9.83092134319e-11
2899	1.00801670301e-10
2900	1.03294127169e-10
2901	1.05786584038e-10
2902	1.08279040907e-10
2903	1.10771497776e-10
2904	1.13263954644e-10
2905	1.15756411513e-10
2906	1.18248868382e-10
2907	1.20741325251e-10
2908	1.23233782119e-10
2909	1.25726238988e-10
2910	1.28218695857e-10
2911	1.30711152725e-10
2912	1.33203609594e-10
2913	1.33591720597e-10
2914	1.31875295818e-10
2915	1.3015887104e-10
2916	1.28442446261e-10
2917	1.26726021482e-10
2918	1.25009596704e-10
2919	1.23293171925e-10
2920	1.21576747147e-10
2921	1.19860322368e-10
2922	1.18143897589e-10
2923	1.16427472811e-10
2924	1.14711048032e-10
2925	1.12994623253e-10
2926	1.11278198475e-10
2927	1.09561773696e-10
2928	1.07845348917e-10
2929	1.06128924139e-10
2930	1.0441249936e-10
2931	1.02696074581e-10
2932	1.00979649803e-10
2933	9.92632250241e-11
2934	9.75468002454e-11
2935	9.58303754668e-11
2936	9.41139506881e-11
2937	9.23975259095e-11
2938	9.12518308277e-11
2939	9.06769173929e-11
2940	9.01020039581e-11
2941	8.95270905233e-11
2942	8.89521770885e-11
2943	8.83772636537e-11
2944	8.78023502189e-11
2945	8.72274367841e-11
2946	8.66525233493e-11
2947	8.60776099145e-11
2948	8.55026964797e-11
2949	8.49277830449e-11
2950	8.43528696101e-11
2951	8.37779561753e-11
2952	8.32030427405e-11
2953	8.26281293057e-11
2954	8.20532158709e-11
2955	8.14783024361e-11
2956	8.09033890012e-11
2957	8.03284755664e-11
2958	7.97535621316e-11
2959	7.91786486968e-11
2960	7.8603735262e-11
2961	7.80288218272e-11
2962	7.74539083924e-11
2963	7.64684757055e-11
2964	7.50724860812e-11
2965	7.36764964569e-11
2966	7.22805068327e-11
2967	7.08845172084e-11
2968	6.94885275841e-11
2969	6.80925379599e-11
2970	6.66965483356e-11
2971	6.53005587113e-11
2972	6.39045690871e-11
2973	6.25085794628e-11
2974	6.11125898385e-11
2975	5.97166002143e-11
2976	5.832061059e-11
2977	5.69246209657e-11
2978	5.55286313415e-11
2979	5.41326417172e-11
2980	5.2736652093e-11
2981	5.13406624687e-11
2982	4.99446728444e-11
2983	4.85486832202e-11
2984	4.71526935959e-11
2985	4.57567039716e-11
2986	4.43607143474e-11
2987	4.29647247231e-11
2988	4.23575213488e-11
2989	4.25391772452e-11
2990	4.27208331415e-11
2991	4.29024890378e-11
2992	4.30841449342e-11
2993	4.32658008305e-11
2994	4.34474567268e-11
2995	4.36291126232e-11
2996	4.38107685195e-11
2997	4.39924244159e-11
2998	4.41740803122e-11
2999	4.43557362085e-11
3000	4.45373921049e-11
3001	4.47190480012e-11
3002	4.49007038975e-11
3003	4.50823597939e-11
3004	4.52640156902e-11
3005	4.54456715865e-11
3006	4.56273274829e-11
3007	4.58089833792e-11
3008	4.59906392755e-11
3009	4.61722951719e-11
3010	4.63539510682e-11
3011	4.65356069646e-11
3012	4.67172628609e-11
3013	4.6250598402e-11
3014	4.51355530683e-11
3015	4.40205077346e-11
3016	4.29054624009e-11
3017	4.17904170672e-11
3018	4.06753717336e-11
3019	3.95603263999e-11
3020	3.84452810662e-11
3021	3.73302357325e-11
3022	3.62151903989e-11
3023	3.51001450652e-11
3024	3.39850997315e-11
3025	3.28700543978e-11
3026	3.17550090642e-11
3027	3.06399637305e-11
3028	2.95249183968e-11
3029	2.84098730631e-11
3030	2.72948277295e-11
3031	2.61797823958e-11
3032	2.50647370621e-11
3033	2.39496917284e-11
3034	2.28346463948e-11
3035	2.17196010611e-11
3036	2.06045557274e-11
3037	1.94895103937e-11
3038	1.95618516373e-11
3039	2.08216912182e-11
3040	2.20815307991e-11
3041	2.334137038e-11
3042	2.46012099609e-11
3043	2.58610495418e-11
3044	2.71208891227e-11
3045	2.83807287036e-11
3046	2.96405682845e-11
3047	3.09004078654e-11
3048	3.21602474463e-11
3049	3.34200870272e-11
3050	3.46799266081e-11
3051	3.59397661891e-11
3052	3.719960577e-11
3053	3.84594453509e-11
3054	3.97192849318e-11
3055	4.09791245127e-11
3056	4.22389640936e-11
3057	4.34988036745e-11
3058	4.47586432554e-11
3059	4.60184828363e-11
3060	4.72783224172e-11
3061	4.85381619981e-11
3062	4.9798001579e-11
3063	4.98590542806e-11
3064	4.8721206341e-11
3065	4.75833584013e-11
3066	4.64455104617e-11
3067	4.53076625221e-11
3068	4.41698145825e-11
3069	4.30319666428e-11
3070	4.18941187032e-11
3071	4.07562707636e-11
3072	3.9618422824e-11
3073	3.84805748843e-11
3074	3.73427269447e-11
3075	3.62048790051e-11
3076	3.50670310655e-11
3077	3.39291831258e-11
3078	3.27913351862e-11
3079	3.16534872466e-11
3080	3.0515639307e-11
3081	2.93777913673e-11
3082	2.82399434277e-11
3083	2.71020954881e-11
3084	2.59642475485e-11
3085	2.48263996088e-11
3086	2.36885516692e-11
3087	2.25507037296e-11
3088	2.17586902638e-11
3089	2.13125443585e-11
3090	2.08663984532e-11
3091	2.04202525479e-11
3092	1.99741066426e-11
3093	1.95279607374e-11
3094	1.90818148321e-11
3095	1.86356689268e-11
3096	1.81895230215e-11
3097	1.77433771162e-11
3098	1.72972312109e-11
3099	1.68510853057e-11
3100	1.64049394004e-11
3101	1.59587934951e-11
3102	1.55126475898e-11
3103	1.50665016845e-11
3104	1.46203557792e-11
3105	1.4174209874e-11
3106	1.37280639687e-11
3107	1.32819180634e-11
3108	1.28357721581e-11
3109	1.23896262528e-11
3110	1.19434803475e-11
3111	1.14973344423e-11
3112	1.1051188537e-11
3113	1.09550978702e-11
3114	1.12090962037e-11
3115	1.14630945372e-11
3116	1.17170928707e-11
3117	1.19710912042e-11
3118	1.22250895377e-11
3119	1.24790878712e-11
3120	1.27330862047e-11
3121	1.29870845382e-11
3122	1.32410828717e-11
3123	1.34950812052e-11
3124	1.37490795387e-11
3125	1.40030778722e-11
3126	1.42570762057e-11
3127	1.45110745392e-11
3128	1.47650728727e-11
3129	1.50190712062e-11
3130	1.52730695397e-11
3131	1.55270678732e-11
3132	1.57810662067e-11
3133	1.60350645402e-11
3134	1.62890628737e-11
3135	1.65430612072e-11
3136	1.67970595407e-11
3137	1.70510578742e-11
3138	1.67145595816e-11
3139	1.57875072537e-11
3140	1.48604549259e-11
3141	1.39334025981e-11
3142	1.30063502703e-11
3143	1.20792979425e-11
3144	1.11522456146e-11
3145	1.02251932868e-11
3146	9.298140959e-12
3147	8.37108863118e-12
3148	7.44403630336e-12
3149	6.51698397554e-12
3150	5.58993164772e-12
3151	4.6628793199e-12
3152	3.73582699208e-12
3153	2.80877466425e-12
3154	1.88172233643e-12
3155	9.54670008613e-13
3156	2.76176807922e-14
3157	-8.99434647029e-13
3158	-1.82648697485e-12
3159	-2.75353930267e-12
3160	-3.68059163049e-12
3161	-4.60764395831e-12
3162	-5.53469628613e-12
3163	-5.57766938668e-12
3164	-4.73647662342e-12
3165	-3.89528386017e-12
3166	-3.05409109691e-12
3167	-2.21289833365e-12
3168	-1.37170557039e-12
3169	-5.30512807135e-13
3170	3.10679956122e-13
3171	1.15187271938e-12
3172	1.99306548264e-12
3173	2.83425824589e-12
3174	3.67545100915e-12
3175	4.51664377241e-12
3176	5.35783653567e-12
3177	6.19902929892e-12
3178	7.04022206218e-12
3179	7.88141482544e-12
3180	8.7226075887e-12
3181	9.56380035195e-12
3182	1.04049931152e-11
3183	1.12461858785e-11
3184	1.20873786417e-11
3185	1.2928571405e-11
3186	1.37697641682e-11
3187	1.46109569315e-11
3188	1.48557927948e-11
3189	1.45042128554e-11
3190	1.41526329159e-11
3191	1.38010529765e-11
3192	1.3449473037e-11
3193	1.30978930976e-11
3194	1.27463131581e-11
3195	1.23947332187e-11
3196	1.20431532792e-11
3197	1.16915733398e-11
3198	1.13399934003e-11
3199	1.09884134609e-11
3200	1.06368335214e-11
3201	1.0285253582e-11
3202	9.93367364252e-12
3203	9.58209370307e-12
3204	9.23051376362e-12
3205	8.87893382417e-12
3206	8.52735388472e-12
3207	8.17577394527e-12
3208	7.82419400582e-12
3209	7.47261406638e-12
3210	7.12103412693e-12
3211	6.76945418748e-12
3212	6.41787424803e-12
3213	6.07030095648e-12
3214	5.72673471167e-12
3215	5.38316846687e-12
3216	5.03960222207e-12
3217	4.69603597726e-12
3218	4.35246973246e-12
3219	4.00890348765e-12
3220	3.66533724285e-12
3221	3.32177099804e-12
3222	2.97820475324e-12
3223	2.63463850843e-12
3224	2.29107226363e-12
3225	1.94750601882e-12
3226	1.60393977402e-12
3227	1.26037352921e-12
3228	9.16807284409e-13
3229	5.73241039605e-13
3230	2.296747948e-13
3231	-1.13891450005e-13
3232	-4.57457694809e-13
3233	-8.01023939614e-13
3234	-1.14459018442e-12
3235	-1.48815642922e-12
3236	-1.83172267403e-12
3237	-2.17528891883e-12
3238	-2.31679024905e-12
3239	-2.25620639342e-12
3240	-2.19562253779e-12
3241	-2.13503868216e-12
3242	-2.07445482653e-12
3243	-2.0138709709e-12
3244	-1.95328711527e-12
3245	-1.89270325964e-12
3246	-1.83211940401e-12
3247	-1.77153554838e-12
3248	-1.71095169275e-12
3249	-1.65036783712e-12
3250	-1.58978398149e-12
3251	-1.52920012586e-12
3252	-1.46861627023e-12
3253	-1.4080324146e-12
3254	-1.34744855897e-12
3255	-1.28686470334e-12
3256	-1.22628084771e-12
3257	-1.16569699208e-12
3258	-1.10511313645e-12
3259	-1.04452928082e-12
3260	-9.83945425193e-13
3261	-9.23361569563e-13
3262	-8.62777713934e-13
3263	-7.61599915544e-13
3264	-6.19824070542e-13
3265	-4.7804822554e-13
3266	-3.36272380538e-13
3267	-1.94496535537e-13
3268	-5.27206905347e-14
3269	8.90551544672e-14
3270	2.30830999469e-13
3271	3.72606844471e-13
3272	5.14382689473e-13
3273	6.56158534475e-13
3274	7.97934379477e-13
3275	9.39710224478e-13
3276	1.08148606948e-12
3277	1.22326191448e-12
3278	1.36503775948e-12
3279	1.50681360449e-12
3280	1.64858944949e-12
3281	1.79036529449e-12
3282	1.93214113949e-12
3283	2.07391698449e-12
3284	2.2156928295e-12
3285	2.3574686745e-12
3286	2.4992445195e-12
3287	2.6410203645e-12
3288	2.63442784391e-12
3289	2.47945184344e-12
3290	2.32447584298e-12
3291	2.16949984251e-12
3292	2.01452384205e-12
3293	1.85954784158e-12
3294	1.70457184112e-12
3295	1.54959584065e-12
3296	1.39461984019e-12
3297	1.23964383972e-12
3298	1.08466783926e-12
3299	9.29691838793e-13
3300	7.74715838328e-13
3301	6.19739837863e-13
3302	4.64763837398e-13
3303	3.09787836933e-13
3304	1.54811836469e-13
3305	-1.64163996289e-16
3306	-1.55140164461e-13
3307	-3.10116164926e-13
3308	-4.65092165391e-13
3309	-6.20068165856e-13
3310	-7.7504416632e-13
3311	-9.30020166785e-13
3312	-1.08499616725e-12
3313	-1.16248814414e-12
3314	-1.16248814414e-12
3315	-1.16248814414e-12
3316	-1.16248814414e-12
3317	-1.16248814414e-12
3318	-1.16248814414e-12
3319	-1.16248814414e-12
3320	-1.16248814414e-12
3321	-1.16248814414e-12
3322	-1.16248814414e-12
3323	-1.16248814414e-12
3324	-1.16248814414e-12
