2	4.93053236942
3	2.07924415768
4	1.10556039117
5	0.671102731319
6	0.444022366692
7	0.312139305022
8	0.229534183342
9	0.17476453247
10	0.136799647319
11	0.109526397668
12	0.0893504905497
13	0.0740542634797
14	0.0622134940775
15	0.0528820268555
16	0.0454128090227
17	0.0393520797274
18	0.0343745565856
19	0.0302424905683
20	0.026779087501
21	0.0238508347573
22	0.0213554939034
23	0.0192137835555
24	0.0173635167762
25	0.0157554025046
26	0.0143499948305
27	0.0131154466879
28	0.0120258355444
29	0.0110599012968
30	0.0102000849176
31	0.00943178906087
32	0.00874280423168
33	0.00812285968441
34	0.00756326916165
35	0.00705664937577
36	0.00659669474053
37	0.0061779959335
38	0.00579589285935
39	0.00544635479714
40	0.00512588216726
41	0.00483142559786
42	0.00456031891371
43	0.00431022339152
44	0.00407908117978
45	0.00386507621064
46	0.00366660126528
47	0.00348223011652
48	0.0033106938784
49	0.00315086085628
50	0.00300171932105
51	0.00286236273504
52	0.00273197704121
53	0.00260982969473
54	0.0024952601707
55	0.00238767172668
56	0.00228652423511
57	0.00219132793063
58	0.00210163794196
59	0.00201704949862
60	0.00193719371937
61	0.0018617339037
62	0.00179036225917
63	0.00172279700736
64	0.00165877981966
65	0.00159807354058
66	0.00154046016293
67	0.00148573902329
68	0.00143372519139
69	0.00138424802974
70	0.0013371499036
71	0.00129228502361
72	0.00124951840591
73	0.00120872493627
74	0.00116978852671
75	0.00113260135431
76	0.00109706317322
77	0.00106308069207
78	0.00103056700966
79	0.000999441103019
80	0.000969627362219
81	0.000941055167227
82	0.000913658502534
83	0.000887375605778
84	0.00086214864698
85	0.000837923435425
86	0.000814649151504
87	0.000792278101129
88	0.000770765490596
89	0.000750069219986
90	0.000730149693384
91	0.000710969644382
92	0.000692493975492
93	0.00067468961021
94	0.000657525356622
95	0.000640971781542
96	0.000625001094259
97	0.000609587039078
98	0.000594704795905
99	0.000580330888195
100	0.000566443097663
101	0.000553020385181
102	0.000540042817371
103	0.000527491498435
104	0.000515348506784
105	0.000503596836108
106	0.000492220340526
107	0.000481203683492
108	0.000470532290189
109	0.000460192303117
110	0.000450170540653
111	0.000440454458355
112	0.0004310321128
113	0.000421892127774
114	0.000413023662642
115	0.000404416382741
116	0.000396060431642
117	0.000387946405163
118	0.000380065326993
119	0.000372408625827
120	0.0003649681139
121	0.000357735966823
122	0.000350704704636
123	0.000343867173995
124	0.000337216531415
125	0.000330746227494
126	0.000324449992064
127	0.000318321820199
128	0.000312355959029
129	0.000306546895301
130	0.00030088934365
131	0.000295378235525
132	0.000290008708733
133	0.000284776097561
134	0.000279675923442
135	0.000274703886131
136	0.000269855855349
137	0.000265127862893
138	0.000260516095148
139	0.00025601688601
140	0.000251626710173
141	0.000247342176771
142	0.000243160023344
143	0.000239077110123
144	0.000235090414598
145	0.000231197026369
146	0.000227394142255
147	0.000223679061642
148	0.000220049182073
149	0.000216501995047
150	0.000213035082028
151	0.00020964611065
152	0.000206332831103
153	0.000203093072694
154	0.000199924740572
155	0.000196825812612
156	0.00019379433644
157	0.000190828426605
158	0.000187926261874
159	0.000185086082664
160	0.000182306188577
161	0.000179584936064
162	0.000176920736183
163	0.000174312052467
164	0.000171757398879
165	0.000169255337865
166	0.000166804478495
167	0.000164403474677
168	0.000162051023458
169	0.000159745863397
170	0.000157486773006
171	0.000155272569258
172	0.000153102106165
173	0.000150974273411
174	0.00014888799504
175	0.000146842228211
176	0.000144835961991
177	0.00014286821621
178	0.000140938040353
179	0.00013904451251
180	0.000137186738356
181	0.000135363850181
182	0.000133575005958
183	0.000131819388445
184	0.000130096204327
185	0.000128404683393
186	0.000126744077737
187	0.000125113661003
188	0.000123512727651
189	0.000121940592253
190	0.000120396588821
191	0.000118880070153
192	0.00011739040721
193	0.000115926988519
194	0.000114489219589
195	0.00011307652236
196	0.000111688334663
197	0.000110324109712
198	0.0001089833156
199	0.00010766543483
200	0.000106369963847
201	0.0001050964126
202	0.000103844304115
203	0.000102613174082
204	0.00010140257046
205	0.000100212053093
206	9.90411933455e-05
207	9.78895737414e-05
208	9.67567876266e-05
209	9.56424388357e-05
210	9.45461413739e-05
211	9.34675191086e-05
212	9.24062054732e-05
213	9.13618431792e-05
214	9.03340839402e-05
215	8.93225882041e-05
216	8.8327024895e-05
217	8.73470711634e-05
218	8.63824121457e-05
219	8.54327407307e-05
220	8.44977573352e-05
221	8.35771696856e-05
222	8.26706926083e-05
223	8.17780478261e-05
224	8.08989637613e-05
225	8.00331753457e-05
226	7.91804238367e-05
227	7.8340456639e-05
228	7.75130271326e-05
229	7.6697894506e-05
230	7.58948235948e-05
231	7.51035847257e-05
232	7.43239535649e-05
233	7.35557109723e-05
234	7.27986428592e-05
235	7.20525400509e-05
236	7.1317198154e-05
237	7.05924174274e-05
238	6.98780026573e-05
239	6.91737630361e-05
240	6.84795120452e-05
241	6.77950673414e-05
242	6.71202506463e-05
243	6.64548876397e-05
244	6.57988078559e-05
245	6.51518445829e-05
246	6.45138347652e-05
247	6.3884618909e-05
248	6.32640409906e-05
249	6.26519483671e-05
250	6.20481916902e-05
251	6.14526248219e-05
252	6.08651047537e-05
253	6.02854915271e-05
254	5.97136481568e-05
255	5.91494405565e-05
256	5.85927374663e-05
257	5.80434103825e-05
258	5.75013334891e-05
259	5.69663835917e-05
260	5.64384400531e-05
261	5.59173847304e-05
262	5.54031019143e-05
263	5.48954782699e-05
264	5.43944027793e-05
265	5.38997666857e-05
266	5.34114634388e-05
267	5.29293886423e-05
268	5.24534400024e-05
269	5.19835172776e-05
270	5.15195222306e-05
271	5.10613585806e-05
272	5.06089319573e-05
273	5.01621498566e-05
274	4.97209215964e-05
275	4.92851582749e-05
276	4.88547727288e-05
277	4.84296794935e-05
278	4.8009794764e-05
279	4.75950363568e-05
280	4.71853236727e-05
281	4.67805776612e-05
282	4.63807207848e-05
283	4.59856769855e-05
284	4.55953716506e-05
285	4.52097315813e-05
286	4.48286849602e-05
287	4.4452161321e-05
288	4.40800915184e-05
289	4.37124076988e-05
290	4.3349043272e-05
291	4.29899328831e-05
292	4.26350123857e-05
293	4.22842188155e-05
294	4.19374903646e-05
295	4.15947663563e-05
296	4.12559872208e-05
297	4.09210944711e-05
298	4.05900306803e-05
299	4.02627394582e-05
300	3.993916543e-05
301	3.96192542139e-05
302	3.93029524008e-05
303	3.89902075331e-05
304	3.86809680854e-05
305	3.83751834442e-05
306	3.80728038896e-05
307	3.77737805758e-05
308	3.7478065514e-05
309	3.71856115535e-05
310	3.68963723655e-05
311	3.66103024255e-05
312	3.63273569969e-05
313	3.60474921151e-05
314	3.57706645717e-05
315	3.5496831899e-05
316	3.52259523553e-05
317	3.495798491e-05
318	3.46928892292e-05
319	3.44306256621e-05
320	3.4171155227e-05
321	3.39144395982e-05
322	3.36604410929e-05
323	3.34091226582e-05
324	3.31604478592e-05
325	3.29143808662e-05
326	3.26708864434e-05
327	3.2429929937e-05
328	3.21914772637e-05
329	3.19554949001e-05
330	3.17219498712e-05
331	3.14908097402e-05
332	3.12620425983e-05
333	3.1035617054e-05
334	3.08115022236e-05
335	3.05896677216e-05
336	3.03700836506e-05
337	3.01527205928e-05
338	2.99375496005e-05
339	2.97245421871e-05
340	2.95136703188e-05
341	2.93049064059e-05
342	2.90982232945e-05
343	2.88935942583e-05
344	2.86909929908e-05
345	2.84903935973e-05
346	2.82917705877e-05
347	2.80950988685e-05
348	2.79003537359e-05
349	2.77075108685e-05
350	2.75165463202e-05
351	2.73274365137e-05
352	2.71401582334e-05
353	2.69546886191e-05
354	2.67710051595e-05
355	2.6589085686e-05
356	2.64089083662e-05
357	2.62304516984e-05
358	2.60536945052e-05
359	2.5878615928e-05
360	2.57051954214e-05
361	2.55334127472e-05
362	2.53632479696e-05
363	2.51946814493e-05
364	2.50276938387e-05
365	2.48622660765e-05
366	2.46983793829e-05
367	2.45360152545e-05
368	2.43751554597e-05
369	2.42157820338e-05
370	2.40578772745e-05
371	2.39014237373e-05
372	2.37464042312e-05
373	2.3592801814e-05
374	2.34405997887e-05
375	2.32897816986e-05
376	2.31403313234e-05
377	2.29922326757e-05
378	2.28454699964e-05
379	2.2700027751e-05
380	2.25558906263e-05
381	2.24130435258e-05
382	2.2271471567e-05
383	2.21311600772e-05
384	2.19920945902e-05
385	2.18542608429e-05
386	2.17176447718e-05
387	2.158223251e-05
388	2.14480103834e-05
389	2.13149649082e-05
390	2.11830827874e-05
391	2.10523509077e-05
392	2.09227563365e-05
393	2.07942863193e-05
394	2.06669282764e-05
395	2.05406698002e-05
396	2.04154986526e-05
397	2.02914027619e-05
398	2.01683702205e-05
399	2.00463892819e-05
400	1.99254483586e-05
401	1.98055360191e-05
402	1.96866409855e-05
403	1.95687521314e-05
404	1.94518584791e-05
405	1.93359491975e-05
406	1.92210135995e-05
407	1.91070411402e-05
408	1.89940214142e-05
409	1.88819441537e-05
410	1.87707992262e-05
411	1.86605766325e-05
412	1.85512665045e-05
413	1.84428591035e-05
414	1.83353448177e-05
415	1.82287141605e-05
416	1.81229577688e-05
417	1.80180664006e-05
418	1.79140309335e-05
419	1.78108423629e-05
420	1.77084918e-05
421	1.760697047e-05
422	1.75062697109e-05
423	1.74063809709e-05
424	1.73072958075e-05
425	1.72090058857e-05
426	1.71115029759e-05
427	1.70147789531e-05
428	1.69188257945e-05
429	1.68236355788e-05
430	1.6729200484e-05
431	1.66355127863e-05
432	1.65425648587e-05
433	1.64503491691e-05
434	1.63588582795e-05
435	1.62680848443e-05
436	1.61780216088e-05
437	1.60886614082e-05
438	1.59999971662e-05
439	1.59120218934e-05
440	1.58247286866e-05
441	1.57381107268e-05
442	1.56521612789e-05
443	1.55668736897e-05
444	1.54822413869e-05
445	1.53982578784e-05
446	1.53149167505e-05
447	1.52322116672e-05
448	1.51501363689e-05
449	1.50686846715e-05
450	1.49878504651e-05
451	1.4907627713e-05
452	1.48280104508e-05
453	1.47489927853e-05
454	1.46705688933e-05
455	1.4592733021e-05
456	1.45154794827e-05
457	1.44388026601e-05
458	1.43626970011e-05
459	1.42871570191e-05
460	1.42121772918e-05
461	1.41377524606e-05
462	1.40638772299e-05
463	1.39905463654e-05
464	1.39177546941e-05
465	1.38454971033e-05
466	1.37737685393e-05
467	1.37025640071e-05
468	1.36318785694e-05
469	1.35617073457e-05
470	1.34920455118e-05
471	1.34228882989e-05
472	1.33542309925e-05
473	1.32860689325e-05
474	1.32183975115e-05
475	1.31512121749e-05
476	1.30845084196e-05
477	1.30182817937e-05
478	1.29525278956e-05
479	1.28872423733e-05
480	1.2822420924e-05
481	1.27580592931e-05
482	1.2694153274e-05
483	1.26306987068e-05
484	1.25676914783e-05
485	1.25051275213e-05
486	1.24430028136e-05
487	1.23813133778e-05
488	1.23200552805e-05
489	1.22592246319e-05
490	1.21988175849e-05
491	1.21388303351e-05
492	1.20792591197e-05
493	1.20201002172e-05
494	1.19613499468e-05
495	1.19030046681e-05
496	1.18450607802e-05
497	1.17875147214e-05
498	1.17303629687e-05
499	1.16736020374e-05
500	1.16172284803e-05
501	1.15612388875e-05
502	1.15056298859e-05
503	1.14503981386e-05
504	1.13955403444e-05
505	1.13410532376e-05
506	1.12869335873e-05
507	1.12331781972e-05
508	1.1179783905e-05
509	1.11267475818e-05
510	1.1074066132e-05
511	1.1021736493e-05
512	1.09697556342e-05
513	1.0918120557e-05
514	1.08668282946e-05
515	1.0815875911e-05
516	1.07652605014e-05
517	1.0714979191e-05
518	1.06650291351e-05
519	1.06154075188e-05
520	1.05661115565e-05
521	1.05171384911e-05
522	1.04684855947e-05
523	1.0420150167e-05
524	1.0372129536e-05
525	1.03244210571e-05
526	1.02770221127e-05
527	1.02299301123e-05
528	1.0183142492e-05
529	1.01366567138e-05
530	1.00904702658e-05
531	1.00445806618e-05
532	9.99898544059e-06
533	9.95368216614e-06
534	9.90866842703e-06
535	9.86394183622e-06
536	9.81950003078e-06
537	9.77534067154e-06
538	9.73146144288e-06
539	9.68786005239e-06
540	9.64453423066e-06
541	9.60148173093e-06
542	9.55870032887e-06
543	9.51618782232e-06
544	9.47394203101e-06
545	9.4319607963e-06
546	9.39024198095e-06
547	9.34878346882e-06
548	9.30758316471e-06
549	9.26663899401e-06
550	9.22594890255e-06
551	9.18551085631e-06
552	9.14532284119e-06
553	9.10538286281e-06
554	9.06568894626e-06
555	9.02623913586e-06
556	8.98703149497e-06
557	8.94806410577e-06
558	8.90933506899e-06
559	8.87084250379e-06
560	8.83258454746e-06
561	8.79455935525e-06
562	8.7567651002e-06
563	8.71919997286e-06
564	8.68186218116e-06
565	8.64474995019e-06
566	8.60786152199e-06
567	8.57119515537e-06
568	8.53474912573e-06
569	8.49852172486e-06
570	8.46251126077e-06
571	8.42671605748e-06
572	8.39113445489e-06
573	8.35576480855e-06
574	8.3206054895e-06
575	8.28565488413e-06
576	8.25091139396e-06
577	8.21637343552e-06
578	8.18203944013e-06
579	8.14790785379e-06
580	8.113977137e-06
581	8.08024576455e-06
582	8.04671222546e-06
583	8.01337502274e-06
584	7.98023267328e-06
585	7.94728370766e-06
586	7.91452667005e-06
587	7.88196011804e-06
588	7.84958262247e-06
589	7.81739276732e-06
590	7.78538914954e-06
591	7.75357037895e-06
592	7.72193507803e-06
593	7.69048188188e-06
594	7.65920943798e-06
595	7.62811640614e-06
596	7.59720145832e-06
597	7.56646327853e-06
598	7.53590056266e-06
599	7.50551201841e-06
600	7.47529636509e-06
601	7.44525233358e-06
602	7.41537866614e-06
603	7.38567411633e-06
604	7.35613744885e-06
605	7.32676743948e-06
606	7.29756287489e-06
607	7.2685225526e-06
608	7.23964528082e-06
609	7.21092987832e-06
610	7.18237517438e-06
611	7.15398000863e-06
612	7.12574323097e-06
613	7.09766370143e-06
614	7.06974029011e-06
615	7.04197187702e-06
616	7.01435735203e-06
617	6.98689561474e-06
618	6.95958557438e-06
619	6.9324261497e-06
620	6.90541626892e-06
621	6.87855486955e-06
622	6.85184089839e-06
623	6.82527331136e-06
624	6.79885107342e-06
625	6.77257315852e-06
626	6.74643854947e-06
627	6.72044623783e-06
628	6.69459522389e-06
629	6.6688845165e-06
630	6.64331313306e-06
631	6.61788009935e-06
632	6.59258444953e-06
633	6.567425226e-06
634	6.54240147933e-06
635	6.51751226818e-06
636	6.49275665923e-06
637	6.46813372705e-06
638	6.44364255411e-06
639	6.41928223062e-06
640	6.39505185447e-06
641	6.37095053119e-06
642	6.34697737384e-06
643	6.32313150294e-06
644	6.29941204639e-06
645	6.27581813943e-06
646	6.25234892451e-06
647	6.22900355129e-06
648	6.20578117649e-06
649	6.18268096389e-06
650	6.15970208422e-06
651	6.1368437151e-06
652	6.11410504099e-06
653	6.09148525307e-06
654	6.06898354926e-06
655	6.04659913407e-06
656	6.02433121859e-06
657	6.00217902039e-06
658	5.9801417635e-06
659	5.95821867829e-06
660	5.93640900147e-06
661	5.91471197597e-06
662	5.89312685093e-06
663	5.8716528816e-06
664	5.85028932932e-06
665	5.82903546142e-06
666	5.80789055119e-06
667	5.78685387783e-06
668	5.76592472634e-06
669	5.74510238755e-06
670	5.72438615798e-06
671	5.70377533985e-06
672	5.68326924097e-06
673	5.66286717474e-06
674	5.64256846007e-06
675	5.62237242132e-06
676	5.60227838825e-06
677	5.58228569601e-06
678	5.56239368501e-06
679	5.54260170096e-06
680	5.52290909474e-06
681	5.50331522243e-06
682	5.48381944517e-06
683	5.46442112919e-06
684	5.44511964575e-06
685	5.42591437103e-06
686	5.40680468616e-06
687	5.38778997716e-06
688	5.36886963484e-06
689	5.35004305482e-06
690	5.33130963746e-06
691	5.31266878781e-06
692	5.29411991557e-06
693	5.27566243504e-06
694	5.25729576512e-06
695	5.23901932919e-06
696	5.22083255515e-06
697	5.20273487533e-06
698	5.18472572645e-06
699	5.1668045496e-06
700	5.1489707902e-06
701	5.13122389793e-06
702	5.11356332672e-06
703	5.09598853471e-06
704	5.07849898421e-06
705	5.06109414164e-06
706	5.04377347752e-06
707	5.02653646642e-06
708	5.00938258692e-06
709	4.9923113216e-06
710	4.97532215697e-06
711	4.95841458343e-06
712	4.94158809529e-06
713	4.92484219068e-06
714	4.90817637152e-06
715	4.89159014352e-06
716	4.87508301612e-06
717	4.85865450246e-06
718	4.84230411936e-06
719	4.82603138725e-06
720	4.80983583019e-06
721	4.79371697581e-06
722	4.77767435526e-06
723	4.76170750323e-06
724	4.74581595787e-06
725	4.72999926077e-06
726	4.71425695695e-06
727	4.69858859482e-06
728	4.68299372613e-06
729	4.66747190597e-06
730	4.65202269274e-06
731	4.63664564807e-06
732	4.62134033688e-06
733	4.60610632726e-06
734	4.59094319051e-06
735	4.57585050108e-06
736	4.56082783655e-06
737	4.54587477759e-06
738	4.53099090797e-06
739	4.51617581448e-06
740	4.50142908696e-06
741	4.48675031821e-06
742	4.47213910403e-06
743	4.45759504316e-06
744	4.44311773724e-06
745	4.42870679083e-06
746	4.41436181134e-06
747	4.40008240903e-06
748	4.38586819698e-06
749	4.37171879106e-06
750	4.35763380993e-06
751	4.34361287498e-06
752	4.32965561032e-06
753	4.31576164278e-06
754	4.30193060186e-06
755	4.28816211972e-06
756	4.27445583114e-06
757	4.26081137352e-06
758	4.24722838686e-06
759	4.2337065137e-06
760	4.22024539916e-06
761	4.20684469085e-06
762	4.19350403891e-06
763	4.18022309594e-06
764	4.16700151701e-06
765	4.15383895964e-06
766	4.14073508375e-06
767	4.12768955168e-06
768	4.11470202813e-06
769	4.10177218018e-06
770	4.08889967724e-06
771	4.07608419102e-06
772	4.06332539557e-06
773	4.05062296721e-06
774	4.03797658449e-06
775	4.02538592826e-06
776	4.01285068155e-06
777	4.00037052963e-06
778	3.98794515993e-06
779	3.97557426207e-06
780	3.96325752782e-06
781	3.9509946511e-06
782	3.93878532792e-06
783	3.92662925641e-06
784	3.91452613678e-06
785	3.9024756713e-06
786	3.89047756431e-06
787	3.87853152216e-06
788	3.86663725323e-06
789	3.8547944679e-06
790	3.84300287853e-06
791	3.83126219945e-06
792	3.81957214693e-06
793	3.80793243921e-06
794	3.79634279642e-06
795	3.7848029406e-06
796	3.77331259568e-06
797	3.76187148748e-06
798	3.75047934367e-06
799	3.73913589375e-06
800	3.72784086908e-06
801	3.71659400281e-06
802	3.7053950299e-06
803	3.69424368709e-06
804	3.68313971291e-06
805	3.67208284763e-06
806	3.66107283328e-06
807	3.65010941359e-06
808	3.63919233405e-06
809	3.62832134182e-06
810	3.61749618575e-06
811	3.60671661639e-06
812	3.59598238594e-06
813	3.58529324823e-06
814	3.57464895876e-06
815	3.56404927464e-06
816	3.55349395459e-06
817	3.54298275892e-06
818	3.53251544953e-06
819	3.52209178992e-06
820	3.5117115451e-06
821	3.50137448168e-06
822	3.49108036778e-06
823	3.48082897305e-06
824	3.47062006865e-06
825	3.46045342725e-06
826	3.45032882299e-06
827	3.44024603152e-06
828	3.43020482993e-06
829	3.42020499677e-06
830	3.41024631205e-06
831	3.40032855719e-06
832	3.39045151505e-06
833	3.38061496989e-06
834	3.37081870739e-06
835	3.36106251458e-06
836	3.35134617991e-06
837	3.34166949317e-06
838	3.33203224552e-06
839	3.32243422947e-06
840	3.31287523887e-06
841	3.30335506887e-06
842	3.29387351598e-06
843	3.28443037797e-06
844	3.27502545394e-06
845	3.26565854427e-06
846	3.25632945062e-06
847	3.24703797589e-06
848	3.23778392428e-06
849	3.22856710121e-06
850	3.21938731335e-06
851	3.2102443686e-06
852	3.20113807606e-06
853	3.19206824608e-06
854	3.18303469018e-06
855	3.17403722108e-06
856	3.1650756527e-06
857	3.15614980012e-06
858	3.14725947958e-06
859	3.1384045085e-06
860	3.12958470543e-06
861	3.12079989007e-06
862	3.11204988325e-06
863	3.10333450693e-06
864	3.09465358417e-06
865	3.08600693916e-06
866	3.07739439716e-06
867	3.06881578454e-06
868	3.06027092875e-06
869	3.05175965833e-06
870	3.04328180285e-06
871	3.03483719296e-06
872	3.02642566038e-06
873	3.01804703784e-06
874	3.00970115912e-06
875	3.00138785904e-06
876	2.99310697342e-06
877	2.98485833911e-06
878	2.97664179395e-06
879	2.9684571768e-06
880	2.96030432748e-06
881	2.95218308683e-06
882	2.94409329665e-06
883	2.9360347997e-06
884	2.92800743972e-06
885	2.92001106139e-06
886	2.91204551035e-06
887	2.90411063319e-06
888	2.89620627741e-06
889	2.88833229146e-06
890	2.8804885247e-06
891	2.87267482741e-06
892	2.86489105079e-06
893	2.85713704692e-06
894	2.84941266879e-06
895	2.84171777027e-06
896	2.83405220612e-06
897	2.82641583198e-06
898	2.81880850435e-06
899	2.8112300806e-06
900	2.80368041895e-06
901	2.7961593785e-06
902	2.78866681915e-06
903	2.78120260167e-06
904	2.77376658767e-06
905	2.76635863957e-06
906	2.75897862061e-06
907	2.75162639486e-06
908	2.74430182719e-06
909	2.73700478328e-06
910	2.72973512962e-06
911	2.72249273346e-06
912	2.71527746288e-06
913	2.70808918671e-06
914	2.70092777457e-06
915	2.69379309685e-06
916	2.6866850247e-06
917	2.67960343005e-06
918	2.67254818556e-06
919	2.66551916466e-06
920	2.65851624151e-06
921	2.65153929102e-06
922	2.64458818883e-06
923	2.6376628113e-06
924	2.63076303554e-06
925	2.62388873936e-06
926	2.61703980127e-06
927	2.61021610053e-06
928	2.60341751708e-06
929	2.59664393155e-06
930	2.58989522527e-06
931	2.58317128029e-06
932	2.5764719793e-06
933	2.5697972057e-06
934	2.56314684355e-06
935	2.55652077761e-06
936	2.54991889326e-06
937	2.54334107658e-06
938	2.5367872143e-06
939	2.53025719379e-06
940	2.52375090308e-06
941	2.51726823083e-06
942	2.51080906637e-06
943	2.50437329964e-06
944	2.49796082121e-06
945	2.49157152229e-06
946	2.4852052947e-06
947	2.47886203089e-06
948	2.47254162392e-06
949	2.46624396746e-06
950	2.45996895579e-06
951	2.45371648378e-06
952	2.4474864469e-06
953	2.44127874123e-06
954	2.43509326342e-06
955	2.42892991072e-06
956	2.42278858095e-06
957	2.41666917252e-06
958	2.41057158441e-06
959	2.40449571616e-06
960	2.39844146789e-06
961	2.39240874028e-06
962	2.38639743456e-06
963	2.38040745253e-06
964	2.37443869653e-06
965	2.36849106945e-06
966	2.36256447472e-06
967	2.35665881633e-06
968	2.35077399878e-06
969	2.34490992713e-06
970	2.33906650694e-06
971	2.33324364433e-06
972	2.32744124591e-06
973	2.32165921883e-06
974	2.31589747076e-06
975	2.31015590987e-06
976	2.30443444484e-06
977	2.29873298486e-06
978	2.29305143963e-06
979	2.28738971934e-06
980	2.28174773466e-06
981	2.2761253968e-06
982	2.2705226174e-06
983	2.26493930864e-06
984	2.25937538316e-06
985	2.25383075406e-06
986	2.24830533496e-06
987	2.24279903992e-06
988	2.23731178348e-06
989	2.23184348065e-06
990	2.22639404691e-06
991	2.2209633982e-06
992	2.21555145091e-06
993	2.21015812189e-06
994	2.20478332844e-06
995	2.19942698833e-06
996	2.19408901974e-06
997	2.18876934133e-06
998	2.18346787218e-06
999	2.17818453182e-06
1000	2.1729192402e-06
1001	2.16767191773e-06
1002	2.16244248522e-06
1003	2.15723086392e-06
1004	2.15203697552e-06
1005	2.14686074211e-06
1006	2.1417020862e-06
1007	2.13656093074e-06
1008	2.13143719906e-06
1009	2.12633081492e-06
1010	2.1212417025e-06
1011	2.11616978637e-06
1012	2.11111499149e-06
1013	2.10607724326e-06
1014	2.10105646745e-06
1015	2.09605259023e-06
1016	2.09106553816e-06
1017	2.08609523821e-06
1018	2.08114161771e-06
1019	2.0762046044e-06
1020	2.0712841264e-06
1021	2.06638011219e-06
1022	2.06149249066e-06
1023	2.05662119105e-06
1024	2.051766143e-06
1025	2.04692727649e-06
1026	2.04210452189e-06
1027	2.03729780994e-06
1028	2.03250707173e-06
1029	2.02773223873e-06
1030	2.02297324276e-06
1031	2.01823001599e-06
1032	2.01350249096e-06
1033	2.00879060056e-06
1034	2.00409427803e-06
1035	1.99941345695e-06
1036	1.99474807127e-06
1037	1.99009805526e-06
1038	1.98546334356e-06
1039	1.98084387111e-06
1040	1.97623957323e-06
1041	1.97165038555e-06
1042	1.96707624406e-06
1043	1.96251708505e-06
1044	1.95797284516e-06
1045	1.95344346136e-06
1046	1.94892887093e-06
1047	1.9444290115e-06
1048	1.939943821e-06
1049	1.93547323769e-06
1050	1.93101720015e-06
1051	1.92657564726e-06
1052	1.92214851824e-06
1053	1.9177357526e-06
1054	1.91333729019e-06
1055	1.90895307112e-06
1056	1.90458303586e-06
1057	1.90022712515e-06
1058	1.89588528005e-06
1059	1.89155744192e-06
1060	1.8872435524e-06
1061	1.88294355345e-06
1062	1.87865738733e-06
1063	1.87438499657e-06
1064	1.87012632401e-06
1065	1.86588131278e-06
1066	1.86164990629e-06
1067	1.85743204824e-06
1068	1.85322768263e-06
1069	1.84903675372e-06
1070	1.84485920606e-06
1071	1.84069498449e-06
1072	1.83654403413e-06
1073	1.83240630036e-06
1074	1.82828172884e-06
1075	1.82417026551e-06
1076	1.8200718566e-06
1077	1.81598644856e-06
1078	1.81191398816e-06
1079	1.80785442241e-06
1080	1.8038076986e-06
1081	1.79977376426e-06
1082	1.79575256722e-06
1083	1.79174405553e-06
1084	1.78774817753e-06
1085	1.7837648818e-06
1086	1.77979411719e-06
1087	1.7758358328e-06
1088	1.77188997797e-06
1089	1.76795650231e-06
1090	1.76403535568e-06
1091	1.76012648817e-06
1092	1.75622985015e-06
1093	1.75234539219e-06
1094	1.74847306514e-06
1095	1.74461282009e-06
1096	1.74076460836e-06
1097	1.73692838152e-06
1098	1.73310409137e-06
1099	1.72929168995e-06
1100	1.72549112954e-06
1101	1.72170236265e-06
1102	1.71792534203e-06
1103	1.71416002065e-06
1104	1.71040635173e-06
1105	1.7066642887e-06
1106	1.70293378523e-06
1107	1.6992147952e-06
1108	1.69550727274e-06
1109	1.69181117218e-06
1110	1.6881264481e-06
1111	1.68445305528e-06
1112	1.68079094872e-06
1113	1.67714008364e-06
1114	1.6735004155e-06
1115	1.66987189994e-06
1116	1.66625449285e-06
1117	1.66264815031e-06
1118	1.65905282861e-06
1119	1.65546848428e-06
1120	1.65189507403e-06
1121	1.6483325548e-06
1122	1.64478088372e-06
1123	1.64124001814e-06
1124	1.63770991562e-06
1125	1.63419053389e-06
1126	1.63068183094e-06
1127	1.6271837649e-06
1128	1.62369629416e-06
1129	1.62021937726e-06
1130	1.61675297297e-06
1131	1.61329704024e-06
1132	1.60985153823e-06
1133	1.60641642629e-06
1134	1.60299166395e-06
1135	1.59957721096e-06
1136	1.59617302724e-06
1137	1.59277907291e-06
1138	1.58939530827e-06
1139	1.58602169384e-06
1140	1.58265819028e-06
1141	1.57930475847e-06
1142	1.57596135947e-06
1143	1.57262795452e-06
1144	1.56930450505e-06
1145	1.56599097265e-06
1146	1.56268731912e-06
1147	1.55939350642e-06
1148	1.55610949671e-06
1149	1.55283525232e-06
1150	1.54957073573e-06
1151	1.54631590965e-06
1152	1.54307073691e-06
1153	1.53983518056e-06
1154	1.53660920379e-06
1155	1.53339276998e-06
1156	1.53018584268e-06
1157	1.52698838561e-06
1158	1.52380036265e-06
1159	1.52062173786e-06
1160	1.51745247547e-06
1161	1.51429253987e-06
1162	1.51114189561e-06
1163	1.50800050742e-06
1164	1.50486834018e-06
1165	1.50174535894e-06
1166	1.49863152891e-06
1167	1.49552681547e-06
1168	1.49243118416e-06
1169	1.48934460065e-06
1170	1.48626703082e-06
1171	1.48319844066e-06
1172	1.48013879634e-06
1173	1.47708806419e-06
1174	1.47404621068e-06
1175	1.47101320246e-06
1176	1.4679890063e-06
1177	1.46497358914e-06
1178	1.46196691808e-06
1179	1.45896896036e-06
1180	1.45597968337e-06
1181	1.45299905465e-06
1182	1.4500270419e-06
1183	1.44706361296e-06
1184	1.4441087358e-06
1185	1.44116237857e-06
1186	1.43822450954e-06
1187	1.43529509713e-06
1188	1.43237410991e-06
1189	1.42946151659e-06
1190	1.42655728602e-06
1191	1.4236613872e-06
1192	1.42077378926e-06
1193	1.41789446147e-06
1194	1.41502337325e-06
1195	1.41216049415e-06
1196	1.40930579387e-06
1197	1.40645924222e-06
1198	1.40362080917e-06
1199	1.40079046483e-06
1200	1.39796817943e-06
1201	1.39515392333e-06
1202	1.39234766703e-06
1203	1.38954938118e-06
1204	1.38675903654e-06
1205	1.38397660401e-06
1206	1.38120205462e-06
1207	1.37843535952e-06
1208	1.37567649e-06
1209	1.37292541749e-06
1210	1.37018211352e-06
1211	1.36744654977e-06
1212	1.36471869804e-06
1213	1.36199853025e-06
1214	1.35928601845e-06
1215	1.35658113482e-06
1216	1.35388385165e-06
1217	1.35119414136e-06
1218	1.34851197651e-06
1219	1.34583732974e-06
1220	1.34317017387e-06
1221	1.34051048178e-06
1222	1.33785822651e-06
1223	1.33521338121e-06
1224	1.33257591913e-06
1225	1.32994581368e-06
1226	1.32732303835e-06
1227	1.32470756675e-06
1228	1.32209937263e-06
1229	1.31949842983e-06
1230	1.31690471232e-06
1231	1.31431819419e-06
1232	1.31173884961e-06
1233	1.30916665292e-06
1234	1.30660157852e-06
1235	1.30404360094e-06
1236	1.30149269484e-06
1237	1.29894883496e-06
1238	1.29641199618e-06
1239	1.29388215347e-06
1240	1.29135928191e-06
1241	1.2888433567e-06
1242	1.28633435314e-06
1243	1.28383224663e-06
1244	1.2813370127e-06
1245	1.27884862697e-06
1246	1.27636706517e-06
1247	1.27389230313e-06
1248	1.27142431679e-06
1249	1.26896308219e-06
1250	1.26650857549e-06
1251	1.26406077292e-06
1252	1.26161965086e-06
1253	1.25918518574e-06
1254	1.25675735413e-06
1255	1.25433613268e-06
1256	1.25192149817e-06
1257	1.24951342743e-06
1258	1.24711189744e-06
1259	1.24471688525e-06
1260	1.24232836801e-06
1261	1.23994632299e-06
1262	1.23757072752e-06
1263	1.23520155908e-06
1264	1.23283879518e-06
1265	1.23048241349e-06
1266	1.22813239174e-06
1267	1.22578870775e-06
1268	1.22345133947e-06
1269	1.2211202649e-06
1270	1.21879546217e-06
1271	1.21647690948e-06
1272	1.21416458513e-06
1273	1.21185846752e-06
1274	1.20955853513e-06
1275	1.20726476654e-06
1276	1.20497714042e-06
1277	1.20269563553e-06
1278	1.20042023071e-06
1279	1.1981509049e-06
1280	1.19588763712e-06
1281	1.19363040651e-06
1282	1.19137919224e-06
1283	1.18913397363e-06
1284	1.18689473005e-06
1285	1.18466144096e-06
1286	1.18243408591e-06
1287	1.18021264455e-06
1288	1.17799709659e-06
1289	1.17578742185e-06
1290	1.17358360023e-06
1291	1.17138561169e-06
1292	1.1691934363e-06
1293	1.1670070542e-06
1294	1.16482644564e-06
1295	1.1626515909e-06
1296	1.1604824704e-06
1297	1.1583190646e-06
1298	1.15616135407e-06
1299	1.15400931943e-06
1300	1.15186294141e-06
1301	1.14972220081e-06
1302	1.1475870785e-06
1303	1.14545755545e-06
1304	1.14333361269e-06
1305	1.14121523134e-06
1306	1.13910239259e-06
1307	1.13699507772e-06
1308	1.13489326806e-06
1309	1.13279694506e-06
1310	1.13070609021e-06
1311	1.1286206851e-06
1312	1.12654071137e-06
1313	1.12446615077e-06
1314	1.1223969851e-06
1315	1.12033319624e-06
1316	1.11827476614e-06
1317	1.11622167684e-06
1318	1.11417391045e-06
1319	1.11213144914e-06
1320	1.11009427516e-06
1321	1.10806237083e-06
1322	1.10603571856e-06
1323	1.1040143008e-06
1324	1.10199810011e-06
1325	1.09998709909e-06
1326	1.09798128042e-06
1327	1.09598062686e-06
1328	1.09398512123e-06
1329	1.09199474643e-06
1330	1.09000948541e-06
1331	1.08802932121e-06
1332	1.08605423694e-06
1333	1.08408421575e-06
1334	1.0821192409e-06
1335	1.08015929568e-06
1336	1.07820436346e-06
1337	1.07625442771e-06
1338	1.07430947191e-06
1339	1.07236947964e-06
1340	1.07043443455e-06
1341	1.06850432035e-06
1342	1.0665791208e-06
1343	1.06465881975e-06
1344	1.06274340109e-06
1345	1.06083284881e-06
1346	1.05892714692e-06
1347	1.05702627954e-06
1348	1.05513023081e-06
1349	1.05323898497e-06
1350	1.0513525263e-06
1351	1.04947083916e-06
1352	1.04759390795e-06
1353	1.04572171716e-06
1354	1.04385425131e-06
1355	1.04199149502e-06
1356	1.04013343294e-06
1357	1.0382800498e-06
1358	1.03643133038e-06
1359	1.03458725952e-06
1360	1.03274782213e-06
1361	1.03091300318e-06
1362	1.02908278768e-06
1363	1.02725716072e-06
1364	1.02543610745e-06
1365	1.02361961306e-06
1366	1.02180766283e-06
1367	1.02000024206e-06
1368	1.01819733613e-06
1369	1.01639893048e-06
1370	1.01460501061e-06
1371	1.01281556206e-06
1372	1.01103057044e-06
1373	1.00925002141e-06
1374	1.00747390069e-06
1375	1.00570219407e-06
1376	1.00393488737e-06
1377	1.00217196648e-06
1378	1.00041341734e-06
1379	9.98659225961e-07
1380	9.96909378387e-07
1381	9.9516386073e-07
1382	9.93422659152e-07
1383	9.91685759871e-07
1384	9.89953149157e-07
1385	9.88224813336e-07
1386	9.86500738787e-07
1387	9.84780911939e-07
1388	9.83065319279e-07
1389	9.81353947342e-07
1390	9.79646782719e-07
1391	9.7794381205e-07
1392	9.76245022031e-07
1393	9.74550399406e-07
1394	9.72859930972e-07
1395	9.71173603578e-07
1396	9.69491404123e-07
1397	9.67813319556e-07
1398	9.66139336879e-07
1399	9.64469443142e-07
1400	9.62803625446e-07
1401	9.61141870942e-07
1402	9.5948416683e-07
1403	9.57830500361e-07
1404	9.56180858834e-07
1405	9.54535229596e-07
1406	9.52893600044e-07
1407	9.51255957624e-07
1408	9.49622289828e-07
1409	9.479925842e-07
1410	9.46366828327e-07
1411	9.44745009848e-07
1412	9.43127116447e-07
1413	9.41513135855e-07
1414	9.39903055852e-07
1415	9.38296864262e-07
1416	9.36694548958e-07
1417	9.35096097859e-07
1418	9.33501498928e-07
1419	9.31910740176e-07
1420	9.3032380966e-07
1421	9.28740695482e-07
1422	9.27161385787e-07
1423	9.25585868769e-07
1424	9.24014132664e-07
1425	9.22446165755e-07
1426	9.20881956367e-07
1427	9.19321492872e-07
1428	9.17764763683e-07
1429	9.16211757259e-07
1430	9.14662462104e-07
1431	9.13116866762e-07
1432	9.11574959822e-07
1433	9.10036729918e-07
1434	9.08502165723e-07
1435	9.06971255957e-07
1436	9.05443989379e-07
1437	9.03920354793e-07
1438	9.02400341043e-07
1439	9.00883937016e-07
1440	8.99371131642e-07
1441	8.9786191389e-07
1442	8.96356272773e-07
1443	8.94854197343e-07
1444	8.93355676695e-07
1445	8.91860699963e-07
1446	8.90369256324e-07
1447	8.88881334993e-07
1448	8.87396925227e-07
1449	8.85916016323e-07
1450	8.84438597617e-07
1451	8.82964658486e-07
1452	8.81494188346e-07
1453	8.80027176653e-07
1454	8.78563612901e-07
1455	8.77103486624e-07
1456	8.75646787395e-07
1457	8.74193504826e-07
1458	8.72743628567e-07
1459	8.71297148307e-07
1460	8.69854053772e-07
1461	8.68414334727e-07
1462	8.66977980975e-07
1463	8.65544982357e-07
1464	8.64115328752e-07
1465	8.62689010073e-07
1466	8.61266016276e-07
1467	8.59846337349e-07
1468	8.58429963319e-07
1469	8.5701688425e-07
1470	8.55607090243e-07
1471	8.54200571433e-07
1472	8.52797317995e-07
1473	8.51397320136e-07
1474	8.50000568103e-07
1475	8.48607052176e-07
1476	8.47216762672e-07
1477	8.45829689943e-07
1478	8.44445824376e-07
1479	8.43065156394e-07
1480	8.41687676455e-07
1481	8.40313375051e-07
1482	8.3894224271e-07
1483	8.37574269993e-07
1484	8.36209447497e-07
1485	8.34847765852e-07
1486	8.33489215725e-07
1487	8.32133787812e-07
1488	8.30781472847e-07
1489	8.29432261597e-07
1490	8.2808614486e-07
1491	8.26743113472e-07
1492	8.25403158297e-07
1493	8.24066270237e-07
1494	8.22732440223e-07
1495	8.21401659222e-07
1496	8.20073918231e-07
1497	8.18749208282e-07
1498	8.17427520438e-07
1499	8.16108845795e-07
1500	8.14793175479e-07
1501	8.13480500652e-07
1502	8.12170812504e-07
1503	8.10864102259e-07
1504	8.09560361172e-07
1505	8.0825958053e-07
1506	8.0696175165e-07
1507	8.05666865881e-07
1508	8.04374914603e-07
1509	8.03085889227e-07
1510	8.01799781196e-07
1511	8.00516581981e-07
1512	7.99236283086e-07
1513	7.97958876044e-07
1514	7.96684352418e-07
1515	7.95412703803e-07
1516	7.94143921823e-07
1517	7.92877998131e-07
1518	7.91614924411e-07
1519	7.90354692376e-07
1520	7.8909729377e-07
1521	7.87842720363e-07
1522	7.86590963959e-07
1523	7.85342016386e-07
1524	7.84095869506e-07
1525	7.82852515206e-07
1526	7.81611945403e-07
1527	7.80374152045e-07
1528	7.79139127105e-07
1529	7.77906862587e-07
1530	7.76677350521e-07
1531	7.75450582967e-07
1532	7.74226552013e-07
1533	7.73005249775e-07
1534	7.71786668395e-07
1535	7.70570800045e-07
1536	7.69357636923e-07
1537	7.68147171256e-07
1538	7.66939395297e-07
1539	7.65734301326e-07
1540	7.64531881653e-07
1541	7.63332128612e-07
1542	7.62135034564e-07
1543	7.60940591899e-07
1544	7.59748793032e-07
1545	7.58559630404e-07
1546	7.57373096485e-07
1547	7.5618918377e-07
1548	7.55007884778e-07
1549	7.53829192059e-07
1550	7.52653098184e-07
1551	7.51479595753e-07
1552	7.50308677392e-07
1553	7.49140335751e-07
1554	7.47974563506e-07
1555	7.4681135336e-07
1556	7.45650698039e-07
1557	7.44492590296e-07
1558	7.4333702291e-07
1559	7.42183988682e-07
1560	7.41033480442e-07
1561	7.3988549104e-07
1562	7.38740013357e-07
1563	7.37597040292e-07
1564	7.36456564774e-07
1565	7.35318579753e-07
1566	7.34183078205e-07
1567	7.3305005313e-07
1568	7.31919497553e-07
1569	7.30791404521e-07
1570	7.29665767107e-07
1571	7.28542578406e-07
1572	7.27421831539e-07
1573	7.26303519649e-07
1574	7.25187635903e-07
1575	7.24074173492e-07
1576	7.22963125629e-07
1577	7.21854485553e-07
1578	7.20748246524e-07
1579	7.19644401826e-07
1580	7.18542944764e-07
1581	7.17443868669e-07
1582	7.16347166894e-07
1583	7.15252832813e-07
1584	7.14160859824e-07
1585	7.13071241348e-07
1586	7.11983970827e-07
1587	7.10899041728e-07
1588	7.09816447537e-07
1589	7.08736181764e-07
1590	7.07658237941e-07
1591	7.06582609622e-07
1592	7.05509290383e-07
1593	7.04438273821e-07
1594	7.03369553556e-07
1595	7.02303123229e-07
1596	7.01238976502e-07
1597	7.0017710706e-07
1598	6.99117508608e-07
1599	6.98060174873e-07
1600	6.97005099604e-07
1601	6.95952276569e-07
1602	6.94901699558e-07
1603	6.93853362384e-07
1604	6.92807258878e-07
1605	6.91763382894e-07
1606	6.90721728304e-07
1607	6.89682289004e-07
1608	6.88645058908e-07
1609	6.87610031953e-07
1610	6.86577202092e-07
1611	6.85546563304e-07
1612	6.84518109584e-07
1613	6.83491834949e-07
1614	6.82467733435e-07
1615	6.814457991e-07
1616	6.80426026019e-07
1617	6.79408408289e-07
1618	6.78392940026e-07
1619	6.77379615367e-07
1620	6.76368428466e-07
1621	6.75359373499e-07
1622	6.7435244466e-07
1623	6.73347636162e-07
1624	6.7234494224e-07
1625	6.71344357144e-07
1626	6.70345875147e-07
1627	6.6934949054e-07
1628	6.68355197631e-07
1629	6.6736299075e-07
1630	6.66372864243e-07
1631	6.65384812477e-07
1632	6.64398829837e-07
1633	6.63414910725e-07
1634	6.62433049564e-07
1635	6.61453240794e-07
1636	6.60475478874e-07
1637	6.59499758281e-07
1638	6.58526073511e-07
1639	6.57554419077e-07
1640	6.56584789511e-07
1641	6.55617179363e-07
1642	6.54651583201e-07
1643	6.5368799561e-07
1644	6.52726411193e-07
1645	6.51766824573e-07
1646	6.50809230388e-07
1647	6.49853623294e-07
1648	6.48899997966e-07
1649	6.47948349096e-07
1650	6.46998671392e-07
1651	6.46050959581e-07
1652	6.45105208407e-07
1653	6.4416141263e-07
1654	6.4321956703e-07
1655	6.422796664e-07
1656	6.41341705554e-07
1657	6.4040567932e-07
1658	6.39471582545e-07
1659	6.38539410091e-07
1660	6.37609156838e-07
1661	6.36680817683e-07
1662	6.35754387538e-07
1663	6.34829861333e-07
1664	6.33907234015e-07
1665	6.32986500545e-07
1666	6.32067655902e-07
1667	6.31150695083e-07
1668	6.30235613097e-07
1669	6.29322404974e-07
1670	6.28411065756e-07
1671	6.27501590503e-07
1672	6.26593974292e-07
1673	6.25688212213e-07
1674	6.24784299376e-07
1675	6.23882230902e-07
1676	6.22982001932e-07
1677	6.22083607621e-07
1678	6.21187043138e-07
1679	6.20292303671e-07
1680	6.1939938442e-07
1681	6.18508280603e-07
1682	6.17618987453e-07
1683	6.16731500217e-07
1684	6.15845814159e-07
1685	6.14961924557e-07
1686	6.14079826704e-07
1687	6.13199515909e-07
1688	6.12320987497e-07
1689	6.11444236805e-07
1690	6.10569259187e-07
1691	6.09696050012e-07
1692	6.08824604663e-07
1693	6.07954918539e-07
1694	6.07086987052e-07
1695	6.0622080563e-07
1696	6.05356369715e-07
1697	6.04493674763e-07
1698	6.03632716246e-07
1699	6.02773489649e-07
1700	6.01915990472e-07
1701	6.0106021423e-07
1702	6.00206156451e-07
1703	5.99353812678e-07
1704	5.98503178469e-07
1705	5.97654249393e-07
1706	5.96807021036e-07
1707	5.95961488998e-07
1708	5.95117648891e-07
1709	5.94275496343e-07
1710	5.93435026994e-07
1711	5.92596236499e-07
1712	5.91759120526e-07
1713	5.90923674758e-07
1714	5.90089894891e-07
1715	5.89257776633e-07
1716	5.88427315707e-07
1717	5.87598507851e-07
1718	5.86771348813e-07
1719	5.85945834357e-07
1720	5.8512196026e-07
1721	5.84299722312e-07
1722	5.83479116315e-07
1723	5.82660138085e-07
1724	5.81842783453e-07
1725	5.81027048261e-07
1726	5.80212928364e-07
1727	5.79400419631e-07
1728	5.78589517944e-07
1729	5.77780219196e-07
1730	5.76972519296e-07
1731	5.76166414163e-07
1732	5.7536189973e-07
1733	5.74558971943e-07
1734	5.7375762676e-07
1735	5.72957860152e-07
1736	5.72159668101e-07
1737	5.71363046605e-07
1738	5.70567991672e-07
1739	5.69774499322e-07
1740	5.68982565588e-07
1741	5.68192186517e-07
1742	5.67403358166e-07
1743	5.66616076605e-07
1744	5.65830337917e-07
1745	5.65046138195e-07
1746	5.64263473548e-07
1747	5.63482340093e-07
1748	5.62702733961e-07
1749	5.61924651294e-07
1750	5.61148088248e-07
1751	5.60373040989e-07
1752	5.59599505695e-07
1753	5.58827478557e-07
1754	5.58056955776e-07
1755	5.57287933566e-07
1756	5.56520408152e-07
1757	5.55754375772e-07
1758	5.54989832674e-07
1759	5.54226775119e-07
1760	5.53465199377e-07
1761	5.52705101731e-07
1762	5.51946478478e-07
1763	5.51189325921e-07
1764	5.50433640379e-07
1765	5.49679418181e-07
1766	5.48926655665e-07
1767	5.48175349184e-07
1768	5.47425495098e-07
1769	5.46677089783e-07
1770	5.45930129621e-07
1771	5.45184611009e-07
1772	5.44440530354e-07
1773	5.43697884072e-07
1774	5.42956668592e-07
1775	5.42216880353e-07
1776	5.41478515807e-07
1777	5.40741571413e-07
1778	5.40006043643e-07
1779	5.39271928981e-07
1780	5.38539223919e-07
1781	5.37807924962e-07
1782	5.37078028623e-07
1783	5.36349531429e-07
1784	5.35622429914e-07
1785	5.34896720625e-07
1786	5.34172400118e-07
1787	5.33449464961e-07
1788	5.32727911732e-07
1789	5.32007737017e-07
1790	5.31288937416e-07
1791	5.30571509537e-07
1792	5.29855449998e-07
1793	5.29140755429e-07
1794	5.28427422468e-07
1795	5.27715447765e-07
1796	5.2700482798e-07
1797	5.26295559781e-07
1798	5.25587639848e-07
1799	5.24881064871e-07
1800	5.2417583155e-07
1801	5.23471936593e-07
1802	5.22769376719e-07
1803	5.22068148659e-07
1804	5.2136824915e-07
1805	5.20669674942e-07
1806	5.19972422793e-07
1807	5.19276489472e-07
1808	5.18581871755e-07
1809	5.17888566431e-07
1810	5.17196570297e-07
1811	5.1650588016e-07
1812	5.15816492835e-07
1813	5.15128405149e-07
1814	5.14441613936e-07
1815	5.13756116042e-07
1816	5.13071908321e-07
1817	5.12388987636e-07
1818	5.1170735086e-07
1819	5.11026994875e-07
1820	5.10347916572e-07
1821	5.09670112853e-07
1822	5.08993580627e-07
1823	5.08318316813e-07
1824	5.07644318339e-07
1825	5.06971582143e-07
1826	5.06300105171e-07
1827	5.05629884379e-07
1828	5.04960916731e-07
1829	5.042931992e-07
1830	5.0362672877e-07
1831	5.0296150243e-07
1832	5.02297517183e-07
1833	5.01634770036e-07
1834	5.00973258008e-07
1835	5.00312978126e-07
1836	4.99653927424e-07
1837	4.98996102948e-07
1838	4.9833950175e-07
1839	4.97684120892e-07
1840	4.97029957445e-07
1841	4.96377008487e-07
1842	4.95725271105e-07
1843	4.95074742397e-07
1844	4.94425419466e-07
1845	4.93777299425e-07
1846	4.93130379397e-07
1847	4.92484656511e-07
1848	4.91840127906e-07
1849	4.91196790728e-07
1850	4.90554642132e-07
1851	4.89913679284e-07
1852	4.89273899353e-07
1853	4.8863529952e-07
1854	4.87997876973e-07
1855	4.87361628909e-07
1856	4.86726552533e-07
1857	4.86092645058e-07
1858	4.85459903704e-07
1859	4.848283257e-07
1860	4.84197908284e-07
1861	4.83568648701e-07
1862	4.82940544204e-07
1863	4.82313592054e-07
1864	4.8168778952e-07
1865	4.8106313388e-07
1866	4.80439622419e-07
1867	4.79817252428e-07
1868	4.7919602121e-07
1869	4.78575926073e-07
1870	4.77956964332e-07
1871	4.77339133312e-07
1872	4.76722430345e-07
1873	4.76106852771e-07
1874	4.75492397936e-07
1875	4.74879063195e-07
1876	4.74266845912e-07
1877	4.73655743456e-07
1878	4.73045753205e-07
1879	4.72436872544e-07
1880	4.71829098867e-07
1881	4.71222429573e-07
1882	4.7061686207e-07
1883	4.70012393774e-07
1884	4.69409022108e-07
1885	4.68806744501e-07
1886	4.6820555839e-07
1887	4.67605461222e-07
1888	4.67006450448e-07
1889	4.66408523527e-07
1890	4.65811677927e-07
1891	4.6521591112e-07
1892	4.6462122059e-07
1893	4.64027603823e-07
1894	4.63435058317e-07
1895	4.62843581573e-07
1896	4.62253171101e-07
1897	4.61663824419e-07
1898	4.61075539051e-07
1899	4.60488312527e-07
1900	4.59902142387e-07
1901	4.59317026175e-07
1902	4.58732961444e-07
1903	4.58149945753e-07
1904	4.57567976668e-07
1905	4.56987051762e-07
1906	4.56407168615e-07
1907	4.55828324815e-07
1908	4.55250517954e-07
1909	4.54673745633e-07
1910	4.5409800546e-07
1911	4.53523295048e-07
1912	4.52949612019e-07
1913	4.52376954e-07
1914	4.51805318626e-07
1915	4.51234703538e-07
1916	4.50665106382e-07
1917	4.50096524815e-07
1918	4.49528956495e-07
1919	4.48962399092e-07
1920	4.4839685028e-07
1921	4.47832307738e-07
1922	4.47268769154e-07
1923	4.46706232223e-07
1924	4.46144694643e-07
1925	4.45584154123e-07
1926	4.45024608375e-07
1927	4.44466055118e-07
1928	4.4390849208e-07
1929	4.43351916991e-07
1930	4.42796327591e-07
1931	4.42241721625e-07
1932	4.41688096845e-07
1933	4.41135451008e-07
1934	4.40583781878e-07
1935	4.40033087225e-07
1936	4.39483364826e-07
1937	4.38934612464e-07
1938	4.38386827927e-07
1939	4.37840009011e-07
1940	4.37294153517e-07
1941	4.36749259252e-07
1942	4.3620532403e-07
1943	4.3566234567e-07
1944	4.35120321999e-07
1945	4.34579250847e-07
1946	4.34039130052e-07
1947	4.33499957459e-07
1948	4.32961730917e-07
1949	4.32424448282e-07
1950	4.31888107416e-07
1951	4.31352706186e-07
1952	4.30818242465e-07
1953	4.30284714134e-07
1954	4.29752119077e-07
1955	4.29220455186e-07
1956	4.28689720358e-07
1957	4.28159912495e-07
1958	4.27631029507e-07
1959	4.27103069308e-07
1960	4.26576029817e-07
1961	4.26049908962e-07
1962	4.25524704673e-07
1963	4.25000414888e-07
1964	4.24477037551e-07
1965	4.23954570609e-07
1966	4.23433012017e-07
1967	4.22912359736e-07
1968	4.2239261173e-07
1969	4.21873765972e-07
1970	4.21355820438e-07
1971	4.2083877311e-07
1972	4.20322621976e-07
1973	4.1980736503e-07
1974	4.19293000271e-07
1975	4.18779525703e-07
1976	4.18266939336e-07
1977	4.17755239185e-07
1978	4.17244423272e-07
1979	4.16734489622e-07
1980	4.16225436267e-07
1981	4.15717261244e-07
1982	4.15209962596e-07
1983	4.1470353837e-07
1984	4.14197986619e-07
1985	4.13693305401e-07
1986	4.13189492781e-07
1987	4.12686546827e-07
1988	4.12184465613e-07
1989	4.11683247219e-07
1990	4.11182889729e-07
1991	4.10683391234e-07
1992	4.10184749828e-07
1993	4.09686963612e-07
1994	4.0919003069e-07
1995	4.08693949175e-07
1996	4.0819871718e-07
1997	4.07704332828e-07
1998	4.07210794244e-07
1999	4.06718099558e-07
2000	4.06226246908e-07
2001	4.05735234434e-07
2002	4.05245060282e-07
2003	4.04755722603e-07
2004	4.04267219553e-07
2005	4.03779549294e-07
2006	4.03292709992e-07
2007	4.02806699817e-07
2008	4.02321516945e-07
2009	4.01837159558e-07
2010	4.01353625842e-07
2011	4.00870913986e-07
2012	4.00389022186e-07
2013	3.99907948643e-07
2014	3.99427691562e-07
2015	3.98948249153e-07
2016	3.98469619631e-07
2017	3.97991801215e-07
2018	3.9751479213e-07
2019	3.97038590606e-07
2020	3.96563194875e-07
2021	3.96088603178e-07
2022	3.95614813756e-07
2023	3.95141824859e-07
2024	3.94669634738e-07
2025	3.94198241653e-07
2026	3.93727643864e-07
2027	3.93257839638e-07
2028	3.92788827247e-07
2029	3.92320604967e-07
2030	3.91853171078e-07
2031	3.91386523866e-07
2032	3.9092066162e-07
2033	3.90455582635e-07
2034	3.8999128521e-07
2035	3.89527767647e-07
2036	3.89065028256e-07
2037	3.88603065347e-07
2038	3.88141877239e-07
2039	3.87681462253e-07
2040	3.87221818714e-07
2041	3.86762944952e-07
2042	3.86304839303e-07
2043	3.85847500105e-07
2044	3.85390925703e-07
2045	3.84935114443e-07
2046	3.84480064678e-07
2047	3.84025774766e-07
2048	3.83572243065e-07
2049	3.83119467944e-07
2050	3.82667447769e-07
2051	3.82216180917e-07
2052	3.81765665764e-07
2053	3.81315900694e-07
2054	3.80866884093e-07
2055	3.80418614352e-07
2056	3.79971089867e-07
2057	3.79524309037e-07
2058	3.79078270266e-07
2059	3.78632971961e-07
2060	3.78188412535e-07
2061	3.77744590404e-07
2062	3.77301503988e-07
2063	3.76859151712e-07
2064	3.76417532006e-07
2065	3.759766433e-07
2066	3.75536484033e-07
2067	3.75097052646e-07
2068	3.74658347584e-07
2069	3.74220367295e-07
2070	3.73783110234e-07
2071	3.73346574857e-07
2072	3.72910759625e-07
2073	3.72475663005e-07
2074	3.72041283465e-07
2075	3.71607619479e-07
2076	3.71174669525e-07
2077	3.70742432083e-07
2078	3.70310905638e-07
2079	3.69880088681e-07
2080	3.69449979704e-07
2081	3.69020577204e-07
2082	3.68591879682e-07
2083	3.68163885643e-07
2084	3.67736593596e-07
2085	3.67310002054e-07
2086	3.66884109532e-07
2087	3.66458914552e-07
2088	3.66034415638e-07
2089	3.65610611317e-07
2090	3.65187500122e-07
2091	3.64765080588e-07
2092	3.64343351254e-07
2093	3.63922310664e-07
2094	3.63501957365e-07
2095	3.63082289907e-07
2096	3.62663306845e-07
2097	3.62245006737e-07
2098	3.61827388146e-07
2099	3.61410449636e-07
2100	3.60994189777e-07
2101	3.60578607143e-07
2102	3.60163700309e-07
2103	3.59749467857e-07
2104	3.5933590837e-07
2105	3.58923020436e-07
2106	3.58510802646e-07
2107	3.58099253595e-07
2108	3.57688371883e-07
2109	3.5727815611e-07
2110	3.56868604883e-07
2111	3.56459716811e-07
2112	3.56051490507e-07
2113	3.55643924588e-07
2114	3.55237017672e-07
2115	3.54830768385e-07
2116	3.54425175352e-07
2117	3.54020237205e-07
2118	3.53615952578e-07
2119	3.53212320107e-07
2120	3.52809338435e-07
2121	3.52407006205e-07
2122	3.52005322066e-07
2123	3.51604284668e-07
2124	3.51203892668e-07
2125	3.50804144723e-07
2126	3.50405039495e-07
2127	3.50006575648e-07
2128	3.49608751852e-07
2129	3.49211566778e-07
2130	3.48815019102e-07
2131	3.48419107503e-07
2132	3.48023830661e-07
2133	3.47629187263e-07
2134	3.47235175998e-07
2135	3.46841795557e-07
2136	3.46449044635e-07
2137	3.46056921932e-07
2138	3.45665426149e-07
2139	3.45274555991e-07
2140	3.44884310167e-07
2141	3.44494687389e-07
2142	3.44105686372e-07
2143	3.43717305834e-07
2144	3.43329544496e-07
2145	3.42942401083e-07
2146	3.42555874324e-07
2147	3.42169962949e-07
2148	3.41784665693e-07
2149	3.41399981293e-07
2150	3.4101590849e-07
2151	3.40632446028e-07
2152	3.40249592654e-07
2153	3.39867347118e-07
2154	3.39485708174e-07
2155	3.39104674578e-07
2156	3.3872424509e-07
2157	3.38344418472e-07
2158	3.37965193491e-07
2159	3.37586568915e-07
2160	3.37208543516e-07
2161	3.36831116069e-07
2162	3.36454285353e-07
2163	3.36078050149e-07
2164	3.35702409242e-07
2165	3.35327361417e-07
2166	3.34952905467e-07
2167	3.34579040183e-07
2168	3.34205764363e-07
2169	3.33833076807e-07
2170	3.33460976315e-07
2171	3.33089461695e-07
2172	3.32718531754e-07
2173	3.32348185303e-07
2174	3.31978421157e-07
2175	3.31609238133e-07
2176	3.31240635052e-07
2177	3.30872610736e-07
2178	3.30505164011e-07
2179	3.30138293707e-07
2180	3.29771998656e-07
2181	3.29406277691e-07
2182	3.29041129652e-07
2183	3.28676553378e-07
2184	3.28312547713e-07
2185	3.27949111503e-07
2186	3.27586243597e-07
2187	3.27223942848e-07
2188	3.26862208111e-07
2189	3.26501038242e-07
2190	3.26140432103e-07
2191	3.25780388557e-07
2192	3.2542090647e-07
2193	3.2506198471e-07
2194	3.24703622151e-07
2195	3.24345817666e-07
2196	3.23988570132e-07
2197	3.2363187843e-07
2198	3.23275741443e-07
2199	3.22920158056e-07
2200	3.22565127157e-07
2201	3.22210647638e-07
2202	3.21856718392e-07
2203	3.21503338315e-07
2204	3.21150506308e-07
2205	3.20798221272e-07
2206	3.20446482112e-07
2207	3.20095287734e-07
2208	3.1974463705e-07
2209	3.19394528971e-07
2210	3.19044962413e-07
2211	3.18695936294e-07
2212	3.18347449534e-07
2213	3.17999501058e-07
2214	3.1765208979e-07
2215	3.1730521466e-07
2216	3.16958874598e-07
2217	3.16613068538e-07
2218	3.16267795418e-07
2219	3.15923054174e-07
2220	3.15578843751e-07
2221	3.1523516309e-07
2222	3.1489201114e-07
2223	3.14549386849e-07
2224	3.1420728917e-07
2225	3.13865717056e-07
2226	3.13524669465e-07
2227	3.13184145356e-07
2228	3.12844143691e-07
2229	3.12504663435e-07
2230	3.12165703554e-07
2231	3.11827263019e-07
2232	3.11489340802e-07
2233	3.11151935876e-07
2234	3.10815047219e-07
2235	3.10478673811e-07
2236	3.10142814633e-07
2237	3.0980746867e-07
2238	3.0947263491e-07
2239	3.0913831234e-07
2240	3.08804499953e-07
2241	3.08471196744e-07
2242	3.08138401709e-07
2243	3.07806113847e-07
2244	3.07474332159e-07
2245	3.0714305565e-07
2246	3.06812283326e-07
2247	3.06482014196e-07
2248	3.06152247271e-07
2249	3.05822981563e-07
2250	3.0549421609e-07
2251	3.05165949869e-07
2252	3.04838181921e-07
2253	3.04510911269e-07
2254	3.04184136939e-07
2255	3.03857857957e-07
2256	3.03532073354e-07
2257	3.03206782163e-07
2258	3.02881983417e-07
2259	3.02557676154e-07
2260	3.02233859413e-07
2261	3.01910532235e-07
2262	3.01587693666e-07
2263	3.01265342749e-07
2264	3.00943478535e-07
2265	3.00622100074e-07
2266	3.00301206418e-07
2267	2.99980796623e-07
2268	2.99660869747e-07
2269	2.99341424848e-07
2270	2.9902246099e-07
2271	2.98703977237e-07
2272	2.98385972654e-07
2273	2.98068446311e-07
2274	2.97751397278e-07
2275	2.97434824628e-07
2276	2.97118727438e-07
2277	2.96803104784e-07
2278	2.96487955746e-07
2279	2.96173279406e-07
2280	2.95859074848e-07
2281	2.95545341159e-07
2282	2.95232077426e-07
2283	2.9491928274e-07
2284	2.94606956195e-07
2285	2.94295096885e-07
2286	2.93983703906e-07
2287	2.93672776359e-07
2288	2.93362313344e-07
2289	2.93052313966e-07
2290	2.92742777329e-07
2291	2.92433702541e-07
2292	2.92125088712e-07
2293	2.91816934953e-07
2294	2.9150924038e-07
2295	2.91202004108e-07
2296	2.90895225254e-07
2297	2.9058890294e-07
2298	2.90283036288e-07
2299	2.89977624422e-07
2300	2.89672666468e-07
2301	2.89368161555e-07
2302	2.89064108814e-07
2303	2.88760507377e-07
2304	2.88457356378e-07
2305	2.88154654955e-07
2306	2.87852402247e-07
2307	2.87550597393e-07
2308	2.87249239536e-07
2309	2.86948327822e-07
2310	2.86647861398e-07
2311	2.86347839411e-07
2312	2.86048261012e-07
2313	2.85749125355e-07
2314	2.85450431594e-07
2315	2.85152178886e-07
2316	2.8485436639e-07
2317	2.84556993265e-07
2318	2.84260058675e-07
2319	2.83963561785e-07
2320	2.8366750176e-07
2321	2.8337187777e-07
2322	2.83076688984e-07
2323	2.82781934575e-07
2324	2.82487613717e-07
2325	2.82193725587e-07
2326	2.81900269363e-07
2327	2.81607244223e-07
2328	2.81314649352e-07
2329	2.81022483931e-07
2330	2.80730747148e-07
2331	2.80439438189e-07
2332	2.80148556245e-07
2333	2.79858100505e-07
2334	2.79568070165e-07
2335	2.79278464419e-07
2336	2.78989282463e-07
2337	2.78700523498e-07
2338	2.78412186723e-07
2339	2.7812427134e-07
2340	2.77836776556e-07
2341	2.77549701575e-07
2342	2.77263045606e-07
2343	2.76976807859e-07
2344	2.76690987545e-07
2345	2.76405583879e-07
2346	2.76120596075e-07
2347	2.7583602335e-07
2348	2.75551864924e-07
2349	2.75268120018e-07
2350	2.74984787854e-07
2351	2.74701867657e-07
2352	2.74419358652e-07
2353	2.74137260067e-07
2354	2.73855571133e-07
2355	2.73574291081e-07
2356	2.73293419145e-07
2357	2.73012954558e-07
2358	2.72732896558e-07
2359	2.72453244384e-07
2360	2.72173997276e-07
2361	2.71895154476e-07
2362	2.71616715227e-07
2363	2.71338678776e-07
2364	2.71061044369e-07
2365	2.70783811255e-07
2366	2.70506978685e-07
2367	2.70230545912e-07
2368	2.6995451219e-07
2369	2.69678876774e-07
2370	2.69403638922e-07
2371	2.69128797893e-07
2372	2.68854352948e-07
2373	2.6858030335e-07
2374	2.68306648363e-07
2375	2.68033387252e-07
2376	2.67760519286e-07
2377	2.67488043734e-07
2378	2.67215959867e-07
2379	2.66944266957e-07
2380	2.66672964279e-07
2381	2.66402051108e-07
2382	2.66131526723e-07
2383	2.65861390402e-07
2384	2.65591641426e-07
2385	2.65322279078e-07
2386	2.65053302642e-07
2387	2.64784711404e-07
2388	2.6451650465e-07
2389	2.64248681671e-07
2390	2.63981241756e-07
2391	2.63714184197e-07
2392	2.6344750829e-07
2393	2.63181213328e-07
2394	2.62915298609e-07
2395	2.62649763432e-07
2396	2.62384607097e-07
2397	2.62119828905e-07
2398	2.61855428159e-07
2399	2.61591404166e-07
2400	2.61327756231e-07
2401	2.61064483662e-07
2402	2.60801585768e-07
2403	2.60539061862e-07
2404	2.60276911255e-07
2405	2.60015133263e-07
2406	2.597537272e-07
2407	2.59492692384e-07
2408	2.59232028134e-07
2409	2.5897173377e-07
2410	2.58711808615e-07
2411	2.58452251991e-07
2412	2.58193063224e-07
2413	2.57934241641e-07
2414	2.57675786568e-07
2415	2.57417697337e-07
2416	2.57159973277e-07
2417	2.56902613721e-07
2418	2.56645618004e-07
2419	2.56388985461e-07
2420	2.56132715428e-07
2421	2.55876807244e-07
2422	2.5562126025e-07
2423	2.55366073787e-07
2424	2.55111247196e-07
2425	2.54856779824e-07
2426	2.54602671016e-07
2427	2.54348920118e-07
2428	2.54095526481e-07
2429	2.53842489453e-07
2430	2.53589808387e-07
2431	2.53337482636e-07
2432	2.53085511554e-07
2433	2.52833894497e-07
2434	2.52582630823e-07
2435	2.5233171989e-07
2436	2.5208116106e-07
2437	2.51830953692e-07
2438	2.51581097151e-07
2439	2.51331590801e-07
2440	2.51082434009e-07
2441	2.5083362614e-07
2442	2.50585166565e-07
2443	2.50337054652e-07
2444	2.50089289775e-07
2445	2.49841871305e-07
2446	2.49594798617e-07
2447	2.49348071087e-07
2448	2.49101688092e-07
2449	2.4885564901e-07
2450	2.48609953221e-07
2451	2.48364600106e-07
2452	2.48119589048e-07
2453	2.47874919431e-07
2454	2.4763059064e-07
2455	2.47386602062e-07
2456	2.47142953084e-07
2457	2.46899643097e-07
2458	2.4665667149e-07
2459	2.46414037657e-07
2460	2.46171740989e-07
2461	2.45929780883e-07
2462	2.45688156733e-07
2463	2.45446867938e-07
2464	2.45205913896e-07
2465	2.44965294007e-07
2466	2.44725007673e-07
2467	2.44485054296e-07
2468	2.4424543328e-07
2469	2.4400614403e-07
2470	2.43767185953e-07
2471	2.43528558457e-07
2472	2.43290260951e-07
2473	2.43052292846e-07
2474	2.42814653553e-07
2475	2.42577342485e-07
2476	2.42340359057e-07
2477	2.42103702684e-07
2478	2.41867372783e-07
2479	2.41631368773e-07
2480	2.41395690073e-07
2481	2.41160336103e-07
2482	2.40925306285e-07
2483	2.40690600043e-07
2484	2.40456216802e-07
2485	2.40222155986e-07
2486	2.39988417023e-07
2487	2.39754999342e-07
2488	2.39521902371e-07
2489	2.39289125542e-07
2490	2.39056668286e-07
2491	2.38824530037e-07
2492	2.38592710228e-07
2493	2.38361208297e-07
2494	2.38130023679e-07
2495	2.37899155813e-07
2496	2.37668604138e-07
2497	2.37438368094e-07
2498	2.37208447124e-07
2499	2.3697884067e-07
2500	2.36749548177e-07
2501	2.3652056909e-07
2502	2.36291902855e-07
2503	2.36063548921e-07
2504	2.35835506736e-07
2505	2.3560777575e-07
2506	2.35380355415e-07
2507	2.35153245184e-07
2508	2.3492644451e-07
2509	2.34699952848e-07
2510	2.34473769654e-07
2511	2.34247894385e-07
2512	2.340223265e-07
2513	2.33797065459e-07
2514	2.33572110721e-07
2515	2.3334746175e-07
2516	2.33123118008e-07
2517	2.3289907896e-07
2518	2.3267534407e-07
2519	2.32451912805e-07
2520	2.32228784634e-07
2521	2.32005959025e-07
2522	2.31783435447e-07
2523	2.31561213372e-07
2524	2.31339292273e-07
2525	2.31117671622e-07
2526	2.30896350894e-07
2527	2.30675329565e-07
2528	2.30454607111e-07
2529	2.30234183011e-07
2530	2.30014056743e-07
2531	2.29794227787e-07
2532	2.29574695626e-07
2533	2.2935545974e-07
2534	2.29136519614e-07
2535	2.28917874731e-07
2536	2.28699524579e-07
2537	2.28481468643e-07
2538	2.28263706411e-07
2539	2.28046237372e-07
2540	2.27829061016e-07
2541	2.27612176835e-07
2542	2.27395584321e-07
2543	2.27179282966e-07
2544	2.26963272265e-07
2545	2.26747551714e-07
2546	2.26532120809e-07
2547	2.26316979047e-07
2548	2.26102125928e-07
2549	2.25887560951e-07
2550	2.25673283616e-07
2551	2.25459293427e-07
2552	2.25245589884e-07
2553	2.25032172494e-07
2554	2.24819040759e-07
2555	2.24606194188e-07
2556	2.24393632285e-07
2557	2.24181354561e-07
2558	2.23969360523e-07
2559	2.23757649683e-07
2560	2.23546221551e-07
2561	2.2333507564e-07
2562	2.23124211463e-07
2563	2.22913628534e-07
2564	2.22703326368e-07
2565	2.22493304483e-07
2566	2.22283562396e-07
2567	2.22074099625e-07
2568	2.21864915689e-07
2569	2.21656010108e-07
2570	2.21447382406e-07
2571	2.21239032103e-07
2572	2.21030958724e-07
2573	2.20823161792e-07
2574	2.20615640834e-07
2575	2.20408395376e-07
2576	2.20201424945e-07
2577	2.1999472907e-07
2578	2.19788307281e-07
2579	2.19582159107e-07
2580	2.1937628408e-07
2581	2.19170681733e-07
2582	2.189653516e-07
2583	2.18760293213e-07
2584	2.1855550611e-07
2585	2.18350989826e-07
2586	2.18146743898e-07
2587	2.17942767865e-07
2588	2.17739061267e-07
2589	2.17535623642e-07
2590	2.17332454533e-07
2591	2.17129553482e-07
2592	2.16926920031e-07
2593	2.16724553725e-07
2594	2.16522454109e-07
2595	2.16320620729e-07
2596	2.16119053131e-07
2597	2.15917750863e-07
2598	2.15716713475e-07
2599	2.15515940516e-07
2600	2.15315431536e-07
2601	2.15115186087e-07
2602	2.14915203723e-07
2603	2.14715483995e-07
2604	2.14516026459e-07
2605	2.1431683067e-07
2606	2.14117896184e-07
2607	2.13919222559e-07
2608	2.13720809352e-07
2609	2.13522656122e-07
2610	2.1332476243e-07
2611	2.13127127836e-07
2612	2.12929751902e-07
2613	2.1273263419e-07
2614	2.12535774265e-07
2615	2.1233917169e-07
2616	2.12142826032e-07
2617	2.11946736855e-07
2618	2.11750903728e-07
2619	2.11555326218e-07
2620	2.11360003895e-07
2621	2.11164936328e-07
2622	2.10970123088e-07
2623	2.10775563747e-07
2624	2.10581257877e-07
2625	2.10387205051e-07
2626	2.10193404844e-07
2627	2.09999856831e-07
2628	2.09806560588e-07
2629	2.09613515692e-07
2630	2.0942072172e-07
2631	2.09228178252e-07
2632	2.09035884866e-07
2633	2.08843841143e-07
2634	2.08652046665e-07
2635	2.08460501013e-07
2636	2.08269203771e-07
2637	2.08078154522e-07
2638	2.0788735285e-07
2639	2.07696798342e-07
2640	2.07506490584e-07
2641	2.07316429162e-07
2642	2.07126613666e-07
2643	2.06937043683e-07
2644	2.06747718804e-07
2645	2.06558638619e-07
2646	2.0636980272e-07
2647	2.06181210699e-07
2648	2.05992862149e-07
2649	2.05804756663e-07
2650	2.05616893838e-07
2651	2.05429273268e-07
2652	2.05241894549e-07
2653	2.05054757279e-07
2654	2.04867861057e-07
2655	2.0468120548e-07
2656	2.04494790149e-07
2657	2.04308614663e-07
2658	2.04122678626e-07
2659	2.03936981637e-07
2660	2.03751523302e-07
2661	2.03566303222e-07
2662	2.03381321003e-07
2663	2.03196576251e-07
2664	2.03012068571e-07
2665	2.0282779757e-07
2666	2.02643762856e-07
2667	2.02459964038e-07
2668	2.02276400725e-07
2669	2.02093072527e-07
2670	2.01909979055e-07
2671	2.01727119921e-07
2672	2.01544494738e-07
2673	2.01362103118e-07
2674	2.01179944676e-07
2675	2.00998019027e-07
2676	2.00816325786e-07
2677	2.00634864569e-07
2678	2.00453634995e-07
2679	2.00272636681e-07
2680	2.00091869245e-07
2681	1.99911332308e-07
2682	1.99731025489e-07
2683	1.99550948409e-07
2684	1.99371100691e-07
2685	1.99191481957e-07
2686	1.9901209183e-07
2687	1.98832929935e-07
2688	1.98653995896e-07
2689	1.98475289339e-07
2690	1.9829680989e-07
2691	1.98118557177e-07
2692	1.97940530827e-07
2693	1.97762730469e-07
2694	1.97585155732e-07
2695	1.97407806247e-07
2696	1.97230681643e-07
2697	1.97053781554e-07
2698	1.96877105611e-07
2699	1.96700653447e-07
2700	1.96524424697e-07
2701	1.96348418994e-07
2702	1.96172635974e-07
2703	1.95997075273e-07
2704	1.95821736528e-07
2705	1.95646619376e-07
2706	1.95471723455e-07
2707	1.95297048405e-07
2708	1.95122593865e-07
2709	1.94948359475e-07
2710	1.94774344876e-07
2711	1.9460054971e-07
2712	1.94426973621e-07
2713	1.9425361625e-07
2714	1.94080477242e-07
2715	1.93907556242e-07
2716	1.93734852895e-07
2717	1.93562366846e-07
2718	1.93390097744e-07
2719	1.93218045234e-07
2720	1.93046208966e-07
2721	1.92874588589e-07
2722	1.92703183751e-07
2723	1.92531994103e-07
2724	1.92361019297e-07
2725	1.92190258983e-07
2726	1.92019712815e-07
2727	1.91849380445e-07
2728	1.91679261527e-07
2729	1.91509355715e-07
2730	1.91339662664e-07
2731	1.91170182031e-07
2732	1.91000913472e-07
2733	1.90831856643e-07
2734	1.90663011204e-07
2735	1.90494376811e-07
2736	1.90325953126e-07
2737	1.90157739806e-07
2738	1.89989736513e-07
2739	1.89821942909e-07
2740	1.89654358654e-07
2741	1.89486983412e-07
2742	1.89319816846e-07
2743	1.8915285862e-07
2744	1.88986108397e-07
2745	1.88819565844e-07
2746	1.88653230626e-07
2747	1.8848710241e-07
2748	1.88321180863e-07
2749	1.88155465653e-07
2750	1.87989956448e-07
2751	1.87824652918e-07
2752	1.87659554732e-07
2753	1.8749466156e-07
2754	1.87329973075e-07
2755	1.87165488947e-07
2756	1.87001208849e-07
2757	1.86837132454e-07
2758	1.86673259435e-07
2759	1.86509589468e-07
2760	1.86346122226e-07
2761	1.86182857386e-07
2762	1.86019794624e-07
2763	1.85856933616e-07
2764	1.85694274041e-07
2765	1.85531815575e-07
2766	1.85369557899e-07
2767	1.85207500691e-07
2768	1.85045643632e-07
2769	1.84883986401e-07
2770	1.84722528681e-07
2771	1.84561270153e-07
2772	1.844002105e-07
2773	1.84239349405e-07
2774	1.84078686551e-07
2775	1.83918221624e-07
2776	1.83757954307e-07
2777	1.83597884287e-07
2778	1.8343801125e-07
2779	1.83278334882e-07
2780	1.83118854871e-07
2781	1.82959570906e-07
2782	1.82800482674e-07
2783	1.82641589866e-07
2784	1.8248289217e-07
2785	1.82324389277e-07
2786	1.82166080879e-07
2787	1.82007966667e-07
2788	1.81850046333e-07
2789	1.81692319571e-07
2790	1.81534786073e-07
2791	1.81377445534e-07
2792	1.81220297648e-07
2793	1.81063342111e-07
2794	1.80906578618e-07
2795	1.80750006867e-07
2796	1.80593626553e-07
2797	1.80437437374e-07
2798	1.8028143903e-07
2799	1.80125631217e-07
2800	1.79970013637e-07
2801	1.79814585988e-07
2802	1.79659347972e-07
2803	1.79504299289e-07
2804	1.79349439641e-07
2805	1.7919476873e-07
2806	1.79040286259e-07
2807	1.78885991931e-07
2808	1.78731885452e-07
2809	1.78577966524e-07
2810	1.78424234853e-07
2811	1.78270690145e-07
2812	1.78117332105e-07
2813	1.77964160442e-07
2814	1.77811174862e-07
2815	1.77658375073e-07
2816	1.77505760784e-07
2817	1.77353331703e-07
2818	1.7720108754e-07
2819	1.77049028006e-07
2820	1.76897152812e-07
2821	1.76745461667e-07
2822	1.76593954285e-07
2823	1.76442630378e-07
2824	1.76291489659e-07
2825	1.7614053184e-07
2826	1.75989756637e-07
2827	1.75839163764e-07
2828	1.75688752935e-07
2829	1.75538523867e-07
2830	1.75388476277e-07
2831	1.75238609879e-07
2832	1.75088924393e-07
2833	1.74939419536e-07
2834	1.74790095025e-07
2835	1.74640950581e-07
2836	1.74491985923e-07
2837	1.7434320077e-07
2838	1.74194594843e-07
2839	1.74046167864e-07
2840	1.73897919554e-07
2841	1.73749849634e-07
2842	1.73601957828e-07
2843	1.73454243859e-07
2844	1.73306707451e-07
2845	1.73159348327e-07
2846	1.73012166213e-07
2847	1.72865160834e-07
2848	1.72718331916e-07
2849	1.72571679185e-07
2850	1.72425202368e-07
2851	1.72278901192e-07
2852	1.72132775385e-07
2853	1.71986824676e-07
2854	1.71841048794e-07
2855	1.71695447467e-07
2856	1.71550020427e-07
2857	1.71404767403e-07
2858	1.71259688126e-07
2859	1.71114782328e-07
2860	1.70970049742e-07
2861	1.70825490098e-07
2862	1.70681103132e-07
2863	1.70536888575e-07
2864	1.70392846162e-07
2865	1.70248975628e-07
2866	1.70105276707e-07
2867	1.69961749135e-07
2868	1.69818392648e-07
2869	1.69675206984e-07
2870	1.69532191877e-07
2871	1.69389347067e-07
2872	1.69246672291e-07
2873	1.69104167288e-07
2874	1.68961831797e-07
2875	1.68819665557e-07
2876	1.68677668308e-07
2877	1.6853583979e-07
2878	1.68394179746e-07
2879	1.68252687915e-07
2880	1.68111364041e-07
2881	1.67970207865e-07
2882	1.6782921913e-07
2883	1.6768839758e-07
2884	1.67547742959e-07
2885	1.67407255011e-07
2886	1.6726693348e-07
2887	1.67126778113e-07
2888	1.66986788655e-07
2889	1.66846964851e-07
2890	1.6670730645e-07
2891	1.66567813198e-07
2892	1.66428484843e-07
2893	1.66289321133e-07
2894	1.66150321816e-07
2895	1.66011486642e-07
2896	1.65872815361e-07
2897	1.65734307722e-07
2898	1.65595963476e-07
2899	1.65457782373e-07
2900	1.65319764166e-07
2901	1.65181908606e-07
2902	1.65044215446e-07
2903	1.64906684438e-07
2904	1.64769315336e-07
2905	1.64632107894e-07
2906	1.64495061865e-07
2907	1.64358177004e-07
2908	1.64221453067e-07
2909	1.64084889809e-07
2910	1.63948486986e-07
2911	1.63812244354e-07
2912	1.63676161672e-07
2913	1.63540238695e-07
2914	1.63404475181e-07
2915	1.6326887089e-07
2916	1.6313342558e-07
2917	1.6299813901e-07
2918	1.62863010939e-07
2919	1.62728041128e-07
2920	1.62593229338e-07
2921	1.62458575329e-07
2922	1.62324078862e-07
2923	1.621897397e-07
2924	1.62055557605e-07
2925	1.61921532339e-07
2926	1.61787663667e-07
2927	1.6165395135e-07
2928	1.61520395155e-07
2929	1.61386994844e-07
2930	1.61253750183e-07
2931	1.61120660937e-07
2932	1.60987726872e-07
2933	1.60854947755e-07
2934	1.60722323352e-07
2935	1.60589853429e-07
2936	1.60457537756e-07
2937	1.60325376099e-07
2938	1.60193368226e-07
2939	1.60061513908e-07
2940	1.59929812912e-07
2941	1.59798265009e-07
2942	1.59666869969e-07
2943	1.59535627562e-07
2944	1.5940453756e-07
2945	1.59273599732e-07
2946	1.59142813852e-07
2947	1.59012179692e-07
2948	1.58881697023e-07
2949	1.5875136562e-07
2950	1.58621185255e-07
2951	1.58491155703e-07
2952	1.58361276737e-07
2953	1.58231548133e-07
2954	1.58101969665e-07
2955	1.5797254111e-07
2956	1.57843262242e-07
2957	1.57714132838e-07
2958	1.57585152676e-07
2959	1.57456321531e-07
2960	1.57327639182e-07
2961	1.57199105407e-07
2962	1.57070719985e-07
2963	1.56942482693e-07
2964	1.56814393311e-07
2965	1.56686451618e-07
2966	1.56558657396e-07
2967	1.56431010423e-07
2968	1.56303510481e-07
2969	1.56176157351e-07
2970	1.56048950815e-07
2971	1.55921890654e-07
2972	1.55794976652e-07
2973	1.5566820859e-07
2974	1.55541586252e-07
2975	1.55415109422e-07
2976	1.55288777883e-07
2977	1.5516259142e-07
2978	1.55036549818e-07
2979	1.54910652862e-07
2980	1.54784900336e-07
2981	1.54659292029e-07
2982	1.54533827724e-07
2983	1.5440850721e-07
2984	1.54283330273e-07
2985	1.54158296702e-07
2986	1.54033406283e-07
2987	1.53908658804e-07
2988	1.53784054056e-07
2989	1.53659591826e-07
2990	1.53535271904e-07
2991	1.5341109408e-07
2992	1.53287058144e-07
2993	1.53163163886e-07
2994	1.53039411098e-07
2995	1.52915799571e-07
2996	1.52792329095e-07
2997	1.52668999465e-07
2998	1.52545810471e-07
2999	1.52422761907e-07
3000	1.52299853566e-07
3001	1.52177085241e-07
3002	1.52054456726e-07
3003	1.51931967817e-07
3004	1.51809618306e-07
3005	1.5168740799e-07
3006	1.51565336663e-07
3007	1.51443404122e-07
3008	1.51321610163e-07
3009	1.51199954582e-07
3010	1.51078437176e-07
3011	1.50957057742e-07
3012	1.50835816078e-07
3013	1.50714711982e-07
3014	1.50593745252e-07
3015	1.50472915687e-07
3016	1.50352223086e-07
3017	1.50231667248e-07
3018	1.50111247974e-07
3019	1.49990965063e-07
3020	1.49870818315e-07
3021	1.49750807532e-07
3022	1.49630932515e-07
3023	1.49511193066e-07
3024	1.49391588985e-07
3025	1.49272120077e-07
3026	1.49152786142e-07
3027	1.49033586985e-07
3028	1.48914522408e-07
3029	1.48795592216e-07
3030	1.48676796212e-07
3031	1.48558134201e-07
3032	1.48439605987e-07
3033	1.48321211375e-07
3034	1.48202950172e-07
3035	1.48084822182e-07
3036	1.47966827212e-07
3037	1.47848965068e-07
3038	1.47731235558e-07
3039	1.47613638488e-07
3040	1.47496173666e-07
3041	1.47378840899e-07
3042	1.47261639996e-07
3043	1.47144570766e-07
3044	1.47027633017e-07
3045	1.46910826559e-07
3046	1.467941512e-07
3047	1.46677606752e-07
3048	1.46561193024e-07
3049	1.46444909826e-07
3050	1.46328756971e-07
3051	1.46212734268e-07
3052	1.46096841529e-07
3053	1.45981078567e-07
3054	1.45865445194e-07
3055	1.45749941222e-07
3056	1.45634566464e-07
3057	1.45519320734e-07
3058	1.45404203844e-07
3059	1.4528921561e-07
3060	1.45174355844e-07
3061	1.45059624362e-07
3062	1.44945020979e-07
3063	1.44830545509e-07
3064	1.44716197769e-07
3065	1.44601977574e-07
3066	1.44487884741e-07
3067	1.44373919085e-07
3068	1.44260080424e-07
3069	1.44146368575e-07
3070	1.44032783355e-07
3071	1.43919324583e-07
3072	1.43805992075e-07
3073	1.43692785652e-07
3074	1.43579705131e-07
3075	1.43466750332e-07
3076	1.43353921075e-07
3077	1.43241217177e-07
3078	1.43128638461e-07
3079	1.43016184746e-07
3080	1.42903855853e-07
3081	1.42791651603e-07
3082	1.42679571817e-07
3083	1.42567616317e-07
3084	1.42455784924e-07
3085	1.42344077462e-07
3086	1.42232493752e-07
3087	1.42121033618e-07
3088	1.42009696883e-07
3089	1.41898483369e-07
3090	1.41787392902e-07
3091	1.41676425304e-07
3092	1.41565580401e-07
3093	1.41454858018e-07
3094	1.41344257978e-07
3095	1.41233780108e-07
3096	1.41123424234e-07
3097	1.4101319018e-07
3098	1.40903077774e-07
3099	1.40793086842e-07
3100	1.40683217211e-07
3101	1.40573468708e-07
3102	1.40463841161e-07
3103	1.40354334396e-07
3104	1.40244948244e-07
3105	1.4013568253e-07
3106	1.40026537086e-07
3107	1.39917511738e-07
3108	1.39808606318e-07
3109	1.39699820653e-07
3110	1.39591154575e-07
3111	1.39482607912e-07
3112	1.39374180497e-07
3113	1.39265872159e-07
3114	1.39157682729e-07
3115	1.39049612039e-07
3116	1.38941659921e-07
3117	1.38833826205e-07
3118	1.38726110726e-07
3119	1.38618513314e-07
3120	1.38511033804e-07
3121	1.38403672027e-07
3122	1.38296427818e-07
3123	1.38189301009e-07
3124	1.38082291436e-07
3125	1.37975398932e-07
3126	1.37868623331e-07
3127	1.37761964469e-07
3128	1.37655422181e-07
3129	1.37548996302e-07
3130	1.37442686667e-07
3131	1.37336493113e-07
3132	1.37230415477e-07
3133	1.37124453593e-07
3134	1.370186073e-07
3135	1.36912876434e-07
3136	1.36807260832e-07
3137	1.36701760333e-07
3138	1.36596374775e-07
3139	1.36491103995e-07
3140	1.36385947831e-07
3141	1.36280906124e-07
3142	1.36175978711e-07
3143	1.36071165433e-07
3144	1.35966466128e-07
3145	1.35861880637e-07
3146	1.35757408799e-07
3147	1.35653050456e-07
3148	1.35548805448e-07
3149	1.35444673615e-07
3150	1.353406548e-07
3151	1.35236748843e-07
3152	1.35132955587e-07
3153	1.35029274873e-07
3154	1.34925706544e-07
3155	1.34822250443e-07
3156	1.34718906412e-07
3157	1.34615674294e-07
3158	1.34512553933e-07
3159	1.34409545173e-07
3160	1.34306647857e-07
3161	1.3420386183e-07
3162	1.34101186937e-07
3163	1.33998623021e-07
3164	1.33896169929e-07
3165	1.33793827505e-07
3166	1.33691595594e-07
3167	1.33589474044e-07
3168	1.33487462699e-07
3169	1.33385561406e-07
3170	1.33283770012e-07
3171	1.33182088364e-07
3172	1.33080516308e-07
3173	1.32979053692e-07
3174	1.32877700365e-07
3175	1.32776456173e-07
3176	1.32675320964e-07
3177	1.32574294588e-07
3178	1.32473376893e-07
3179	1.32372567728e-07
3180	1.32271866942e-07
3181	1.32171274385e-07
3182	1.32070789906e-07
3183	1.31970413355e-07
3184	1.31870144583e-07
3185	1.3176998344e-07
3186	1.31669929776e-07
3187	1.31569983443e-07
3188	1.31470144292e-07
3189	1.31370412175e-07
3190	1.31270786942e-07
3191	1.31171268447e-07
3192	1.31071856542e-07
3193	1.30972551078e-07
3194	1.30873351909e-07
3195	1.30774258888e-07
3196	1.30675271867e-07
3197	1.30576390701e-07
3198	1.30477615244e-07
3199	1.30378945348e-07
3200	1.30280380869e-07
3201	1.30181921661e-07
3202	1.30083567579e-07
3203	1.29985318477e-07
3204	1.29887174211e-07
3205	1.29789134637e-07
3206	1.29691199609e-07
3207	1.29593368985e-07
3208	1.2949564262e-07
3209	1.2939802037e-07
3210	1.29300502093e-07
3211	1.29203087645e-07
3212	1.29105776884e-07
3213	1.29008569666e-07
3214	1.2891146585e-07
3215	1.28814465294e-07
3216	1.28717567855e-07
3217	1.28620773392e-07
3218	1.28524081763e-07
3219	1.28427492828e-07
3220	1.28331006446e-07
3221	1.28234622475e-07
3222	1.28138340775e-07
3223	1.28042161207e-07
3224	1.2794608363e-07
3225	1.27850107904e-07
3226	1.2775423389e-07
3227	1.27658461449e-07
3228	1.27562790442e-07
3229	1.27467220729e-07
3230	1.27371752173e-07
3231	1.27276384635e-07
3232	1.27181117976e-07
3233	1.2708595206e-07
3234	1.26990886747e-07
3235	1.26895921902e-07
3236	1.26801057387e-07
3237	1.26706293064e-07
3238	1.26611628797e-07
3239	1.2651706445e-07
3240	1.26422599886e-07
3241	1.2632823497e-07
3242	1.26233969565e-07
3243	1.26139803536e-07
3244	1.26045736748e-07
3245	1.25951769064e-07
3246	1.25857900352e-07
3247	1.25764130475e-07
3248	1.256704593e-07
3249	1.25576886692e-07
3250	1.25483412517e-07
3251	1.25390036641e-07
3252	1.25296758931e-07
3253	1.25203579254e-07
3254	1.25110497476e-07
3255	1.25017513464e-07
3256	1.24924627087e-07
3257	1.2483183821e-07
3258	1.24739146703e-07
3259	1.24646552433e-07
3260	1.24554055268e-07
3261	1.24461655077e-07
3262	1.24369351728e-07
3263	1.24277145091e-07
3264	1.24185035034e-07
3265	1.24093021426e-07
3266	1.24001104138e-07
3267	1.23909283039e-07
3268	1.23817557998e-07
3269	1.23725928886e-07
3270	1.23634395574e-07
3271	1.23542957932e-07
3272	1.2345161583e-07
3273	1.23360369141e-07
3274	1.23269217734e-07
3275	1.23178161482e-07
3276	1.23087200256e-07
3277	1.22996333928e-07
3278	1.2290556237e-07
3279	1.22814885454e-07
3280	1.22724303054e-07
3281	1.22633815041e-07
3282	1.22543421288e-07
3283	1.22453121669e-07
3284	1.22362916058e-07
3285	1.22272804327e-07
3286	1.2218278635e-07
3287	1.22092862001e-07
3288	1.22003031155e-07
3289	1.21913293686e-07
3290	1.21823649469e-07
3291	1.21734098377e-07
3292	1.21644640287e-07
3293	1.21555275074e-07
3294	1.21466002612e-07
3295	1.21376822778e-07
3296	1.21287735448e-07
3297	1.21198740496e-07
3298	1.21109837801e-07
3299	1.21021027237e-07
3300	1.20932308683e-07
3301	1.20843682013e-07
3302	1.20755147107e-07
3303	1.2066670384e-07
3304	1.2057835209e-07
3305	1.20490091736e-07
3306	1.20401922654e-07
3307	1.20313844723e-07
3308	1.20225857822e-07
3309	1.20137961827e-07
3310	1.20050156619e-07
3311	1.19962442076e-07
3312	1.19874818078e-07
3313	1.19787284502e-07
3314	1.19699841229e-07
3315	1.19612488139e-07
3316	1.19525225111e-07
3317	1.19438052025e-07
3318	1.19350968762e-07
3319	1.19263975201e-07
3320	1.19177071224e-07
3321	1.19090256712e-07
3322	1.19003531545e-07
3323	1.18916895604e-07
3324	1.18830348772e-07
3325	1.18743890928e-07
3326	1.18657521957e-07
3327	1.18571241738e-07
3328	1.18485050155e-07
3329	1.1839894709e-07
3330	1.18312932425e-07
3331	1.18227006043e-07
3332	1.18141167827e-07
3333	1.18055417661e-07
3334	1.17969755427e-07
3335	1.17884181008e-07
3336	1.1779869429e-07
3337	1.17713295155e-07
3338	1.17627983487e-07
3339	1.17542759171e-07
3340	1.17457622092e-07
3341	1.17372572134e-07
3342	1.17287609181e-07
3343	1.17202733119e-07
3344	1.17117943833e-07
3345	1.17033241208e-07
3346	1.1694862513e-07
3347	1.16864095485e-07
3348	1.16779652158e-07
3349	1.16695295036e-07
3350	1.16611024004e-07
3351	1.1652683895e-07
3352	1.16442739761e-07
3353	1.16358726322e-07
3354	1.16274798521e-07
3355	1.16190956245e-07
3356	1.16107199382e-07
3357	1.16023527819e-07
3358	1.15939941444e-07
3359	1.15856440145e-07
3360	1.1577302381e-07
3361	1.15689692327e-07
3362	1.15606445585e-07
3363	1.15523283473e-07
3364	1.15440205878e-07
3365	1.15357212691e-07
3366	1.15274303801e-07
3367	1.15191479096e-07
3368	1.15108738467e-07
3369	1.15026081803e-07
3370	1.14943508994e-07
3371	1.1486101993e-07
3372	1.14778614502e-07
3373	1.14696292599e-07
3374	1.14614054113e-07
3375	1.14531898934e-07
3376	1.14449826954e-07
3377	1.14367838063e-07
3378	1.14285932152e-07
3379	1.14204109114e-07
3380	1.14122368839e-07
3381	1.14040711221e-07
3382	1.1395913615e-07
3383	1.13877643519e-07
3384	1.1379623322e-07
3385	1.13714905146e-07
3386	1.13633659189e-07
3387	1.13552495243e-07
3388	1.134714132e-07
3389	1.13390412953e-07
3390	1.13309494397e-07
3391	1.13228657424e-07
3392	1.13147901929e-07
3393	1.13067227805e-07
3394	1.12986634945e-07
3395	1.12906123246e-07
3396	1.128256926e-07
3397	1.12745342903e-07
3398	1.12665074049e-07
3399	1.12584885933e-07
3400	1.1250477845e-07
3401	1.12424751496e-07
3402	1.12344804965e-07
3403	1.12264938754e-07
3404	1.12185152758e-07
3405	1.12105446873e-07
3406	1.12025820995e-07
3407	1.1194627502e-07
3408	1.11866808846e-07
3409	1.11787422367e-07
3410	1.11708115482e-07
3411	1.11628888087e-07
3412	1.11549740078e-07
3413	1.11470671354e-07
3414	1.11391681812e-07
3415	1.11312771348e-07
3416	1.11233939862e-07
3417	1.1115518725e-07
3418	1.11076513411e-07
3419	1.10997918244e-07
3420	1.10919401645e-07
3421	1.10840963515e-07
3422	1.10762603751e-07
3423	1.10684322252e-07
3424	1.10606118918e-07
3425	1.10527993647e-07
3426	1.10449946339e-07
3427	1.10371976894e-07
3428	1.1029408521e-07
3429	1.10216271189e-07
3430	1.10138534729e-07
3431	1.10060875731e-07
3432	1.09983294095e-07
3433	1.09905789722e-07
3434	1.09828362512e-07
3435	1.09751012366e-07
3436	1.09673739184e-07
3437	1.09596542869e-07
3438	1.0951942332e-07
3439	1.0944238044e-07
3440	1.0936541413e-07
3441	1.09288524292e-07
3442	1.09211710827e-07
3443	1.09134973637e-07
3444	1.09058312625e-07
3445	1.08981727693e-07
3446	1.08905218744e-07
3447	1.08828785679e-07
3448	1.08752428402e-07
3449	1.08676146815e-07
3450	1.08599940822e-07
3451	1.08523810326e-07
3452	1.0844775523e-07
3453	1.08371775438e-07
3454	1.08295870854e-07
3455	1.0822004138e-07
3456	1.08144286922e-07
3457	1.08068607383e-07
3458	1.07993002668e-07
3459	1.07917472681e-07
3460	1.07842017326e-07
3461	1.07766636509e-07
3462	1.07691330134e-07
3463	1.07616098106e-07
3464	1.0754094033e-07
3465	1.07465856712e-07
3466	1.07390847157e-07
3467	1.07315911571e-07
3468	1.07241049859e-07
3469	1.07166261928e-07
3470	1.07091547683e-07
3471	1.07016907031e-07
3472	1.06942339878e-07
3473	1.0686784613e-07
3474	1.06793425694e-07
3475	1.06719078478e-07
3476	1.06644804387e-07
3477	1.06570603329e-07
3478	1.06496475211e-07
3479	1.0642241994e-07
3480	1.06348437425e-07
3481	1.06274527572e-07
3482	1.06200690289e-07
3483	1.06126925485e-07
3484	1.06053233068e-07
3485	1.05979612945e-07
3486	1.05906065025e-07
3487	1.05832589216e-07
3488	1.05759185428e-07
3489	1.05685853568e-07
3490	1.05612593547e-07
3491	1.05539405272e-07
3492	1.05466288654e-07
3493	1.05393243601e-07
3494	1.05320270024e-07
3495	1.05247367831e-07
3496	1.05174536932e-07
3497	1.05101777238e-07
3498	1.05029088658e-07
3499	1.04956471103e-07
3500	1.04883924483e-07
